199376 37309069.123267 194429495.039011 363.514343 42 3.574259 19.138918 -34290271.737142 24553881.579546 425501.416410 42 131
199377 37308996.408210 194429495.039011 384.418304 42 3.574252 19.138685 -34290269.066700 24553883.403201 425590.408688 42 131
199378 37308922.122633 194429495.039011 392.939850 41 3.574245 19.138454 -34290266.396146 24553885.226583 425679.398707 42 131
199379 37308891.349174 194429495.039011 385.494446 41 3.574239 19.138222 -34290263.725478 24553887.049690 425768.386453 42 131
199380 37308815.650130 194429495.039011 396.174316 41 3.574233 19.137989 -34290261.054696 24553888.872523 425857.371951 42 131
199381 37308737.665106 194429495.039011 408.291290 41 3.574227 19.137758 -34290258.383800 24553890.695083 425946.355188 42 131
199382 37308657.830360 194429495.039011 418.617737 41 3.574221 19.137526 -34290255.712791 24553892.517368 426035.336164 42 131
199386 37308432.216495 194429495.039011 395.018951 38 3.574197 19.136597 -34290245.027622 24553899.803769 426391.237407 42 131
199387 37308361.787416 194429495.039011 366.417175 38 3.574190 19.136364 -34290242.356046 24553901.624684 426480.207063 42 131
199388 37308295.249736 194429495.039011 346.766876 38 3.574183 19.136131 -34290239.684357 24553903.445325 426569.174453 42 131
199389 37308228.991259 194429495.039011 345.557861 38 3.574176 19.135899 -34290237.012555 24553905.265692 426658.139578 42 131
199395 37307813.231097 194429495.039011 394.519440 40 3.574133 19.134502 -34290220.979365 24553916.182135 427191.882733 42 131
199396 37307742.540264 194429495.039011 372.322235 40 3.574127 19.134270 -34290218.306771 24553918.000582 427280.831989 42 131
199397 37307674.798519 194429495.039011 357.739990 40 3.574120 19.134037 -34290215.634064 24553919.818755 427369.778976 42 131
199398 37307605.486254 194429495.039011 366.254028 40 3.574112 19.133802 -34290212.961244 24553921.636654 427458.723693 42 131
199402 37307299.575212 194429495.039011 421.931000 40 3.574084 19.132872 -34290202.268837 24553928.905505 427814.479863 42 131
199404 37307220.682778 194429495.039011 389.891144 40 3.574068 19.132404 -34290196.921958 24553932.538284 427992.344298 42 131
199405 37307150.070472 194429495.039011 369.416077 40 3.574060 19.132172 -34290194.248349 24553934.354262 428081.273116 42 131
199406 37307079.999122 194429495.039011 369.173737 40 3.574054 19.131939 -34290191.574627 24553936.169965 428170.199660 42 131
199407 37307010.364029 194429495.039011 367.265717 40 3.574046 19.131704 -34290188.900793 24553937.985394 428259.123931 42 131
199413 37306631.266773 194429495.039011 367.653595 40 3.574001 19.130304 -34290172.855427 24553948.872202 428792.621763 42 131
199414 37306562.059210 194429495.039011 361.370178 40 3.573993 19.130070 -34290170.180806 24553950.685708 428881.530104 42 131
199415 37306492.144912 194429495.039011 365.662140 40 3.573986 19.129837 -34290167.506073 24553952.498941 428970.436168 42 131
199416 37306421.663483 194429495.039011 369.013885 40 3.573978 19.129604 -34290164.831227 24553954.311898 429059.339953 42 131
199417 37306351.461257 194429495.039011 369.769806 40 3.573971 19.129370 -34290162.156270 24553956.124581 429148.241460 42 131
199418 37306281.922139 194429495.039011 366.975861 40 3.573963 19.129135 -34290159.481200 24553957.936989 429237.140688 42 131
199426 37305718.332457 194429495.039011 369.022247 42 3.573910 19.127264 -34290138.076608 24553972.426362 429948.252411 42 131
199427 37305725.015890 194429495.039011 358.199341 40 3.573904 19.127029 -34290135.400532 24553974.236297 430037.131084 42 131
199428 37305658.242632 194429495.039011 346.119598 40 3.573898 19.126795 -34290132.724342 24553976.045957 430126.007495 42 131
199429 37305591.635151 194429495.539011 345.497406 40 3.573892 19.126562 -34290130.048041 24553977.855341 430214.881623 42 131
199430 37305516.930769 194429495.539011 345.982727 40 3.573885 19.126328 -34290127.371629 24553979.664452 430303.753467 42 131
199437 37305052.885854 194429495.539011 346.418579 43 3.573842 19.124685 -34290108.633615 24553992.320521 430925.792352 42 131
199438 37304986.705903 194429495.539011 344.371490 43 3.573837 19.124453 -34290105.956310 24553994.127431 431014.645900 42 131
199439 37304920.630653 194429495.539011 343.742889 43 3.573830 19.124218 -34290103.278894 24553995.934066 431103.497160 42 131
199440 37304854.537954 194429495.539011 343.858551 43 3.573824 19.123981 -34290100.601366 24553997.740425 431192.346130 42 131
199441 37304788.480154 194429495.539011 343.651947 43 3.573818 19.123747 -34290097.923727 24553999.546510 431281.192810 42 131
199442 37304722.073351 194429495.539011 345.608093 43 3.573813 19.123512 -34290095.245977 24554001.352319 431370.037200 42 131
199446 37304455.974981 194429495.539011 345.845642 43 3.573790 19.122572 -34290084.533865 24554008.572803 431725.391845 42 131
199447 37304389.838655 194429495.539011 344.115814 43 3.573784 19.122337 -34290081.855559 24554010.377236 431814.224776 42 131
199448 37304323.815756 194429495.539011 343.565918 43 3.573778 19.122103 -34290079.177142 24554012.181394 431903.055414 42 131
199449 37304257.775407 194429495.539011 343.553650 43 3.573772 19.121868 -34290076.498614 24554013.985276 431991.883759 42 131
199450 37304191.743783 194429495.539011 343.468750 43 3.573765 19.121632 -34290073.819975 24554015.788883 432080.709810 42 131
199451 37304123.365105 194429495.539011 355.892059 43 3.573759 19.121397 -34290071.141225 24554017.592214 432169.533566 42 131
199456 37303769.832419 194429495.039011 368.983612 42 3.573725 19.120222 -34290057.745814 24554026.604741 432613.617915 42 131
199457 37303699.647643 194429495.039011 370.067078 42 3.573719 19.119986 -34290055.066399 24554028.406420 432702.427895 42 131
199458 37303630.125976 194429495.039011 366.935730 42 3.573712 19.119749 -34290052.386874 24554030.207824 432791.235577 42 131
199459 37303562.375505 194429495.039011 358.162689 42 3.573706 19.119514 -34290049.707238 24554032.008952 432880.040960 42 131
199460 37303494.040453 194429495.039011 361.187561 42 3.573699 19.119280 -34290047.027492 24554033.809805 432968.844044 42 131
199465 37303176.097485 194429495.039011 396.790314 41 3.573668 19.118101 -34290033.627103 24554042.809933 433412.824957 42 131
199466 37303106.191913 194429495.039011 367.843048 41 3.573662 19.117865 -34290030.946694 24554044.609132 433501.614239 42 131
199467 37303038.310566 194429495.039011 358.160492 41 3.573656 19.117630 -34290028.266174 24554046.408055 433590.401219 42 131
199468 37302967.392881 194429495.039011 374.675140 41 3.573650 19.117393 -34290025.585544 24554048.206703 433679.185896 42 131
199469 37302891.798538 194429495.039011 399.435638 41 3.573644 19.117157 -34290022.904804 24554050.005075 433767.968272 42 131
199475 37302485.417867 194429495.039011 346.917358 41 3.573607 19.115742 -34290006.818052 24554060.789515 434300.614121 42 131
199476 37302420.546683 194429495.039011 345.096191 41 3.573601 19.115505 -34290004.136541 24554062.585956 434389.380359 42 131
199477 37302397.494945 194429495.039011 343.728027 41 3.573594 19.115269 -34290001.454921 24554064.382122 434478.144278 42 131
199478 37302331.533122 194429495.039011 343.679749 41 3.573589 19.115032 -34289998.773191 24554066.178011 434566.905903 42 131
199479 37302265.606200 194429495.039011 343.400635 41 3.573582 19.114796 -34289996.091350 24554067.973625 434655.665220 42 131
199484 37301934.113138 194429495.039011 344.605591 41 3.573551 19.113613 -34289982.680502 24554076.947554 435099.427167 42 131
199485 37301868.194941 194429495.039011 343.741882 41 3.573545 19.113377 -34289979.998003 24554078.741512 435188.172628 42 131
199486 37301802.320369 194429495.039011 343.509613 41 3.573539 19.113140 -34289977.315395 24554080.535194 435276.915777 42 131
199487 37301736.419622 194429495.039011 343.614197 41 3.573532 19.112904 -34289974.632677 24554082.328600 435365.656614 42 131
199488 37301670.579950 194429495.039011 343.254272 41 3.573525 19.112665 -34289971.949849 24554084.121729 435454.395140 42 131
199489 37301604.443625 194429495.039011 344.777191 41 3.573519 19.112431 -34289969.266912 24554085.914583 435543.131353 42 131
199490 37301472.040098 194429495.039011 345.996429 41 3.573505 19.111956 -34289963.900710 24554089.499462 435720.596836 42 131
199494 37301273.159966 194429495.539011 345.110352 41 3.573484 19.111244 -34289955.850587 24554094.874709 435986.777711 42 131
199495 37301207.128342 194429495.539011 344.142303 41 3.573478 19.111010 -34289953.166993 24554096.665906 436075.500040 42 131
199496 37301141.157794 194429495.539011 343.873962 43 3.573471 19.110771 -34289950.483291 24554098.456826 436164.220052 42 131
199497 37301075.038919 194429495.539011 344.568939 43 3.573463 19.110535 -34289947.799479 24554100.247470 436252.937748 42 131
199498 37301008.885144 194429495.539011 344.720215 43 3.573456 19.110296 -34289945.115559 24554102.037838 436341.653128 42 131
199499 37300942.373639 194429495.539011 346.491150 43 3.573448 19.110060 -34289942.431529 24554103.827930 436430.366190 42 131
199504 37300610.330895 194429495.539011 345.706482 43 3.573409 19.108873 -34289929.009744 24554112.774243 436873.896724 42 131
199505 37300544.089869 194429495.539011 344.920654 43 3.573401 19.108635 -34289926.325060 24554114.562676 436962.595873 42 131
199506 37300477.700516 194429495.539011 345.636169 43 3.573394 19.108398 -34289923.640267 24554116.350834 437051.292702 42 131
199507 37300411.354788 194429495.539011 345.370026 43 3.573387 19.108160 -34289920.955366 24554118.138714 437139.987209 42 131
199514 37299948.435411 194429495.539011 346.037109 42 3.573329 19.106497 -34289902.158012 24554130.646137 437760.783732 42 131
199515 37299881.801755 194429495.539011 346.760773 42 3.573322 19.106258 -34289899.472241 24554132.431805 437849.459655 42 131
199516 37299815.316425 194429495.539011 346.203461 42 3.573313 19.106222 -34289896.786362 24554134.217197 437938.133253 42 131
199517 37299748.900897 194429495.539011 345.862305 42 3.573305 19.105984 -34289894.100374 24554136.002312 438026.804525 42 131
199524 37299285.362038 194429495.539011 343.543854 42 3.573248 19.104319 -34289875.295427 24554148.490371 438647.438266 42 131
199525 37299219.286788 194429495.539011 343.908264 42 3.573240 19.104078 -34289872.608573 24554150.273273 438736.090915 42 131
199526 37299152.888710 194429495.539011 345.771790 42 3.573232 19.103840 -34289869.921611 24554152.055897 438824.741235 42 131
199527 37299086.255053 194429495.539011 346.729156 42 3.573224 19.103603 -34289867.234541 24554153.838245 438913.389224 42 131
199528 37299019.769724 194429495.039011 345.853912 42 3.573217 19.103365 -34289864.547363 24554155.620316 439002.034882 42 131
199536 37298490.373743 194429495.039011 346.432617 42 3.573158 19.101456 -34289843.046054 24554169.866915 439711.116175 42 131
199537 37298423.888414 194429495.039011 346.198151 42 3.573151 19.101217 -34289840.357905 24554171.646494 439799.740834 42 131
199538 37298357.568861 194429495.039011 345.360748 42 3.573144 19.100979 -34289837.669648 24554173.425795 439888.363158 42 131
199539 37298291.205683 194429495.039011 345.376953 42 3.573138 19.100739 -34289834.981284 24554175.204820 439976.983145 42 131
199546 37297828.120530 194429495.039011 346.206085 42 3.573085 19.099068 -34289816.159726 24554187.650232 440597.257604 43 131
199547 37297761.495598 194429495.039011 346.672729 42 3.573077 19.098827 -34289813.470503 24554189.427039 440685.858886 43 131
199548 37297694.905567 194429495.039011 346.426880 42 3.573069 19.098587 -34289810.781172 24554191.203569 440774.457828 43 131
199549 37297628.542389 194429495.039011 345.304321 42 3.573061 19.098349 -34289808.091734 24554192.979822 440863.054428 43 131
199556 37297154.489774 194429495.039011 390.381042 42 3.573011 19.096672 -34289789.262667 24554205.405828 441483.165052 43 131
199557 37297078.127621 194429495.039011 399.403656 42 3.573004 19.096434 -34289786.572372 24554207.179862 441571.742913 43 131
199558 37297002.088298 194429495.039011 400.412048 42 3.572997 19.096193 -34289783.881970 24554208.953619 441660.318429 43 131
199559 37296926.171125 194429495.039011 401.003906 42 3.572990 19.095955 -34289781.191461 24554210.727099 441748.891599 43 131
199560 37296851.065388 194429495.039011 397.633575 42 3.572982 19.095715 -34289778.500846 24554212.500301 441837.462422 43 131
199566 37296504.442988 194429495.039011 364.743195 38 3.572937 19.094275 -34289762.354913 24554223.133685 442368.838040 43 131
199567 37296433.054147 194429495.039011 371.715027 38 3.572930 19.094034 -34289759.663550 24554224.904944 442457.392428 43 131
199568 37296361.804908 194429495.039011 371.857666 41 3.572923 19.093796 -34289756.972082 24554226.675926 442545.944466 43 131
199569 37296291.724834 194429495.039011 365.828674 41 3.572915 19.093554 -34289754.280506 24554228.446630 442634.494153 43 131
199570 37296222.482370 194429495.039011 362.212921 41 3.572908 19.093313 -34289751.588825 24554230.217056 442723.041490 43 131
199579 37295622.997590 194429495.039011 328.089447 39 3.572848 19.091152 -34289727.358905 24554246.138397 443519.861651 43 131
199580 37295560.124455 194429495.039011 331.703400 39 3.572840 19.090910 -34289724.666161 24554247.906046 443608.385454 43 131
199581 37295499.109769 194429495.039011 319.551788 39 3.572833 19.090670 -34289721.973311 24554249.673417 443696.906900 43 131
199582 37295434.788266 194429495.039011 336.777313 39 3.572826 19.090429 -34289719.280355 24554251.440510 443785.425990 43 131
199583 37295368.651941 194429495.039011 345.673828 42 3.572819 19.090189 -34289716.587293 24554253.207326 443873.942724 43 131
199591 37294841.742616 194429495.039011 344.777802 42 3.572766 19.088263 -34289695.038985 24554267.331843 444581.991693 43 131
199592 37294775.658642 194429495.039011 344.732147 42 3.572759 19.088020 -34289692.344971 24554269.096156 444670.487195 43 131
199593 37294709.478691 194429495.039011 345.506317 42 3.572752 19.087780 -34289689.650851 24554270.860192 444758.980336 43 131
199594 37294643.612844 194429495.039011 343.851196 42 3.572746 19.087538 -34289686.956626 24554272.623949 444847.471114 43 131
199595 37294577.895324 194429495.039011 342.927460 42 3.572740 19.087297 -34289684.262295 24554274.387428 444935.959530 43 131
199596 37294512.134179 194429495.039011 343.115601 42 3.572733 19.087055 -34289681.567858 24554276.150630 445024.445584 43 131
199597 37294446.416659 194429495.039011 343.058319 42 3.572727 19.086815 -34289678.873317 24554277.913553 445112.929273 43 131
199604 37293984.753698 194429495.039011 343.261200 42 3.572682 19.085125 -34289660.008575 24554290.246224 445732.248885 43 131
199605 37293918.626098 194429495.039011 345.072876 42 3.572675 19.084883 -34289657.313191 24554292.006921 445820.713651 43 131
199606 37293852.289095 194429495.039011 346.166260 42 3.572668 19.084642 -34289654.617702 24554293.767340 445909.176049 43 131
199607 37293786.091694 194429495.039011 345.597839 42 3.572661 19.084400 -34289651.922108 24554295.527480 445997.636079 43 131
199608 37293719.920469 194429495.039011 345.365753 42 3.572654 19.084158 -34289649.226409 24554297.287342 446086.093741 43 131
199613 37293324.734113 194429495.039011 343.399139 42 3.572613 19.082706 -34289633.050010 24554307.840669 446616.789942 43 131
199616 37293192.461462 194429495.039011 346.115662 42 3.572598 19.082224 -34289627.657039 24554311.356216 446793.669707 43 131
199617 37293126.264061 194429495.039011 345.196564 42 3.572591 19.081980 -34289624.960396 24554313.113572 446882.106031 43 131
199618 37293059.961959 194429495.039011 345.711487 42 3.572583 19.081739 -34289622.263649 24554314.870650 446970.539981 43 131
199619 37292993.668582 194429495.039011 345.553040 42 3.572576 19.081495 -34289619.566797 24554316.627449 447058.971558 43 131
199627 37292450.984260 194429495.039011 359.870239 42 3.572515 19.079557 -34289597.988219 24554330.671811 447766.338662 43 131
199628 37292378.993387 194429495.039011 379.386810 42 3.572507 19.079315 -34289595.290427 24554332.426102 447854.748856 43 131
199629 37292305.196416 194429495.039011 389.015808 42 3.572499 19.079073 -34289592.592531 24554334.180114 447943.156672 43 131
199630 37292235.098891 194429495.039011 370.496429 42 3.572490 19.078831 -34289589.894531 24554335.933848 448031.562108 43 131
199631 37292163.963079 194429495.039011 376.968414 42 3.572482 19.078587 -34289587.196427 24554337.687303 448119.965165 43 131
199638 37291705.275380 194429495.039011 393.273529 41 3.572426 19.076887 -34289568.306782 24554349.953679 448738.719887 43 131
199639 37291630.003866 194429495.039011 398.158356 41 3.572419 19.076645 -34289565.607846 24554351.704903 448827.103893 43 131
199640 37291557.742514 194429495.039011 383.395386 41 3.572412 19.076401 -34289562.908806 24554353.455848 448915.485515 43 131
199641 37291488.116146 194429495.039011 370.021515 41 3.572404 19.076157 -34289560.209662 24554355.206514 449003.864752 43 131
199642 37291421.744242 194429495.039011 357.389679 41 3.572397 19.075914 -34289557.510414 24554356.956901 449092.241604 43 131
199649 37291004.910891 194429495.039011 367.128052 39 3.572344 19.074211 -34289538.612779 24554369.201796 449710.812741 43 131
199650 37290934.699940 194429495.039011 366.773193 39 3.572337 19.073967 -34289535.912703 24554370.949950 449799.170500 43 131
199651 37290864.951420 194429495.039011 364.766022 41 3.572329 19.073725 -34289533.212523 24554372.697825 449887.525871 43 131
199652 37290795.438478 194429495.039011 366.420105 41 3.572321 19.073481 -34289530.512240 24554374.445422 449975.878852 43 131
199653 37290725.559081 194429495.039011 368.705231 41 3.572313 19.073236 -34289527.811854 24554376.192738 450064.229444 43 131
199654 37290653.350080 194429495.039011 381.535217 41 3.571945 19.072994 -34289525.111364 24554377.939776 450152.577646 43 131
199659 37290363.310011 194429495.039011 358.262360 41 3.571996 19.071775 -34289511.607368 24554386.670775 450594.282764 43 131
199660 37290299.302612 194429495.039011 331.692108 41 3.571992 19.071531 -34289508.906259 24554388.416137 450682.616613 43 131
199661 37290235.696568 194429495.039011 329.609467 41 3.571988 19.071287 -34289506.205047 24554390.161220 450770.948069 43 131
199662 37290174.341603 194429495.039011 317.292206 41 3.571983 19.071043 -34289503.503733 24554391.906023 450859.277130 43 131
199663 37290117.270666 194429495.039011 292.377655 41 3.571979 19.070799 -34289500.802315 24554393.650547 450947.603795 43 131
199664 37290061.456144 194429495.039011 285.408051 41 3.571975 19.070555 -34289498.100795 24554395.394792 451035.928065 43 131
199671 37289563.985337 194429495.039011 311.393799 40 3.571951 19.068844 -34289479.187272 24554407.596679 451654.130887 43 131
199672 37289500.963875 194429495.039011 327.863129 40 3.571949 19.068600 -34289476.484930 24554409.338687 451742.435984 43 131
199673 37289438.195442 194429495.039011 325.576630 40 3.571946 19.068356 -34289473.782485 24554411.080416 451830.738681 43 131
199674 37289376.840477 194429495.039011 317.934479 40 3.571942 19.068111 -34289471.079937 24554412.821866 451919.038978 43 131
199675 37289315.406985 194429495.039011 315.766907 40 3.571939 19.067867 -34289468.377287 24554414.563036 452007.336875 43 131
199682 37288836.084404 194429495.039011 283.899902 40 3.571912 19.066153 -34289449.455869 24554426.743395 452625.354926 43 131
199683 37288777.931554 194429495.039011 301.775360 40 3.571910 19.065908 -34289446.752400 24554428.482328 452713.633605 43 131
199684 37288714.587263 194429495.039011 328.504608 40 3.571907 19.065664 -34289444.048829 24554430.220980 452801.909882 43 131
199685 37288650.379187 194429495.039011 330.313660 40 3.571905 19.065418 -34289441.345156 24554431.959353 452890.183753 43 131
199686 37288585.961708 194429495.039011 331.252869 40 3.571903 19.065174 -34289438.641381 24554433.697446 452978.455220 43 131
199693 37288111.525188 194429495.039011 320.296387 40 3.571882 19.063457 -34289419.712100 24554445.856263 453596.288106 43 131
199694 37288051.129985 194429495.039011 313.205200 40 3.571879 19.063211 -34289417.007510 24554447.592117 453684.540313 43 131
199695 37287989.713943 194429495.039011 318.257599 40 3.571875 19.062965 -34289414.302818 24554449.327691 453772.790112 43 131
199696 37287926.701207 194429495.039011 324.212982 40 3.571872 19.062719 -34289411.598024 24554451.062985 453861.037500 43 131
199697 37287861.219265 194429495.039011 336.968872 41 3.571868 19.062475 -34289408.893128 24554452.797999 453949.282479 43 131
199698 37287794.611784 194429495.539011 342.529083 41 3.571865 19.062229 -34289406.188131 24554454.532733 454037.525048 43 131
199699 37287728.065379 194429495.539011 342.212860 41 3.571862 19.061985 -34289403.483032 24554456.267187 454125.765205 43 131
199705 37287326.518418 194429495.539011 344.700684 41 3.571843 19.060511 -34289387.250308 24554466.668030 454655.155482 43 131
199706 37287260.277392 194429495.539011 343.052948 41 3.571839 19.060265 -34289384.544499 24554468.400523 454743.378747 43 131
199707 37287192.867201 194429495.539011 342.235046 41 3.571835 19.060019 -34289381.838589 24554470.132736 454831.599597 43 131
199708 37287126.774501 194429495.039011 342.568939 41 3.571830 19.059772 -34289379.132578 24554471.864669 454919.818032 43 131
199709 37287052.829203 194429495.039011 342.290924 42 3.571825 19.059526 -34289376.426465 24554473.596322 455008.034052 43 131
199710 37286986.815029 194429495.539011 343.203064 42 3.571820 19.059280 -34289373.720251 24554475.327694 455096.247654 43 131
199711 37286920.425676 194429495.039011 345.139252 42 3.571815 19.059034 -34289371.013936 24554477.058786 455184.458839 43 131
199717 37286520.728439 194429495.539011 343.751190 42 3.571789 19.057556 -34289354.773924 24554487.439453 455713.675166 43 131
199718 37286454.906217 194429495.539011 342.580048 42 3.571784 19.057310 -34289352.066903 24554489.168583 455801.869419 43 131
199719 37286389.110171 194429495.539011 342.514191 42 3.571779 19.057064 -34289349.359780 24554490.897432 455890.061252 43 131
199720 37286323.340301 194429495.539011 342.293365 42 3.571775 19.056818 -34289346.652556 24554492.626001 455978.250663 43 131
199721 37286257.299952 194429495.539011 343.791748 42 3.571770 19.056570 -34289343.945232 24554494.354290 456066.437653 43 131
199722 37286190.962949 194429495.539011 345.343719 42 3.571764 19.056324 -34289341.237807 24554496.082298 456154.622221 43 131
199730 37285662.343503 194429495.539011 345.043121 42 3.571721 19.054350 -34289319.574786 24554509.896264 456860.011511 43 131
199731 37285596.067576 194429495.539011 344.882782 42 3.571714 19.054104 -34289316.866456 24554511.621747 456948.174259 43 131
199732 37285529.852725 194429495.539011 344.708740 42 3.571709 19.053856 -34289314.158026 24554513.346950 457036.334580 43 131
199733 37285463.690224 194429495.539011 344.413757 42 3.571703 19.053610 -34289311.449495 24554515.071872 457124.492474 43 131
199734 37285397.492823 194429495.539011 344.465149 42 3.571698 19.053362 -34289308.740865 24554516.796513 457212.647941 43 131
199736 37285199.982534 194429495.539011 342.782135 42 3.571680 19.052622 -34289300.614371 24554521.968752 457477.099766 43 131
199742 37284858.979104 194429495.039011 367.521698 42 3.571648 19.051384 -34289287.068214 24554530.583536 457917.804219 43 131
199743 37284789.727915 194429495.039011 361.917419 42 3.571642 19.051138 -34289284.358682 24554532.305651 458005.937816 43 131
199744 37284717.335686 194429495.039011 378.656067 42 3.571635 19.050890 -34289281.649051 24554534.027484 458094.068981 43 131
199745 37284642.526603 194429495.039011 393.960022 42 3.571628 19.050642 -34289278.939320 24554535.749037 458182.197715 43 131
199746 37284569.785370 194429495.039011 383.646118 42 3.571621 19.050394 -34289276.229489 24554537.470308 458270.324014 43 131
199754 37284063.545829 194429495.039011 375.631561 41 3.571558 19.048412 -34289254.547252 24554551.230367 458975.246728 43 131
199755 37283989.940810 194429495.039011 385.155182 41 3.571550 19.048164 -34289251.836525 24554552.949110 459063.351107 43 131
199756 37283916.676071 194429495.039011 386.013367 41 3.571543 19.047916 -34289249.125698 24554554.667572 459151.453047 43 131
199757 37283847.049702 194429495.039011 367.513275 41 3.571536 19.047668 -34289246.414771 24554556.385753 459239.552548 43 131
199758 37283778.322020 194429495.039011 363.358032 41 3.571529 19.047421 -34289243.703745 24554558.103652 459327.649610 43 131
199759 37283711.147406 194429495.039011 355.593170 41 3.571522 19.047173 -34289240.992620 24554559.821271 459415.744232 43 131
199765 37283329.284292 194429495.039011 320.230164 41 3.571479 19.045683 -34289224.723786 24554570.121076 459944.260700 43 131
199766 37283270.878413 194429495.039011 308.436340 41 3.571472 19.045435 -34289222.011967 24554571.836726 460032.338230 43 131
199767 37283208.581136 194429495.039011 326.140961 41 3.571466 19.045187 -34289219.300049 24554573.552095 460120.413319 43 131
199768 37283146.057005 194429495.039011 326.655090 41 3.571460 19.044939 -34289216.588032 24554575.267182 460208.485964 43 131
199769 37283084.841642 194429495.039011 319.308655 41 3.571453 19.044689 -34289213.875915 24554576.981989 460296.556164 43 131
199770 37283023.905481 194429495.039011 317.319214 41 3.571446 19.044441 -34289211.163700 24554578.696513 460384.623919 43 131
199771 37282964.513665 194429495.039011 308.697632 41 3.571440 19.044191 -34289208.451386 24554580.410757 460472.689230 43 131
199779 37282467.173734 194429495.039011 324.580536 41 3.571396 19.042202 -34289186.749320 24554594.114574 461177.123636 43 131
199780 37282366.782632 194429495.039011 324.185120 41 3.571389 19.041954 -34289184.036118 24554595.826285 461265.166932 43 131
199781 37282304.782008 194429495.039011 322.104401 41 3.571382 19.041704 -34289181.322817 24554597.537714 461353.207767 43 131
199784 37282113.833001 194429495.039011 335.663605 41 3.571359 19.040956 -34289173.182325 24554602.670311 461617.315566 43 131
199785 37282046.763089 194429495.039011 345.224915 41 3.571351 19.040709 -34289170.468631 24554604.380614 461705.346599 43 131
199786 37281980.391186 194429495.039011 343.840912 41 3.571344 19.040459 -34289167.754839 24554606.090635 461793.375180 43 131
199787 37281914.185059 194429495.039011 342.933228 41 3.571337 19.040209 -34289165.040948 24554607.800375 461881.401308 43 131
199788 37281847.996384 194429495.039011 342.848602 41 3.571332 19.039959 -34289162.326959 24554609.509833 461969.424983 43 131
199789 37281781.807708 194429495.039011 342.908936 41 3.571328 19.039711 -34289159.612872 24554611.219009 462057.446204 43 131
199790 37281715.627757 194429495.039011 342.893433 41 3.571325 19.039461 -34289156.898687 24554612.927903 462145.464971 43 131
199791 37281649.159877 194429495.039011 344.394257 41 3.571321 19.039211 -34289154.184404 24554614.636516 462233.481285 43 131
199792 37281582.718173 194429495.039011 344.243530 41 3.571315 19.038961 -34289151.470022 24554616.344847 462321.495143 43 131
199793 37281515.779138 194429495.039011 344.641998 41 3.571310 19.038712 -34289148.755543 24554618.052897 462409.506546 43 131
199794 37281449.285083 194429495.039011 344.616821 41 3.571304 19.038464 -34289146.040965 24554619.760664 462497.515493 43 131
199795 37281383.009157 194429495.039011 343.603943 41 3.571297 19.038214 -34289143.326290 24554621.468150 462585.521984 43 131
199803 37280852.278234 194429495.039011 345.505493 42 3.571242 19.036215 -34289121.605365 24554635.117891 463289.485426 43 131
199804 37280785.766729 194429495.039011 344.972076 42 3.571235 19.035965 -34289118.889810 24554636.822840 463377.469790 43 131
199805 37280712.536891 194429495.039011 344.780121 42 3.571229 19.035715 -34289116.174157 24554638.527507 463465.451694 43 131
199806 37280646.566342 194429495.039011 343.003723 42 3.571223 19.035465 -34289113.458407 24554640.231892 463553.431135 43 131
199807 37280580.613244 194429495.039011 342.929230 42 3.571217 19.035215 -34289110.742559 24554641.935996 463641.408114 43 131
199817 37279920.061427 194429495.039011 343.317017 42 3.571146 19.032713 -34289083.578726 24554658.961514 464521.042395 43 131
199818 37279854.178130 194429495.039011 342.574799 42 3.571139 19.032461 -34289080.861809 24554660.662514 464608.992263 43 131
199819 37279787.945829 194429495.039011 344.491425 42 3.571130 19.032211 -34289078.144794 24554662.363232 464696.939663 43 131
199820 37279721.809503 194429495.039011 344.019409 42 3.571122 19.031960 -34289075.427682 24554664.063668 464784.884595 43 131
199821 37279655.551027 194429495.039011 344.630249 42 3.571114 19.031710 -34289072.710473 24554665.763821 464872.827059 43 131
199822 37279589.449602 194429495.039011 343.754639 42 3.571106 19.031458 -34289069.993167 24554667.463693 464960.767053 43 131
199823 37279523.435428 194429495.039011 343.241364 42 3.571099 19.031208 -34289067.275765 24554669.163282 465048.704579 43 131
199832 37278929.325315 194429495.039011 344.144989 42 3.571024 19.028948 -34289042.814787 24554684.446877 465840.031105 43 131
199833 37278862.892336 194429495.039011 345.500031 42 3.571017 19.028698 -34289040.096417 24554686.143642 465927.943911 43 131
199834 37278796.564058 194429495.039011 345.025330 42 3.571008 19.028446 -34289037.377952 24554687.840125 466015.854243 43 131
199835 37278730.235781 194429495.039011 345.130066 42 3.571000 19.028194 -34289034.659389 24554689.536325 466103.762099 43 131
199845 37278070.861853 194429495.039011 344.240417 42 3.570922 19.025681 -34289007.468470 24554706.482788 466982.704434 43 131
199846 37278004.594651 194429495.039011 344.823853 42 3.570916 19.025429 -34289004.748849 24554708.175880 467070.585035 43 131
199847 37277938.458326 194429495.039011 344.309052 42 3.570908 19.025177 -34289002.029133 24554709.868689 467158.463156 43 131
199848 37277872.339451 194429495.039011 344.250793 42 3.570900 19.024925 -34288999.309320 24554711.561216 467246.338795 43 131
199849 37277806.115875 194429495.039011 344.628235 42 3.570893 19.024673 -34288996.589412 24554713.253459 467334.211953 43 131
199850 37277739.997000 194429495.039011 344.099518 42 3.570886 19.024422 -34288993.869408 24554714.945420 467422.082629 43 131
199857 37277278.840096 194429495.039011 343.747742 42 3.570835 19.022657 -34288974.826697 24554726.781229 468037.107821 43 131
199858 37277212.607794 194429495.039011 344.904907 42 3.570828 19.022406 -34288972.105927 24554728.470927 468124.958624 43 131
199859 37277146.427843 194429495.039011 344.662964 42 3.570820 19.022152 -34288969.385061 24554730.160342 468212.806941 43 131
199859 37277080.212992 194429495.039011 344.591400 42 3.570820 19.022152 -34288969.385061 24554730.160342 468212.806941 43 131
199868 37276577.690347 194429495.039011 319.350372 42 3.570744 19.019880 -34288944.892981 24554745.352348 469003.329827 43 131
199869 37276515.672273 194429495.039011 317.631378 42 3.570735 19.019627 -34288942.171163 24554747.038933 469091.153255 43 131
199870 37276455.503922 194429495.039011 307.718689 42 3.570725 19.019375 -34288939.449250 24554748.725235 469178.974192 43 131
199871 37276396.827565 194429495.039011 298.920074 42 3.570715 19.019121 -34288936.727241 24554750.411254 469266.792636 43 131
199872 37276340.384836 194429495.039011 286.617371 42 3.570706 19.018869 -34288934.005137 24554752.096990 469354.608587 43 131
199880 37275791.811066 194429495.039011 330.227448 40 3.570638 19.016846 -34288912.224892 24554765.572684 470057.046444 43 131
199881 37275729.086258 194429495.039011 320.963043 40 3.570629 19.016592 -34288909.501935 24554767.255871 470144.839946 43 131
199882 37275665.384238 194429495.039011 325.995667 40 3.570621 19.016338 -34288906.778883 24554768.938775 470232.630951 43 131
199883 37275599.230463 194429495.039011 338.516571 40 3.570613 19.016085 -34288904.055737 24554770.621396 470320.419459 43 131
199884 37275496.745334 194429495.039011 344.306458 40 3.570605 19.015831 -34288901.332495 24554772.303733 470408.205480 43 131
199895 37274772.561298 194429495.539011 341.709473 41 3.570513 19.013042 -34288871.370614 24554790.790736 471373.686599 43 131
199896 37274706.643100 194429495.539011 343.184265 41 3.570505 19.012789 -34288868.646242 24554792.469671 471461.442599 43 131
199897 37274640.306098 194429495.539011 345.435638 41 3.570498 19.012535 -34288865.921775 24554794.148323 471549.196095 43 131
199898 37274573.969095 194429495.539011 345.356476 41 3.570490 19.012281 -34288863.197214 24554795.826692 471636.947086 43 131
199899 37274507.553566 194429495.539011 345.672180 41 3.570482 19.012028 -34288860.472559 24554797.504777 471724.695573 43 131
199900 37274441.155488 194429495.539011 345.683258 41 3.570474 19.011772 -34288857.747810 24554799.182578 471812.441554 43 131
199908 37273913.530704 194429495.039011 345.269501 42 3.570417 19.009739 -34288835.946442 24554812.594776 472514.319152 43 131
199909 37273847.568881 194429495.539011 343.351685 42 3.570411 19.009485 -34288833.220849 24554814.270024 472602.042565 43 131
199910 37273781.589608 194429495.539011 343.470734 42 3.570405 19.009232 -34288830.495163 24554815.944988 472689.763467 43 131
199911 37273715.418382 194429495.539011 344.548401 42 3.570398 19.008976 -34288827.769383 24554817.619668 472777.481859 43 131
199912 37273649.255882 194429495.539011 344.370270 42 3.570391 19.008722 -34288825.043509 24554819.294065 472865.197740 43 131
199913 37273583.215533 194429495.539011 343.824219 42 3.570383 19.008467 -34288822.317543 24554820.968177 472952.911109 43 131
199920 37273121.090141 194429495.539011 343.412079 42 3.570332 19.006683 -34288803.233161 24554832.679017 473566.834334 43 131
199921 37273054.918916 194429495.539011 344.707153 42 3.570324 19.006430 -34288800.506448 24554834.350858 473654.527596 43 131
199922 37272988.773865 194429495.539011 344.413818 42 3.570317 19.006174 -34288797.779642 24554836.022415 473742.218342 43 131
199923 37272922.497938 194429495.539011 345.149597 42 3.570309 19.005919 -34288795.052743 24554837.693688 473829.906572 43 131
199924 37272856.300537 194429495.539011 344.655609 42 3.570302 19.005663 -34288792.325750 24554839.364677 473917.592286 43 131
199932 37272328.318024 194429495.539011 344.628418 42 3.570245 19.003622 -34288770.506467 24554852.722364 474618.987339 43 131
199933 37272262.417277 194429495.539011 343.103363 42 3.570238 19.003366 -34288767.778639 24554854.390796 474706.650383 43 131
199934 37272196.542705 194429495.539011 342.939453 42 3.570231 19.003111 -34288765.050718 24554856.058944 474794.310905 43 131
199935 37272130.676858 194429495.539011 342.807831 42 3.570224 19.002857 -34288762.322705 24554857.726807 474881.968906 43 131
199936 37272064.872087 194429495.539011 342.683289 42 3.570217 19.002600 -34288759.594599 24554859.394387 474969.624385 43 131
199937 37271998.700861 194429495.539011 344.694031 42 3.570211 19.002346 -34288756.866401 24554861.061682 475057.277341 43 131
199938 37271932.337683 194429495.539011 345.585846 42 3.570204 19.002090 -34288754.138110 24554862.728693 475144.927775 43 131
199945 37271470.631097 194429495.539011 342.486481 42 3.570156 19.000299 -34288735.037487 24554874.389808 475758.410119 43 131
199946 37271405.079354 194429495.539011 341.257874 42 3.570149 19.000044 -34288732.308457 24554876.054544 475846.040351 43 131
199947 37271339.274583 194429495.539011 342.628510 42 3.570143 18.999788 -34288729.579335 24554877.718996 475933.668056 43 131
199948 37271273.260409 194429495.539011 343.821198 42 3.570136 18.999531 -34288726.850121 24554879.383163 476021.293233 43 131
199949 37271206.949582 194429495.539011 345.214630 42 3.570129 18.999275 -34288724.120815 24554881.047045 476108.915882 43 131
199950 37271140.760906 194429495.539011 344.693085 42 3.570123 18.999020 -34288721.391417 24554882.710644 476196.536002 43 131
199959 37270547.514579 194429495.539011 344.558319 42 3.570063 18.996712 -34288696.822700 24554897.670223 476985.003216 43 131
199960 37270481.195026 194429495.539011 345.351532 42 3.570056 18.996456 -34288694.092383 24554899.330976 477072.598024 43 131
199961 37270414.954000 194429495.539011 344.818695 42 3.570050 18.996199 -34288691.361975 24554900.991444 477160.190299 43 131
199962 37270348.817674 194429495.539011 344.399719 42 3.570043 18.995943 -34288688.631476 24554902.651627 477247.780039 43 131
199963 37270282.559198 194429495.539011 345.034485 42 3.570037 18.995686 -34288685.900885 24554904.311525 477335.367245 43 131
199973 37269623.665151 194429495.539011 342.238892 42 3.569979 18.993118 -34288658.589947 24554920.894847 478211.099787 43 131
199974 37269557.956356 194429495.539011 342.101624 42 3.569973 18.992859 -34288655.858351 24554922.551613 478298.659081 43 131
199975 37269492.308637 194429495.539011 341.836823 42 3.569967 18.992603 -34288653.126665 24554924.208093 478386.215834 43 131
199976 37269426.503866 194429495.539011 342.718201 42 3.569961 18.992346 -34288650.394887 24554925.864289 478473.770046 43 131
199977 37269360.262840 194429495.539011 344.967926 42 3.569955 18.992088 -34288647.663018 24554927.520200 478561.321717 43 131
199978 37269293.943287 194429495.539011 345.331238 42 3.569949 18.991831 -34288644.931058 24554929.175826 478648.870846 43 131
199983 37268898.852907 194429495.039011 342.885529 42 3.569912 18.990286 -34288628.537391 24554939.103596 479174.112218 43 131
199987 37268700.792936 194429495.039011 343.990692 42 3.569894 18.989515 -34288620.339333 24554944.063632 479436.698555 43 131
199988 37268634.778762 194429495.539011 343.748199 43 3.569888 18.989256 -34288617.606465 24554945.716408 479524.222242 43 131
199989 37268568.677337 194429495.539011 344.152802 43 3.569882 18.988998 -34288614.873508 24554947.368898 479611.743382 43 131
199990 37268502.828941 194429495.539011 342.704285 43 3.569876 18.988741 -34288612.140459 24554949.021103 479699.261975 43 131
199991 37268436.797317 194429495.539011 343.730988 43 3.569871 18.988483 -34288609.407320 24554950.673023 479786.778021 43 131
199992 37268370.652266 194429495.539011 344.229858 43 3.569865 18.988226 -34288606.674091 24554952.324657 479874.291518 43 131
199999 37267908.553050 194429495.539011 345.167267 43 3.569825 18.986420 -34288587.538956 24554963.878113 480486.814605 43 131
200000 37267842.338199 194429495.539011 344.628387 43 3.569818 18.986160 -34288584.805004 24554965.527466 480574.307700 43 131
200001 37267776.027372 194429495.539011 345.158539 43 3.569813 18.985903 -34288582.070963 24554967.176533 480661.798243 43 131
200002 37267709.768895 194429495.539011 344.901154 43 3.569807 18.985643 -34288579.336831 24554968.825314 480749.286232 43 131
200003 37267643.606394 194429495.539011 344.466400 43 3.569802 18.985386 -34288576.602609 24554970.473811 480836.771668 43 131
200011 37267115.833284 194429495.539011 342.625580 42 3.569754 18.983318 -34288554.725600 24554983.651506 481536.563180 43 131
200012 37267049.766760 194429495.539011 343.979645 42 3.569748 18.983059 -34288551.990570 24554985.297433 481624.025616 43 131
200013 37266983.473383 194429495.539011 345.101959 42 3.569742 18.982801 -34288549.255450 24554986.943075 481711.485493 43 131
200014 37266917.267256 194429495.539011 344.747375 42 3.569736 18.982542 -34288546.520240 24554988.588431 481798.942812 43 131
200015 37266851.052405 194429495.539011 344.610992 42 3.569730 18.982283 -34288543.784941 24554990.233501 481886.397573 43 131
200016 37266784.889905 194429495.539011 344.379303 42 3.569724 18.982025 -34288541.049553 24554991.878286 481973.849774 43 131
200023 37266323.322920 194429495.039011 342.307220 42 3.569680 18.980211 -34288521.899331 24555003.383782 482585.943476 43 131
200024 37266257.273846 194429495.039011 344.066345 42 3.569673 18.979952 -34288519.163227 24555005.026282 482673.375185 43 131
200025 37266190.919393 194429495.539011 345.454895 42 3.569667 18.979694 -34288516.427035 24555006.668496 482760.804331 43 131
200026 37266124.591116 194429495.539011 345.263763 42 3.569661 18.979435 -34288513.690753 24555008.310424 482848.230913 43 131
200027 37266058.262838 194429495.539011 345.381042 43 3.569654 18.979174 -34288510.954383 24555009.952066 482935.654930 43 131
200036 37265465.007785 194429495.539011 345.198029 43 3.569592 18.976839 -34288486.323044 24555024.713982 483722.355605 43 131
200037 37265398.766759 194429495.539011 344.731659 43 3.569585 18.976580 -34288483.585784 24555026.352766 483809.753952 43 131
200038 37265332.560633 194429495.539011 344.459991 43 3.569577 18.976320 -34288480.848436 24555027.991263 483897.149729 43 131
200039 37265266.424308 194429495.539011 344.282928 43 3.569569 18.976061 -34288478.110999 24555029.629475 483984.542937 43 131
200047 37264738.790799 194429495.539011 344.879761 43 3.569506 18.973980 -34288456.208319 24555042.724869 484683.596016 43 131
200048 37264672.514872 194429495.539011 344.840942 43 3.569498 18.973721 -34288453.470086 24555044.360506 484770.966072 43 131
200049 37264606.465798 194429495.539011 343.691254 42 3.569490 18.973459 -34288450.731765 24555045.995857 484858.333553 43 131
200050 37264540.338198 194429495.039011 344.127777 42 3.569481 18.973200 -34288447.993355 24555047.630921 484945.698460 43 131
200051 37264474.341474 194429495.039011 343.472992 42 3.569473 18.972940 -34288445.254858 24555049.265700 485033.060790 43 131
200052 37264408.257500 194429495.039011 343.847595 42 3.569465 18.972679 -34288442.516272 24555050.900192 485120.420545 43 131
200059 37263946.219359 194429495.039011 345.106812 42 3.569409 18.970856 -34288423.343708 24555062.333622 485731.866654 43 131
200060 37263880.039409 194429495.039011 344.213989 42 3.569402 18.970594 -34288420.604419 24555063.965824 485819.205783 43 131
200061 37263814.129936 194429495.039011 342.968353 42 3.569396 18.970335 -34288417.865042 24555065.597740 485906.542332 43 131
200062 37263748.290265 194429495.039011 342.660370 42 3.569387 18.970074 -34288415.125577 24555067.229369 485993.876301 43 131
200063 37263682.555294 194429495.039011 342.077759 42 3.569380 18.969814 -34288412.386024 24555068.860712 486081.207687 43 131
200068 37263351.428688 194429495.039011 345.358124 42 3.569343 18.968510 -34288398.686947 24555077.013130 486517.825885 43 131
200069 37263285.144036 194429495.039011 344.813629 42 3.569335 18.968248 -34288395.946869 24555078.642754 486605.141775 43 131
200070 37263218.964085 194429495.039011 344.403992 42 3.569327 18.967985 -34288393.206703 24555080.272092 486692.455081 43 131
200071 37263153.080788 194429495.039011 343.006073 42 3.569319 18.967726 -34288390.466450 24555081.901143 486779.765802 43 131
200078 37262691.583604 194429495.039011 343.522247 42 3.569265 18.965897 -34288371.282236 24555093.296477 487390.868427 43 131
200079 37262625.551980 194429495.039011 343.785492 42 3.569257 18.965635 -34288368.541285 24555094.923236 487478.158452 43 131
200080 37262559.406930 194429495.039011 344.358154 42 3.569249 18.965374 -34288365.800247 24555096.549708 487565.445888 43 131
200081 37262493.218254 194429495.039011 344.567566 42 3.569242 18.965111 -34288363.059122 24555098.175893 487652.730734 43 131
200082 37262427.334957 194429495.039011 342.948944 42 3.569234 18.964849 -34288360.317910 24555099.801791 487740.012990 43 131
200091 37261834.394009 194429495.039011 344.572052 42 3.569169 18.962494 -34288335.643095 24555114.421973 488525.436664 43 131
200092 37261768.187882 194429495.039011 344.657349 42 3.569163 18.962233 -34288332.901015 24555116.045004 488612.692995 43 131
200093 37261702.042832 194429495.039011 344.289246 42 3.569156 18.961969 -34288330.158849 24555117.667747 488699.946730 43 131
200094 37261635.793080 194429495.039011 344.918579 42 3.569150 18.961708 -34288327.416596 24555119.290204 488787.197870 43 131
200102 37261108.377699 194429495.039011 342.506409 42 3.569100 18.959610 -34288305.475464 24555132.259528 489485.113488 43 131
200103 37261042.660179 194429495.039011 342.158478 42 3.569092 18.959349 -34288302.732434 24555133.879402 489572.341246 43 131
200104 37260976.942659 194429495.039011 342.072540 42 3.569086 18.959085 -34288299.989318 24555135.498989 489659.566405 43 131
200105 37260911.216414 194429495.039011 342.137268 42 3.569079 18.958822 -34288297.246116 24555137.118289 489746.788962 43 131
200106 37260845.010288 194429495.039011 344.577728 42 3.569072 18.958559 -34288294.502828 24555138.737302 489834.008919 43 131
200106 37260778.655835 194429495.039011 345.354980 42 3.569072 18.958559 -34288294.502828 24555138.737302 489834.008919 43 131
200108 37260712.161781 194429495.039011 346.222839 42 3.569059 18.958035 -34288289.015994 24555141.974466 490008.441027 43 131
200117 37260119.299358 194429495.539011 344.009125 42 3.568993 18.955667 -34288264.320990 24555156.527490 490793.256630 43 131
200118 37260053.032156 194429495.539011 344.846863 42 3.568985 18.955406 -34288261.576673 24555158.143056 490880.445337 43 131
200119 37259986.913281 194429495.539011 344.120392 42 3.568978 18.955143 -34288258.832269 24555159.758335 490967.631436 43 131
