199376 37536781.507983 195614263.290964 344.949585 38 3.761043 20.318489 4391494.812370 41868689.478384 -1303979.807861 40 228
199377 37536716.471022 195614263.290964 344.051208 38 3.761035 20.318304 4391488.036028 41868693.239463 -1303895.930760 40 228
199378 37536651.713264 195614263.290964 342.574890 38 3.761028 20.318123 4391481.260163 41868697.000809 -1303812.046698 40 228
199379 37536586.999131 195614263.290964 342.198761 38 3.761021 20.317938 4391474.484774 41868700.762422 -1303728.155676 40 228
199380 37536522.258824 195614263.290964 342.329559 38 3.761014 20.317755 4391467.709861 41868704.524303 -1303644.257693 40 228
199381 37536457.413814 195614263.290964 342.736359 38 3.761007 20.317572 4391460.935425 41868708.286452 -1303560.352750 40 228
199382 37536391.888247 195614263.290964 343.667480 38 3.760999 20.317389 4391454.161465 41868712.048868 -1303476.440847 40 228
199386 37536129.751076 195614263.290964 345.132996 38 3.760972 20.316654 4391427.070389 41868727.101204 -1303140.723654 40 228
199387 37536064.452361 195614263.290964 344.472321 38 3.760964 20.316469 4391420.298811 41868730.864956 -1303056.776960 40 228
199388 37535999.022770 195614263.290964 345.101318 38 3.760956 20.316286 4391413.527710 41868734.628975 -1302972.823310 40 228
199389 37535933.828756 195614263.290964 343.778168 38 3.760948 20.316103 4391406.757085 41868738.393261 -1302888.862704 40 228
199395 37535549.225957 195614263.290964 344.556671 38 3.760899 20.314999 4391366.143350 41868760.984579 -1302384.953013 40 228
199396 37535483.342660 195614263.290964 343.639465 38 3.760891 20.314816 4391359.376063 41868764.750731 -1302300.943725 40 228
199397 37535417.712391 195614263.290964 342.611267 38 3.760883 20.314631 4391352.609253 41868768.517151 -1302216.927484 40 228
199398 37535352.012322 195614263.290964 342.640930 38 3.760875 20.314447 4391345.842920 41868772.283836 -1302132.904291 40 228
199402 37535073.925652 195614262.790964 359.552521 38 3.760842 20.313709 4391318.782358 41868787.353241 -1301796.742003 40 228
199404 37534932.936617 195614262.790964 378.999573 38 3.760824 20.313339 4391305.254941 41868794.889540 -1301628.619154 40 228
199405 37534862.254510 195614262.790964 372.532745 38 3.760816 20.313156 4391298.491948 41868798.658089 -1301544.547306 40 228
199406 37534791.528778 195614262.790964 374.261200 38 3.760808 20.312971 4391291.729432 41868802.426903 -1301460.468509 40 228
199407 37534713.526305 195614262.790964 409.966583 38 3.760799 20.312786 4391284.967394 41868806.195983 -1301376.382762 40 228
199413 37534355.587438 195614262.790964 324.352203 38 3.760748 20.311678 4391244.405193 41868828.816042 -1300871.722425 40 228
199414 37534292.461276 195614262.790964 329.968201 38 3.760739 20.311493 4391237.646497 41868832.586981 -1300787.588056 40 228
199415 37534228.183399 195614262.790964 335.731659 38 3.760730 20.311308 4391230.888280 41868836.358185 -1300703.446743 40 228
199416 37534162.963210 195614262.790964 340.526642 38 3.760721 20.311121 4391224.130539 41868840.129655 -1300619.298485 40 228
199417 37534097.010112 195614262.790964 344.058807 38 3.760713 20.310938 4391217.373277 41868843.901390 -1300535.143284 40 228
199418 37534031.170440 195614263.290964 343.335510 38 3.760705 20.310751 4391210.616493 41868847.673389 -1300450.981139 40 228
199426 37533504.601395 195614263.290964 344.056671 38 3.760644 20.309269 4391156.579424 41868877.858924 -1299777.434077 40 228
199427 37533438.587221 195614263.290964 344.118134 38 3.760637 20.309082 4391149.826942 41868881.633307 -1299693.209462 40 228
199428 37533372.538147 195614263.290964 344.599976 38 3.760629 20.308897 4391143.074938 41868885.407955 -1299608.977908 40 228
199429 37533306.593774 195614263.290964 343.860352 38 3.760622 20.308712 4391136.323412 41868889.182867 -1299524.739416 40 228
199430 37533240.553425 195614263.290964 344.278595 38 3.760615 20.308525 4391129.572365 41868892.958043 -1299440.493987 40 228
199437 37532755.184344 195614262.790964 393.521057 38 3.760565 20.307222 4391082.328429 41868919.391673 -1298850.581751 40 228
199438 37532682.460561 195614262.790964 383.710175 38 3.760558 20.307037 4391075.581209 41868923.168962 -1298766.280832 40 228
199439 37532612.424113 195614262.790964 370.314850 38 3.760550 20.306850 4391068.834468 41868926.946515 -1298681.972980 40 228
199440 37532547.177748 195614262.790964 342.779480 38 3.760544 20.306665 4391062.088206 41868930.724331 -1298597.658196 40 228
199441 37532482.795170 195614262.790964 341.908722 38 3.760537 20.306479 4391055.342422 41868934.502411 -1298513.336479 40 228
199442 37532451.890834 195614263.290964 344.000244 38 3.760531 20.306292 4391048.597119 41868938.280754 -1298429.007839 40 228
199446 37532188.436172 195614262.790964 344.174438 38 3.760503 20.305546 4391021.620690 41868953.396763 -1298091.623927 40 228
199447 37532122.727377 195614262.790964 342.421173 38 3.760497 20.305359 4391014.877780 41868957.176423 -1298007.260621 40 228
199448 37532055.334636 195614262.790964 351.567535 38 3.760489 20.305172 4391008.135349 41868960.956347 -1297922.890385 40 228
199449 37531985.132410 195614262.790964 365.877197 38 3.760483 20.304987 4391001.393397 41868964.736534 -1297838.513219 40 228
199450 37531915.540942 195614262.790964 363.341095 38 3.760475 20.304798 4390994.651924 41868968.516984 -1297754.129124 40 228
199451 37531844.605807 195614262.790964 370.518738 38 3.760467 20.304611 4390987.910930 41868972.297697 -1297669.738101 40 228
199456 37531530.728740 195614262.790964 409.796753 37 3.760429 20.303679 4390954.213152 41868991.205205 -1297247.679086 40 228
199457 37531460.657391 195614262.790964 369.878326 37 3.760421 20.303490 4390947.475034 41868994.987494 -1297163.246501 40 228
199458 37531396.641267 195614262.790964 333.393921 37 3.760413 20.303303 4390940.737396 41868998.770047 -1297078.806993 40 228
199459 37531334.937297 195614262.790964 321.656860 37 3.760406 20.303116 4390934.000237 41869002.552861 -1296994.360560 40 228
199460 37531272.369542 195614262.790964 325.981445 37 3.760398 20.302929 4390927.263558 41869006.335939 -1296909.907203 40 228
199465 37530944.567201 195614262.790964 344.873352 37 3.760362 20.301991 4390893.587356 41869025.255260 -1296487.536565 40 228
199466 37530878.448326 195614262.790964 343.575745 37 3.760355 20.301804 4390886.853554 41869029.039910 -1296403.041670 40 228
199467 37530810.436103 195614262.790964 354.000214 37 3.760348 20.301615 4390880.120233 41869032.824823 -1296318.539853 40 228
199468 37530734.841760 195614262.790964 380.380463 37 3.760341 20.301428 4390873.387391 41869036.609998 -1296234.031113 40 228
199469 37530660.111202 195614262.790964 389.522247 37 3.760334 20.301241 4390866.655029 41869040.395435 -1296149.515453 40 228
199475 37530242.841595 195614262.790964 380.421661 37 3.760291 20.300114 4390826.270938 41869063.113550 -1295642.276202 40 228
199476 37530166.252590 195614262.790964 405.093140 37 3.760283 20.299925 4390819.541936 41869066.900818 -1295557.712111 40 228
199477 37530085.117802 195614262.790964 426.297211 37 3.760276 20.299738 4390812.813415 41869070.688347 -1295473.141103 40 228
199478 37530075.249704 195614262.790964 437.685699 37 3.760269 20.299549 4390806.085375 41869074.476137 -1295388.563198 40 228
199479 37530000.807075 195614262.790964 392.315674 37 3.760262 20.299360 4390799.357814 41869078.264189 -1295303.978359 40 228
199484 37529683.474866 195614262.790964 339.781342 37 3.760225 20.298418 4390765.727217 41869097.208365 -1294880.950462 40 228
199485 37529617.949298 195614262.790964 341.713959 37 3.760218 20.298229 4390759.002539 41869100.997983 -1294796.324140 40 228
199486 37529552.502257 195614262.790964 341.500092 37 3.760211 20.298042 4390752.278341 41869104.787861 -1294711.690906 40 228
199487 37529486.871988 195614262.790964 342.099304 37 3.760204 20.297853 4390745.554624 41869108.578001 -1294627.050759 40 228
199488 37529421.346420 195614262.790964 341.660004 37 3.760195 20.297665 4390738.831388 41869112.368401 -1294542.403700 40 228
199489 37529353.212045 195614262.790964 355.721558 37 3.760188 20.297476 4390732.108633 41869116.159062 -1294457.749730 40 228
199490 37529199.815906 195614262.790964 416.205597 37 3.760172 20.297096 4390718.664563 41869123.741165 -1294288.421055 40 228
199494 37528975.519532 195614262.790964 386.001770 37 3.760148 20.296530 4390698.502066 41869135.116274 -1294034.376216 40 228
199495 37528903.659535 195614262.790964 377.837646 37 3.760140 20.296341 4390691.782195 41869138.908497 -1293949.680785 40 228
199496 37528832.776751 195614262.790964 375.252655 37 3.760132 20.296152 4390685.062805 41869142.700980 -1293864.978447 40 228
199497 37528754.599776 195614262.790964 414.898376 37 3.760124 20.295963 4390678.343897 41869146.493724 -1293780.269200 40 228
199498 37528741.512112 195614262.790964 455.460876 37 3.760115 20.295774 4390671.625470 41869150.286727 -1293695.553063 40 228
199499 37528665.612390 195614262.790964 396.324280 37 3.760107 20.295586 4390664.907524 41869154.079990 -1293610.830002 40 228
199504 37528353.288393 195614262.790964 333.352783 37 3.760062 20.294640 4390631.325010 41869173.050205 -1293187.111132 40 228
199505 37528288.295057 195614262.790964 340.139313 37 3.760053 20.294449 4390624.609951 41869176.845027 -1293102.346643 40 228
199506 37528222.551362 195614262.790964 343.480591 37 3.760044 20.294260 4390617.895373 41869180.640108 -1293017.575249 40 228
199507 37528156.833842 195614262.790964 343.327301 37 3.760036 20.294069 4390611.181277 41869184.435449 -1292932.796953 40 228
199514 37527697.448135 195614263.290964 344.631256 38 3.759970 20.292740 4390564.196087 41869211.010096 -1292339.155630 40 228
199515 37527631.320535 195614263.290964 345.263275 38 3.759961 20.292551 4390557.485843 41869214.807510 -1292254.322124 40 228
199516 37527565.306361 195614263.290964 344.725067 38 3.759952 20.292360 4390550.776081 41869218.605183 -1292169.481719 40 228
199517 37527499.361988 195614263.290964 344.354645 38 3.759942 20.292170 4390544.066802 41869222.403116 -1292084.634416 40 228
199524 37527039.016519 195614263.290964 342.115967 38 3.759877 20.290838 4390497.115337 41869248.995883 -1291490.510171 40 228
199525 37526973.421150 195614263.290964 342.485748 38 3.759868 20.290648 4390490.409913 41869252.795884 -1291405.607695 40 228
199526 37526907.424427 195614263.290964 344.259796 38 3.759859 20.290457 4390483.704971 41869256.596142 -1291320.698324 40 228
199527 37526841.192126 195614263.290964 345.248291 38 3.759850 20.290266 4390477.000511 41869260.396660 -1291235.782059 40 228
199528 37526775.143051 195614262.790964 344.466003 38 3.759841 20.290075 4390470.296534 41869264.197435 -1291150.858900 40 228
199536 37526241.672445 195614262.790964 371.548584 38 3.759774 20.288549 4390416.682082 41869294.612922 -1290471.225513 40 228
199537 37526170.501732 195614262.790964 371.830597 37 3.759766 20.288357 4390409.982446 41869298.416017 -1290386.240330 40 228
199538 37526100.657235 195614262.790964 368.138550 37 3.759758 20.288166 4390403.283294 41869302.219370 -1290301.248259 40 228
199539 37526028.980466 195614262.790964 375.779297 37 3.759750 20.287975 4390396.584624 41869306.022981 -1290216.249298 40 228
199546 37525606.606671 195614262.790964 317.906036 34 3.759689 20.286636 4390349.707454 41869332.655457 -1289621.063753 40 228
199547 37525544.623497 195614262.790964 321.487549 34 3.759680 20.286444 4390343.012647 41869336.461125 -1289536.009701 40 228
199548 37525480.179843 195614262.790964 331.623199 34 3.759671 20.286253 4390336.318323 41869340.267049 -1289450.948765 40 228
199549 37525414.226745 195614262.790964 339.083710 37 3.759661 20.286060 4390329.624482 41869344.073230 -1289365.880944 40 228
199556 37524949.911352 195614262.790964 342.125671 37 3.759604 20.284718 4390282.781127 41869370.723685 -1288770.213481 40 228
199557 37524883.670325 195614262.790964 343.410095 37 3.759595 20.284527 4390276.091152 41869374.531919 -1288685.090603 40 228
199558 37524817.333322 195614263.290964 344.726288 37 3.759587 20.284334 4390269.401661 41869378.340409 -1288599.960845 40 228
199559 37524749.033170 195614263.290964 354.421753 37 3.759579 20.284142 4390262.712653 41869382.149155 -1288514.824206 40 228
199560 37524678.621541 195614262.790964 366.025299 37 3.759570 20.283949 4390256.024128 41869385.958157 -1288429.680688 40 228
199566 37524257.818266 195614262.790964 372.665497 37 3.759518 20.282795 4390215.903139 41869408.817544 -1287918.675148 40 228
199567 37524188.610702 195614262.790964 362.168854 37 3.759510 20.282602 4390209.218000 41869412.628337 -1287833.483489 40 228
199568 37524118.897082 195614262.790964 367.719299 37 3.759501 20.282410 4390202.533345 41869416.439385 -1287748.284954 40 228
199569 37524050.151950 195614262.790964 362.666595 37 3.759492 20.282217 4390195.849175 41869420.250690 -1287663.079545 40 228
199570 37523983.178014 195614263.290964 353.652863 37 3.759484 20.282024 4390189.165488 41869424.062249 -1287577.867261 40 228
199579 37523417.607732 195614262.790964 378.107452 37 3.759413 20.280287 4390129.034090 41869458.377771 -1286810.647442 40 228
199580 37523344.159765 195614262.790964 382.869141 37 3.759405 20.280094 4390122.355244 41869462.191881 -1286725.366436 40 228
199581 37523269.699686 195614262.790964 387.938232 37 3.759397 20.279900 4390115.676883 41869466.006247 -1286640.078560 40 228
199582 37523198.834352 195614262.790964 370.565399 37 3.759388 20.279707 4390108.999006 41869469.820867 -1286554.783816 40 228
199583 37523131.171133 195614262.790964 357.124237 37 3.759380 20.279514 4390102.321613 41869473.635742 -1286469.482204 40 228
199591 37522613.841978 195614262.790964 366.287689 37 3.759318 20.277966 4390048.919919 41869504.163901 -1285786.822100 40 228
199592 37522545.524375 195614262.790964 356.958496 37 3.759310 20.277771 4390042.246888 41869507.981065 -1285701.458690 40 228
199593 37522476.491314 195614262.790964 361.501526 37 3.759302 20.277578 4390035.574342 41869511.798482 -1285616.088416 40 228
199594 37522407.536778 195614262.790964 363.248993 37 3.759294 20.277384 4390028.902281 41869515.616154 -1285530.711278 40 228
199595 37522339.733957 195614262.790964 357.887878 37 3.759287 20.277189 4390022.230705 41869519.434080 -1285445.327278 40 228
199596 37522267.847785 195614262.790964 377.182159 37 3.759279 20.276995 4390015.559613 41869523.252259 -1285359.936413 40 228
199597 37522193.187029 195614262.790964 394.540039 37 3.759272 20.276800 4390008.889007 41869527.070693 -1285274.538685 40 228
199604 37521778.901409 195614262.790964 375.787079 37 3.759219 20.275440 4389962.208347 41869553.806824 -1284676.562519 40 228
199605 37521707.224640 195614262.790964 372.347351 37 3.759211 20.275248 4389955.541622 41869557.627285 -1284591.109910 40 228
199606 37521638.147953 195614262.790964 359.996033 37 3.759203 20.275051 4389948.875383 41869561.447999 -1284505.650444 40 228
199607 37521565.904052 195614262.790964 376.875092 37 3.759195 20.274858 4389942.209628 41869565.268966 -1284420.184119 40 228
199608 37521491.950029 195614262.790964 385.722015 37 3.759187 20.274662 4389935.544359 41869569.090187 -1284334.710936 40 228
199613 37521111.814486 195614262.790964 331.689636 37 3.759138 20.273495 4389895.562942 41869592.022818 -1283821.727884 40 228
199616 37520979.925740 195614262.790964 344.739227 37 3.759121 20.273104 4389882.239688 41869599.669051 -1283650.678693 40 228
199617 37520913.902841 195614263.290964 344.052887 37 3.759112 20.272907 4389875.578790 41869603.492546 -1283565.143818 40 228
199618 37520847.871217 195614263.290964 344.346161 37 3.759104 20.272713 4389868.918377 41869607.316293 -1283479.602089 40 228
199619 37520781.752342 195614263.290964 344.332855 37 3.759095 20.272518 4389862.258450 41869611.140292 -1283394.053509 40 228
199627 37520255.523576 195614262.790964 343.697784 37 3.759024 20.270954 4389808.996531 41869641.741366 -1282709.418242 40 228
199628 37520189.439602 195614262.790964 344.350250 38 3.759015 20.270760 4389802.340978 41869645.567634 -1282623.808012 40 228
199629 37520123.303276 195614263.290964 344.515869 38 3.759005 20.270563 4389795.685912 41869649.394154 -1282538.190934 40 228
199630 37520057.437429 195614263.290964 343.116394 38 3.758996 20.270369 4389789.031332 41869653.220925 -1282452.567009 40 228
199631 37519991.440706 195614263.290964 343.951019 38 3.758986 20.270172 4389782.377238 41869657.047948 -1282366.936237 40 228
199638 37519531.060336 195614263.290964 344.403107 38 3.758921 20.268801 4389735.812202 41869683.844147 -1281767.329165 40 228
199639 37519464.958912 195614263.290964 344.194489 38 3.758913 20.268602 4389729.162001 41869687.673180 -1281681.643635 40 228
199640 37519398.901112 195614263.290964 344.032318 38 3.758904 20.268408 4389722.512285 41869691.502465 -1281595.951263 40 228
199641 37519333.157417 195614263.290964 342.511536 38 3.758895 20.268211 4389715.863057 41869695.332000 -1281510.252048 40 228
199642 37519267.544598 195614263.290964 341.811188 38 3.758887 20.268015 4389709.214315 41869699.161786 -1281424.545992 40 228
199649 37518806.248092 195614262.790964 341.913574 38 3.758825 20.266640 4389662.686755 41869725.977308 -1280824.412070 40 228
199650 37518740.670174 195614262.790964 341.605804 38 3.758817 20.266443 4389656.041908 41869729.809099 -1280738.651296 40 228
199651 37518675.092256 195614262.790964 341.693817 38 3.758808 20.266247 4389649.397549 41869733.641141 -1280652.883685 40 228
199652 37518609.531788 195614262.790964 341.742706 38 3.758799 20.266048 4389642.753677 41869737.473432 -1280567.109236 40 228
199653 37518542.200123 195614262.790964 351.208832 38 3.758790 20.265852 4389636.110291 41869741.305974 -1280481.327951 40 228
199654 37518472.896583 195614262.790964 361.410889 38 3.758402 20.265656 4389629.467393 41869745.138766 -1280395.539828 40 228
199659 37518108.091056 195614262.790964 352.868988 38 3.758451 20.264671 4389596.260212 41869764.306475 -1279966.496685 40 228
199660 37518039.485525 195614262.790964 360.888214 38 3.758446 20.264473 4389589.620239 41869768.140766 -1279880.667555 40 228
199661 37517969.073896 195614262.790964 373.556091 38 3.758440 20.264275 4389582.980752 41869771.975307 -1279794.831591 40 228
199662 37517896.018560 195614262.790964 384.384766 38 3.758435 20.264078 4389576.341753 41869775.810097 -1279708.988793 40 228
199663 37517818.461067 195614262.790964 410.756165 36 3.758429 20.263882 4389569.703241 41869779.645137 -1279623.139163 40 228
199664 37517806.734521 195614262.790964 448.700378 36 3.758424 20.263683 4389563.065218 41869783.480426 -1279537.282719 40 228
199671 37517350.358976 195614263.290964 340.841705 36 3.758393 20.262300 4389516.612708 41869810.334433 -1278936.096262 40 228
199672 37517284.615281 195614263.290964 343.234680 36 3.758389 20.262102 4389509.978586 41869814.171716 -1278850.185167 40 228
199673 37517218.670908 195614263.290964 344.336121 36 3.758386 20.261906 4389503.344952 41869818.009248 -1278764.267243 40 228
199674 37517152.857412 195614263.290964 343.494171 36 3.758381 20.261707 4389496.711806 41869821.847029 -1278678.342493 40 228
199675 37517087.288219 195614263.290964 342.130737 36 3.758377 20.261509 4389490.079148 41869825.685059 -1278592.410916 40 228
199682 37516626.846773 195614263.290964 344.114471 37 3.758343 20.260122 4389443.664211 41869852.558227 -1277990.698772 40 228
199683 37516560.937301 195614263.290964 343.895599 37 3.758339 20.259924 4389437.035459 41869856.398244 -1277904.712598 40 228
199684 37516494.992928 195614262.790964 343.937927 37 3.758336 20.259726 4389430.407195 41869860.238510 -1277818.719602 40 228
199685 37516429.039830 195614262.790964 343.919312 37 3.758332 20.259527 4389423.779419 41869864.079024 -1277732.719784 40 228
199686 37516363.147808 195614263.290964 343.535767 37 3.758330 20.259329 4389417.152132 41869867.919786 -1277646.713144 40 228
199693 37515902.968116 195614262.790964 343.554932 38 3.758301 20.257938 4389370.774801 41869894.812062 -1277044.475703 40 228
199694 37515837.320397 195614262.790964 342.373901 38 3.758297 20.257738 4389364.151422 41869898.654806 -1276958.414507 40 228
199695 37515771.786104 195614262.790964 341.695374 38 3.758292 20.257540 4389357.528533 41869902.497798 -1276872.346494 40 228
199696 37515706.269262 195614262.790964 341.633118 38 3.758288 20.257341 4389350.906132 41869906.341037 -1276786.271663 40 228
199697 37515640.708794 195614262.790964 341.774963 38 3.758283 20.257143 4389344.284220 41869910.184524 -1276700.190017 40 228
199698 37515575.218126 195614262.790964 341.563995 38 3.758279 20.256943 4389337.662797 41869914.028258 -1276614.101554 40 228
199699 37515509.614033 195614262.790964 342.179657 38 3.758275 20.256744 4389331.041863 41869917.872240 -1276528.006275 40 228
199705 37515113.563891 195614262.790964 343.648163 38 3.758249 20.255548 4389291.326528 41869940.941316 -1276011.291505 40 228
199706 37515047.933622 195614262.790964 342.019348 38 3.758244 20.255348 4389284.709018 41869944.787027 -1275925.148530 40 228
199707 37514982.460405 195614262.790964 341.249725 38 3.758239 20.255150 4389278.091996 41869948.632984 -1275838.998743 40 228
199708 37514916.943563 195614262.790964 341.410400 38 3.758233 20.254950 4389271.475464 41869952.479188 -1275752.842145 40 228
199709 37514851.452895 195614262.790964 341.230835 38 3.758227 20.254749 4389264.859422 41869956.325638 -1275666.678736 40 228
199710 37514783.239994 195614262.790964 356.144958 38 3.758221 20.254551 4389258.243868 41869960.172335 -1275580.508515 40 228
199711 37514709.032943 195614262.790964 387.119904 38 3.758215 20.254351 4389251.628804 41869964.019279 -1275494.331483 40 228
199717 37514288.255843 195614262.790964 355.745758 38 3.758182 20.253151 4389211.948699 41869987.106112 -1274977.126312 40 228
199718 37514256.679674 195614262.790964 358.628448 38 3.758176 20.252953 4389205.337063 41869990.954779 -1274890.901634 40 228
199719 37514187.524461 195614262.790964 365.476990 38 3.758170 20.252750 4389198.725915 41869994.803692 -1274804.670139 40 228
199720 37514119.590763 195614262.790964 354.198853 38 3.758164 20.252552 4389192.115257 41869998.652851 -1274718.431839 40 228
199721 37514049.144234 195614262.790964 368.568451 38 3.758158 20.252352 4389185.505089 41870002.502255 -1274632.186732 40 228
199722 37513975.931846 195614262.790964 382.857178 38 3.758151 20.252150 4389178.895411 41870006.351906 -1274545.934819 40 228
199730 37513412.333438 195614262.790964 370.289154 38 3.758098 20.250547 4389126.035623 41870037.157952 -1273855.674601 40 228
199731 37513344.042011 195614262.790964 361.738617 37 3.758091 20.250345 4389119.430355 41870041.009812 -1273769.361465 40 228
199732 37513345.228626 195614262.790964 381.610443 37 3.758084 20.250145 4389112.825578 41870044.861916 -1273683.041548 40 228
199733 37513267.295954 195614262.790964 406.955566 37 3.758078 20.249945 4389106.221290 41870048.714266 -1273596.714809 40 228
199734 37513188.420969 195614262.790964 410.806519 37 3.758070 20.249744 4389099.617492 41870052.566861 -1273510.381271 40 228
199736 37512971.636914 195614262.790964 354.404541 37 3.758049 20.249140 4389079.809042 41870064.126116 -1273251.339871 40 228
199742 37512686.526532 195614262.790964 370.277313 37 3.758010 20.248135 4389046.804767 41870083.396434 -1272819.468274 40 228
199743 37512613.139641 195614262.790964 356.759735 37 3.758003 20.247934 4389040.205384 41870087.251232 -1272733.073562 40 228
199744 37512542.806539 195614262.790964 366.452362 37 3.757995 20.247734 4389033.606491 41870091.106273 -1272646.672056 40 228
199745 37512470.841841 195614262.790964 374.820343 37 3.757987 20.247530 4389027.008089 41870094.961560 -1272560.263755 40 228
199746 37512401.355074 195614262.790964 362.414063 37 3.757978 20.247330 4389020.410177 41870098.817090 -1272473.848661 40 228
199754 37511880.073444 195614262.790964 361.116333 36 3.757905 20.245716 4388967.644557 41870129.670118 -1271782.283394 40 228
199755 37511811.171259 195614262.790964 360.297089 36 3.757896 20.245516 4388961.051064 41870133.527844 -1271695.807175 40 228
199756 37511740.017997 195614262.790964 372.045807 36 3.757888 20.245312 4388954.458062 41870137.385813 -1271609.324166 40 228
199757 37511669.213738 195614262.790964 370.480286 36 3.757879 20.245111 4388947.865551 41870141.244026 -1271522.834369 40 228
199758 37511598.758484 195614262.790964 369.208130 36 3.757871 20.244907 4388941.273531 41870145.102482 -1271436.337783 40 228
199759 37511529.978451 195614262.790964 363.145538 36 3.757863 20.244707 4388934.682002 41870148.961182 -1271349.834409 40 228
199765 37511120.971522 195614263.290964 351.562500 36 3.757812 20.243494 4388895.143148 41870172.118489 -1270830.671651 40 228
199766 37511050.891448 195614262.790964 368.714874 36 3.757804 20.243290 4388888.555059 41870175.978892 -1270744.120774 40 228
199767 37510977.207903 195614262.790964 387.918213 36 3.757796 20.243088 4388881.967461 41870179.839537 -1270657.563112 40 228
199768 37510901.622285 195614262.790964 399.134155 36 3.757788 20.242886 4388875.380355 41870183.700424 -1270570.998666 40 228
199769 37510902.180692 195614262.790964 383.853851 36 3.757780 20.242683 4388868.793742 41870187.561554 -1270484.427458 40 228
199770 37510832.135518 195614262.790964 364.986725 36 3.757773 20.242481 4388862.207620 41870191.422927 -1270397.849447 40 228
199771 37510763.320585 195614262.790964 359.105713 36 3.757765 20.242277 4388855.621988 41870195.284543 -1270311.264654 40 228
199779 37510213.228646 195614262.790964 375.829315 37 3.757711 20.240656 4388802.954644 41870226.186199 -1269618.342202 40 228
199780 37510145.312398 195614262.790964 358.989929 37 3.757703 20.240452 4388796.373439 41870230.049996 -1269531.696388 40 228
199781 37510078.155235 195614262.790964 355.661621 37 3.757694 20.240250 4388789.792727 41870233.914035 -1269445.043797 40 228
199784 37509905.511506 195614262.790964 373.045380 37 3.757668 20.239637 4388770.053543 41870245.507603 -1269185.045372 40 228
199785 37509834.611271 195614262.790964 369.845886 37 3.757658 20.239435 4388763.474799 41870249.372610 -1269098.365673 40 228
199786 37509765.124504 195614262.790964 363.294189 37 3.757650 20.239233 4388756.896548 41870253.237858 -1269011.679199 40 228
199787 37509697.670688 195614262.790964 355.466217 37 3.757642 20.239029 4388750.318788 41870257.103348 -1268924.985951 40 228
199788 37509627.843641 195614262.790964 368.638275 37 3.757635 20.238825 4388743.741521 41870260.969079 -1268838.285927 40 228
199789 37509556.262848 195614262.790964 377.264801 37 3.757630 20.238621 4388737.164746 41870264.835052 -1268751.579128 40 228
199790 37509486.270025 195614262.790964 369.946259 37 3.757626 20.238419 4388730.588464 41870268.701266 -1268664.865557 40 228
199791 37509415.570468 195614262.790964 371.103577 37 3.757621 20.238214 4388724.012674 41870272.567722 -1268578.145212 40 228
199792 37509346.266928 195614262.790964 363.512268 37 3.757614 20.238010 4388717.437376 41870276.434419 -1268491.418095 40 228
199793 37509318.555982 195614262.790964 343.815247 37 3.757607 20.237806 4388710.862572 41870280.301357 -1268404.684218 40 228
199794 37509253.431770 195614262.790964 343.768829 37 3.757600 20.237602 4388704.288260 41870284.168536 -1268317.943558 40 228
199795 37509187.688074 195614262.790964 342.806000 37 3.757592 20.237398 4388697.714440 41870288.035957 -1268231.196126 40 228
199803 37508661.459308 195614262.790964 344.688110 37 3.757526 20.235767 4388645.141618 41870318.983994 -1267536.972966 40 228
199804 37508595.427684 195614262.790964 344.113678 37 3.757518 20.235561 4388638.572233 41870322.853581 -1267450.164613 40 228
199805 37508529.404785 195614263.290964 343.864990 37 3.757511 20.235359 4388632.003341 41870326.723410 -1267363.349494 40 228
199806 37508463.704716 195614263.290964 342.290680 37 3.757503 20.235153 4388625.434942 41870330.593478 -1267276.527608 40 228
199807 37508398.065722 195614263.290964 342.015472 37 3.757496 20.234949 4388618.867035 41870334.463787 -1267189.698957 40 228
199817 37507729.853259 195614262.790964 346.279236 37 3.757411 20.232901 4388553.215097 41870373.180084 -1266321.040431 40 228
199818 37507668.158014 195614262.790964 322.227051 37 3.757403 20.232697 4388546.652617 41870377.053032 -1266234.137389 40 228
199819 37507606.986276 195614262.790964 319.755646 37 3.757393 20.232491 4388540.090630 41870380.926221 -1266147.227586 40 228
199820 37507544.750074 195614262.790964 324.690735 37 3.757384 20.232286 4388533.529136 41870384.799648 -1266060.311023 40 228
199821 37507480.829927 195614262.790964 332.955353 37 3.757374 20.232080 4388526.968136 41870388.673316 -1265973.387701 40 228
199822 37507415.888941 195614262.790964 338.016388 37 3.757365 20.231876 4388520.407630 41870392.547222 -1265886.457619 40 228
199823 37507350.084170 195614262.790964 342.422882 37 3.757355 20.231670 4388513.847617 41870396.421369 -1265799.520779 40 228
199832 37506757.300273 195614262.790964 343.412964 37 3.757269 20.229822 4388454.829720 41870431.299443 -1265016.785172 40 228
199833 37506691.041797 195614262.790964 344.666443 37 3.757259 20.229616 4388448.274645 41870435.175978 -1264929.780774 40 228
199834 37506624.835671 195614262.790964 344.265350 37 3.757250 20.229410 4388441.720064 41870439.052753 -1264842.769623 40 228
199835 37506558.629545 195614262.790964 344.393402 37 3.757240 20.229204 4388435.165977 41870442.929766 -1264755.751718 40 228
199845 37505900.669085 195614262.790964 343.529602 38 3.757148 20.227142 4388369.652292 41870481.713004 -1263885.201382 40 228
199846 37505834.558935 195614262.790964 344.083984 38 3.757140 20.226936 4388363.103642 41870485.592637 -1263798.109228 40 228
199847 37505768.536036 195614262.790964 343.528717 38 3.757132 20.226730 4388356.555487 41870489.472508 -1263711.010328 40 228
199848 37505702.548038 195614262.790964 343.548218 38 3.757122 20.226524 4388350.007826 41870493.352617 -1263623.904680 40 228
199849 37505636.472788 195614262.790964 343.932037 38 3.757114 20.226318 4388343.460660 41870497.232963 -1263536.792286 40 228
199850 37505570.484790 195614262.790964 343.371429 38 3.757105 20.226110 4388336.913989 41870501.113547 -1263449.673146 40 228
199857 37505110.226572 195614262.790964 343.105499 38 3.757044 20.224499 4388291.101141 41870528.284282 -1262839.650329 40 228
199858 37505044.133872 195614262.790964 344.139069 38 3.757036 20.224291 4388284.558428 41870532.166764 -1262752.477240 40 228
199859 37504978.067348 195614262.790964 343.957001 38 3.757026 20.224085 4388278.016209 41870536.049484 -1262665.297409 40 228
199859 37504912.009548 195614262.790964 343.843628 38 3.757026 20.224085 4388278.016209 41870536.049484 -1262665.297409 40 228
199868 37504423.412177 195614262.790964 312.718903 38 3.756937 20.222219 4388219.158524 41870571.004614 -1261880.375651 40 228
199869 37504362.380040 195614262.790964 314.908691 38 3.756926 20.222012 4388212.621258 41870574.889700 -1261793.128431 40 228
199870 37504297.884035 195614262.790964 332.654907 38 3.756915 20.221804 4388206.084486 41870578.775023 -1261705.874474 40 228
199871 37504196.192892 195614262.790964 319.829437 38 3.756904 20.221598 4388199.548209 41870582.660582 -1261618.613769 40 228
199872 37504138.205818 195614262.790964 301.249146 38 3.756893 20.221388 4388193.012429 41870586.546377 -1261531.346343 40 228
199880 37503611.148167 195614262.790964 367.297180 38 3.756813 20.219727 4388140.744023 41870617.641233 -1260832.964488 40 228
199881 37503538.424384 195614262.790964 377.357086 38 3.756803 20.219517 4388134.212702 41870621.529151 -1260745.636458 40 228
199882 37503463.650201 195614262.790964 388.378632 38 3.756793 20.219309 4388127.681878 41870625.417305 -1260658.301696 40 228
199883 37503391.432475 195614262.790964 375.171417 38 3.756784 20.219101 4388121.151549 41870629.305694 -1260570.960204 40 228
199884 37503322.757143 195614262.790964 358.225525 38 3.756774 20.218893 4388114.621716 41870633.194318 -1260483.611984 40 228
199895 37502590.057401 195614262.790964 370.037811 38 3.756667 20.216599 4388042.826292 41870675.984707 -1259522.337527 40 228
199896 37502519.898800 195614262.790964 366.749573 38 3.756657 20.216389 4388036.302412 41870679.876152 -1259434.908583 40 228
199897 37502454.486659 195614262.790964 344.999542 38 3.756648 20.216181 4388029.779029 41870683.767831 -1259347.472917 40 228
199898 37502388.734239 195614262.790964 344.744751 38 3.756639 20.215971 4388023.256142 41870687.659745 -1259260.030527 40 228
199899 37502323.339548 195614262.790964 345.032532 38 3.756630 20.215763 4388016.733752 41870691.551893 -1259172.581414 40 228
199900 37502257.909956 195614262.790964 345.051025 38 3.756620 20.215553 4388010.211858 41870695.444276 -1259085.125579 40 228
199908 37501735.633664 195614262.790964 344.605865 38 3.756552 20.213879 4387958.054582 41870726.591767 -1258385.236948 40 228
199909 37501670.090646 195614263.290964 342.829590 38 3.756544 20.213671 4387951.537157 41870730.486257 -1258297.720631 40 228
199910 37501604.530178 195614263.290964 342.899475 38 3.756537 20.213461 4387945.020230 41870734.380980 -1258210.197597 40 228
199911 37501538.751583 195614263.290964 344.007935 38 3.756529 20.213251 4387938.503799 41870738.275937 -1258122.667845 40 228
199912 37501472.972987 195614263.290964 343.802124 38 3.756520 20.213041 4387931.987865 41870742.171127 -1258035.131376 40 228
199913 37501407.368893 195614263.290964 343.218933 38 3.756511 20.212831 4387925.472428 41870746.066551 -1257947.588191 40 228
199920 37500947.799959 195614263.290964 342.950806 38 3.756450 20.211363 4387879.878286 41870773.341054 -1257334.597879 40 228
199921 37500881.977738 195614263.290964 344.139160 38 3.756441 20.211153 4387873.366826 41870777.238344 -1257247.000979 40 228
199922 37500816.199142 195614263.290964 343.743683 38 3.756432 20.210941 4387866.855863 41870781.135868 -1257159.397367 40 228
199923 37500750.298395 195614262.790964 344.665222 38 3.756423 20.210732 4387860.345397 41870785.033624 -1257071.787044 40 228
199924 37500684.449998 195614262.790964 344.047089 38 3.756414 20.210522 4387853.835429 41870788.931613 -1256984.170009 40 228
199932 37500158.936691 195614262.790964 344.097870 38 3.756346 20.208838 4387801.773589 41870820.123902 -1256282.992184 40 228
199933 37500094.746065 195614262.790964 342.546875 38 3.756337 20.208628 4387795.268098 41870824.023984 -1256195.314769 40 228
199934 37500029.194322 195614262.790964 342.387238 38 3.756329 20.208418 4387788.763104 41870827.924298 -1256107.630647 40 228
199935 37499963.572778 195614262.790964 342.209839 38 3.756321 20.208206 4387782.258609 41870831.824844 -1256019.939820 40 228
199936 37499898.047210 195614262.790964 342.133453 38 3.756312 20.207994 4387775.754611 41870835.725623 -1255932.242286 40 228
199937 37499832.006861 195614262.790964 344.613922 38 3.756305 20.207785 4387769.251111 41870839.626633 -1255844.538047 40 228
199938 37499766.018863 195614262.790964 344.586243 38 3.756296 20.207573 4387762.748109 41870843.527876 -1255756.827104 40 228
199945 37499309.250688 195614262.790964 341.946014 38 3.756238 20.206097 4387717.241036 41870870.843063 -1255142.662811 40 228
199946 37499243.882173 195614262.790964 340.812500 38 3.756230 20.205885 4387710.742017 41870874.746159 -1255054.898247 40 228
199947 37499178.234454 195614262.790964 342.123718 38 3.756222 20.205673 4387704.243497 41870878.649487 -1254967.126982 40 228
199948 37499112.377332 195614262.790964 343.251587 38 3.756214 20.205462 4387697.745475 41870882.553045 -1254879.349017 40 228
199949 37499047.942403 195614262.790964 344.705170 38 3.756206 20.205250 4387691.247951 41870886.456835 -1254791.564353 40 228
199950 37498980.392610 195614262.790964 352.223969 38 3.756198 20.205038 4387684.750926 41870890.360857 -1254703.772989 40 228
199959 37498384.424049 195614262.790964 367.734100 38 3.756125 20.203133 4387626.300124 41870925.507440 -1253913.349336 40 228
199960 37498314.073496 195614262.790964 367.621643 38 3.756117 20.202921 4387619.808083 41870929.413770 -1253825.491006 40 228
199961 37498243.914895 195614262.790964 366.519257 38 3.756109 20.202709 4387613.316540 41870933.320330 -1253737.625982 40 228
199962 37498172.761633 195614262.790964 372.142975 38 3.756101 20.202497 4387606.825496 41870937.227121 -1253649.754265 40 228
199963 37498102.550682 195614262.790964 369.651367 38 3.756094 20.202284 4387600.334951 41870941.134142 -1253561.875854 40 228
199973 37497453.402582 195614262.790964 367.735962 38 3.756022 20.200161 4387535.456941 41870980.217007 -1252682.723756 40 228
199974 37497378.227044 195614262.790964 392.503448 38 3.756014 20.199947 4387528.971884 41870984.126558 -1252594.771752 40 228
199975 37497303.330709 195614262.790964 391.992554 38 3.756007 20.199736 4387522.487326 41870988.036339 -1252506.813061 40 228
199976 37497231.488163 195614262.790964 379.746704 38 3.756000 20.199522 4387516.003268 41870991.946349 -1252418.847684 40 228
199977 37497162.236974 195614262.790964 363.437012 38 3.755992 20.199310 4387509.519709 41870995.856588 -1252330.875621 40 228
199978 37497094.216025 195614262.790964 361.078979 38 3.755985 20.199097 4387503.036649 41870999.767057 -1252242.896872 40 228
199983 37496707.641351 195614262.790964 394.919006 37 3.755939 20.197817 4387464.148778 41871023.234683 -1251714.884012 40 228
199987 37496490.866021 195614262.790964 358.864349 37 3.755917 20.197178 4387444.711584 41871034.971588 -1251450.787351 40 228
199988 37496421.265828 195614262.790964 368.670441 37 3.755909 20.196964 4387438.233519 41871038.884348 -1251362.741768 40 228
199989 37496420.812122 195614262.790964 390.015076 37 3.755902 20.196751 4387431.755955 41871042.797335 -1251274.689525 40 228
199990 37496345.584234 195614262.790964 391.256958 37 3.755895 20.196537 4387425.278889 41871046.710552 -1251186.630580 40 228
199991 37496275.966590 195614262.790964 361.586670 37 3.755888 20.196323 4387418.802323 41871050.623997 -1251098.564956 40 228
199992 37496213.014929 195614262.790964 327.976532 37 3.755880 20.196110 4387412.326257 41871054.537670 -1251010.492655 40 228
199999 37495769.063940 195614263.290964 344.746490 37 3.755831 20.194614 4387367.007790 41871081.939779 -1250393.799566 40 228
200000 37495702.674586 195614263.290964 344.155029 37 3.755823 20.194401 4387360.535723 41871085.855278 -1250305.673846 40 228
200001 37495636.154356 195614263.290964 344.799469 37 3.755816 20.194187 4387354.064156 41871089.771006 -1250217.541450 40 228
200002 37495569.686477 195614263.290964 344.582733 37 3.755808 20.193972 4387347.593089 41871093.686961 -1250129.402380 40 228
200003 37495503.332024 195614263.290964 344.097534 37 3.755802 20.193758 4387341.122523 41871097.603144 -1250041.256636 40 228
200011 37494969.268110 195614262.790964 360.762665 37 3.755743 20.192043 4387289.376000 41871128.940801 -1249335.850470 40 228
200012 37494900.453177 195614262.790964 357.419495 37 3.755735 20.191830 4387282.909937 41871132.859032 -1249247.644678 40 228
200013 37494830.757007 195614262.790964 362.795898 37 3.755728 20.191614 4387276.444373 41871136.777489 -1249159.432217 40 228
200014 37494761.182989 195614262.790964 361.782318 37 3.755720 20.191401 4387269.979311 41871140.696174 -1249071.213086 40 228
200015 37494695.046664 195614262.790964 344.450073 37 3.755713 20.191185 4387263.514749 41871144.615085 -1248982.987288 40 228
200016 37494629.032490 195614263.290964 344.031311 37 3.755705 20.190969 4387257.050688 41871148.534224 -1248894.754822 40 228
200023 37494168.451443 195614263.290964 341.925842 38 3.755651 20.189465 4387211.816279 41871175.974544 -1248276.940898 40 228
200024 37494102.507070 195614263.290964 343.781128 38 3.755642 20.189251 4387205.356224 41871179.895496 -1248188.655104 40 228
200025 37494036.257318 195614263.290964 345.173492 38 3.755635 20.189035 4387198.896669 41871183.816674 -1248100.362647 40 228
200026 37493970.051192 195614263.290964 344.947357 38 3.755627 20.188820 4387192.437616 41871187.738079 -1248012.063526 40 228
200027 37493903.853791 195614263.290964 344.956665 38 3.755619 20.188604 4387185.979064 41871191.659710 -1247923.757742 40 228
200036 37493311.549776 195614262.790964 344.920380 38 3.755543 20.186665 4387127.874646 41871226.964560 -1247128.705939 40 228
200037 37493245.439626 195614262.790964 344.310730 38 3.755535 20.186449 4387121.421105 41871230.888450 -1247040.333552 40 228
200038 37493179.364376 195614262.790964 344.273285 38 3.755525 20.186234 4387114.968067 41871234.812565 -1246951.954508 40 228
200039 37493113.306577 195614262.790964 343.995148 38 3.755516 20.186016 4387108.515529 41871238.736906 -1246863.568806 40 228
200047 37492586.606655 195614262.790964 344.537201 38 3.755440 20.184288 4387056.913286 41871270.139745 -1246156.243591 40 228
200048 37492520.435429 195614262.790964 344.510437 38 3.755431 20.184072 4387050.465263 41871274.066112 -1246067.797995 40 228
200049 37492454.473606 195614262.790964 343.509644 38 3.755421 20.183855 4387044.017742 41871277.992705 -1245979.345747 40 228
200050 37492388.337281 195614262.790964 344.356354 38 3.755411 20.183640 4387037.570722 41871281.919522 -1245890.886847 40 228
200051 37492322.436534 195614262.790964 343.189636 38 3.755401 20.183422 4387031.124205 41871285.846564 -1245802.421295 40 228
200052 37492256.465985 195614262.790964 343.608002 38 3.755391 20.183205 4387024.678189 41871289.773831 -1245713.949092 40 228
200059 37491795.003702 195614262.790964 344.922974 38 3.755325 20.181688 4386979.570136 41871317.270982 -1245094.457484 40 228
200060 37491728.902278 195614262.790964 343.889221 38 3.755316 20.181471 4386973.128137 41871321.200043 -1245005.932089 40 228
200061 37491663.053881 195614262.790964 342.790100 38 3.755308 20.181255 4386966.686640 41871325.129329 -1244917.400048 40 228
200062 37491597.292735 195614262.790964 342.417938 38 3.755298 20.181038 4386960.245645 41871329.058839 -1244828.861360 40 228
200063 37491531.671192 195614262.790964 341.793152 38 3.755289 20.180820 4386953.805152 41871332.988572 -1244740.316026 40 228
200068 37491200.797613 195614262.790964 345.162109 38 3.755244 20.179735 4386921.610225 41871352.640597 -1244297.489688 40 228
200069 37491134.635113 195614262.790964 344.623413 38 3.755234 20.179516 4386915.172747 41871356.571673 -1244208.904488 40 228
200070 37491068.516238 195614262.790964 344.117554 38 3.755225 20.179298 4386908.735771 41871360.502972 -1244120.312646 40 228
200071 37491002.659116 195614262.790964 342.756500 38 3.755216 20.179081 4386902.299298 41871364.434495 -1244031.714162 40 228
200078 37490541.598188 195614262.790964 343.224945 38 3.755150 20.177559 4386857.258061 41871391.961405 -1243411.338838 40 228
200079 37490475.601464 195614262.790964 343.707031 38 3.755141 20.177341 4386850.825609 41871395.894713 -1243322.687234 40 228
200080 37490409.517490 195614262.790964 344.078400 38 3.755131 20.177124 4386844.393661 41871399.828244 -1243234.028992 40 228
200081 37490343.416065 195614262.790964 344.394745 38 3.755122 20.176905 4386837.962215 41871403.761998 -1243145.364113 40 228
200082 37490277.576393 195614262.790964 342.838531 38 3.755113 20.176685 4386831.531272 41871407.695974 -1243056.692597 40 228
200091 37489672.751847 195614262.790964 370.630310 38 3.755034 20.174723 4386773.675425 41871443.111774 -1242258.350368 40 228
200092 37489603.544283 195614262.790964 361.257080 38 3.755026 20.174503 4386767.249513 41871447.047974 -1242169.612508 40 228
200093 37489533.717237 195614262.790964 365.632446 38 3.755018 20.174286 4386760.824105 41871450.984396 -1242080.868016 40 228
200094 37489463.523736 195614262.790964 367.054230 38 3.755010 20.174067 4386754.399200 41871454.921040 -1241992.116892 40 228
200102 37488939.991028 195614262.790964 363.736572 38 3.754948 20.172318 4386703.018087 41871486.422175 -1241281.869252 40 228
200103 37488868.445136 195614262.790964 377.147186 38 3.754939 20.172098 4386696.597713 41871490.360814 -1241193.058468 40 228
200104 37488795.669002 195614262.790964 381.631622 38 3.754931 20.171879 4386690.177844 41871494.299674 -1241104.241058 40 228
200105 37488720.798843 195614262.790964 392.596619 38 3.754922 20.171659 4386683.758478 41871498.238756 -1241015.417021 40 228
200106 37488647.664981 195614262.790964 384.018433 37 3.754914 20.171440 4386677.339616 41871502.178058 -1240926.586359 40 228
200106 37488574.103588 195614262.790964 390.435699 37 3.754914 20.171440 4386677.339616 41871502.178058 -1240926.586359 40 228
200108 37488499.530082 195614262.790964 394.080902 37 3.754898 20.171001 4386664.503403 41871510.057327 -1240748.905159 40 228
200117 37487971.198565 195614262.790964 343.992249 37 3.754817 20.169025 4386606.765395 41871545.524965 -1239949.011967 40 228
200118 37487904.992439 195614263.290964 344.690247 37 3.754808 20.168806 4386600.352581 41871549.466917 -1239860.101837 40 228
200119 37487838.917189 195614262.790964 343.939667 37 3.754798 20.168587 4386593.940271 41871553.409089 -1239771.185088 40 228
