199376 36735040.519999 191437342.054850 306.817200 43 2.995773 16.374596 -14804511.761648 39442663.861073 -216419.795499 54 188
199377 36734974.593077 191437342.054850 336.353607 43 2.995768 16.374428 -14804515.925220 39442664.382612 -216328.852875 54 188
199378 36734908.500377 191437342.054850 336.968964 43 2.995763 16.374258 -14804520.088516 39442664.904249 -216237.909095 54 188
199379 36734801.329865 191437342.054850 337.062164 43 2.995759 16.374090 -14804524.251535 39442665.425985 -216146.964146 54 188
199380 36734736.528481 191437342.054850 337.113953 43 2.995754 16.373922 -14804528.414277 39442665.947818 -216056.018054 54 188
199381 36734671.666022 191437342.054850 337.588135 43 2.995750 16.373753 -14804532.576741 39442666.469750 -215965.070807 54 188
199382 36734606.620335 191437342.054850 338.528320 43 2.995745 16.373585 -14804536.738929 39442666.991780 -215874.122406 54 188
199386 36734345.032846 191437342.054850 339.924683 43 2.995727 16.372910 -14804553.384910 39442669.080882 -215510.317264 54 188
199387 36734279.865008 191437342.054850 339.268890 44 2.995722 16.372742 -14804557.545713 39442669.603402 -215419.363096 54 188
199388 36734214.513943 191437342.054850 339.924896 44 2.995717 16.372572 -14804561.706238 39442670.126021 -215328.407776 54 188
199389 36734149.442081 191437342.054850 338.587402 44 2.995712 16.372402 -14804565.866487 39442670.648738 -215237.451305 54 188
199395 36733759.080710 191437342.054850 339.347534 44 2.995680 16.371389 -14804590.822162 39442673.787095 -214691.688331 54 188
199396 36733694.017573 191437342.054850 338.477814 44 2.995675 16.371220 -14804594.980471 39442674.310498 -214600.723814 54 188
199397 36733629.172564 191437342.054850 337.338593 44 2.995669 16.371050 -14804599.138504 39442674.833998 -214509.758149 54 188
199398 36733564.275204 191437342.054850 337.472534 44 2.995664 16.370880 -14804603.296259 39442675.357596 -214418.791338 54 188
199402 36733287.715428 191437342.054850 364.208954 44 2.995642 16.370203 -14804619.924510 39442677.452967 -214054.912632 54 188
199404 36733152.991022 191437342.054850 352.460144 44 2.995630 16.369865 -14804628.236972 39442678.501239 -213872.966408 54 188
199405 36733084.184814 191437342.054850 360.514893 44 2.995625 16.369696 -14804632.392788 39442679.025522 -213781.991581 54 188
199406 36733014.410118 191437342.054850 368.061554 44 2.995619 16.369526 -14804636.548327 39442679.549902 -213691.015610 54 188
199407 36732943.344106 191437342.054850 375.311310 44 2.995614 16.369356 -14804640.703588 39442680.074380 -213600.038496 54 188
199413 36732562.257526 191437342.054850 388.359863 44 2.995579 16.368338 -14804665.629336 39442683.223299 -213054.151862 54 188
199414 36732491.278766 191437342.054850 373.964691 44 2.995574 16.368168 -14804669.782657 39442683.748460 -212963.166764 54 188
199415 36732422.734310 191437342.054850 362.587799 44 2.995568 16.367998 -14804673.935701 39442684.273719 -212872.180528 54 188
199416 36732353.954277 191437342.054850 364.159332 44 2.995562 16.367828 -14804678.088468 39442684.799076 -212781.193153 54 188
199417 36732283.551374 191437342.054850 373.478790 42 2.995556 16.367659 -14804682.240958 39442685.324529 -212690.204640 54 188
199418 36732211.333648 191437342.054850 383.318542 42 2.995551 16.367489 -14804686.393171 39442685.850081 -212599.214989 54 188
199426 36731737.891790 191437342.054850 339.057587 42 2.995512 16.366127 -14804719.600890 39442690.057998 -211871.256935 54 188
199427 36731672.942080 191437342.554850 338.827606 42 2.995507 16.365957 -14804723.750607 39442690.584426 -211780.257073 54 188
199428 36731608.009819 191437342.554850 339.301453 42 2.995502 16.365788 -14804727.900047 39442691.110951 -211689.256079 54 188
199429 36731543.173535 191437342.554850 338.594391 42 2.995498 16.365616 -14804732.049210 39442691.637573 -211598.253953 54 188
199430 36731478.223825 191437342.554850 338.972290 42 2.995493 16.365446 -14804736.198095 39442692.164293 -211507.250695 54 188
199437 36731025.111471 191437342.554850 339.438354 43 2.995461 16.364252 -14804765.232529 39442695.854051 -210870.196256 54 188
199438 36730960.414789 191437342.554850 337.407349 43 2.995457 16.364080 -14804769.379196 39442696.381548 -210779.183964 54 188
199439 36730895.927509 191437342.554850 336.709015 43 2.995452 16.363911 -14804773.525586 39442696.909141 -210688.170546 54 188
199440 36730831.344253 191437342.554850 336.919403 43 2.995448 16.363739 -14804777.671698 39442697.436832 -210597.156000 54 188
199441 36730766.760998 191437342.054850 336.720367 43 2.995443 16.363569 -14804781.817533 39442697.964620 -210506.140329 54 188
199442 36730701.811287 191437342.054850 338.653198 44 2.995440 16.363398 -14804785.963091 39442698.492505 -210415.123532 54 188
199446 36730441.672166 191437342.554850 338.852997 44 2.995422 16.362715 -14804802.542547 39442700.605015 -210051.045101 54 188
199447 36730377.071460 191437342.554850 337.165070 44 2.995418 16.362543 -14804806.686718 39442701.133385 -209960.022684 54 188
199448 36730312.540555 191437342.554850 336.555603 44 2.995414 16.362371 -14804810.830611 39442701.661851 -209868.999143 54 188
199449 36730247.922399 191437342.554850 336.665344 44 2.995409 16.362200 -14804814.974227 39442702.190415 -209777.974481 54 188
199450 36730183.347868 191437342.554850 336.489716 44 2.995404 16.362028 -14804819.117565 39442702.719075 -209686.948697 54 188
199451 36730116.408833 191437342.054850 349.068176 44 2.995399 16.361858 -14804823.260626 39442703.247832 -209595.921791 54 188
199456 36729779.427678 191437342.054850 338.604980 44 2.995374 16.361002 -14804843.971770 39442705.893070 -209140.770461 54 188
199457 36729714.914223 191437342.054850 337.831635 44 2.995369 16.360830 -14804848.113166 39442706.422408 -209049.736838 54 188
199458 36729650.610170 191437342.054850 336.630463 44 2.995365 16.360659 -14804852.254285 39442706.951843 -208958.702098 54 188
199459 36729586.288668 191437342.054850 336.716949 44 2.995360 16.360487 -14804856.395126 39442707.481374 -208867.666240 54 188
199460 36729522.263819 191437342.054850 336.798828 44 2.995355 16.360315 -14804860.535690 39442708.011002 -208776.629266 54 188
199465 36729199.207938 191437342.054850 339.499481 44 2.995332 16.359457 -14804881.234347 39442710.660590 -208321.427660 54 188
199466 36729134.781734 191437342.054850 338.223907 44 2.995327 16.359285 -14804885.373246 39442711.190798 -208230.383994 54 188
199467 36729069.954175 191437342.054850 338.885223 44 2.995323 16.359114 -14804889.511867 39442711.721102 -208139.339215 54 188
199468 36729005.292393 191437342.054850 338.918030 44 2.995319 16.358942 -14804893.650211 39442712.251502 -208048.293323 54 188
199469 36728940.761488 191437342.054850 337.156494 44 2.995314 16.358768 -14804897.788277 39442712.781999 -207957.246318 54 188
199475 36728553.759284 191437342.054850 339.024445 44 2.995287 16.357738 -14804922.610846 39442715.967007 -207410.940959 54 188
199476 36728488.984076 191437342.054850 338.094086 44 2.995282 16.357565 -14804926.746969 39442716.498179 -207319.886181 54 188
199477 36728424.680024 191437342.054850 336.698608 44 2.995277 16.357393 -14804930.882815 39442717.029447 -207228.830294 54 188
199478 36728360.367246 191437342.054850 336.687256 44 2.995273 16.357222 -14804935.018383 39442717.560812 -207137.773299 54 188
199479 36728295.897417 191437342.054850 336.479156 44 2.995268 16.357048 -14804939.153674 39442718.092272 -207046.715196 54 188
199484 36727971.593845 191437342.054850 337.661835 44 2.995245 16.356186 -14804959.825962 39442720.751021 -206591.408088 54 188
199485 36727907.132741 191437342.054850 336.755676 44 2.995240 16.356014 -14804963.959587 39442721.283059 -206500.343350 54 188
199486 36727842.942115 191437342.054850 336.603394 44 2.995236 16.355841 -14804968.092934 39442721.815194 -206409.277507 54 188
199487 36727778.699138 191437342.054850 336.611542 44 2.995231 16.355669 -14804972.226003 39442722.347424 -206318.210561 54 188
199488 36727719.481824 191437342.054850 336.350250 44 2.995226 16.355497 -14804976.358795 39442722.879751 -206227.142513 54 188
199489 36727654.505939 191437342.054850 338.819824 44 2.995221 16.355324 -14804980.491309 39442723.412174 -206136.073360 54 188
199490 36727524.807195 191437342.054850 339.050690 44 2.995211 16.354979 -14804988.755504 39442724.477308 -205953.931752 54 188
199494 36727329.931889 191437342.554850 338.136292 44 2.995195 16.354460 -14805001.149714 39442726.075729 -205680.711077 54 188
199495 36727265.252657 191437342.554850 337.170715 44 2.995190 16.354288 -14805005.280562 39442726.608728 -205589.635318 54 188
199496 36727200.608325 191437342.554850 336.986877 44 2.995184 16.354115 -14805009.411133 39442727.141823 -205498.558459 54 188
199497 36727135.841842 191437342.554850 337.620331 44 2.995179 16.353941 -14805013.541425 39442727.675014 -205407.480502 54 188
199498 36727071.014283 191437342.554850 337.694000 44 2.995173 16.353769 -14805017.671440 39442728.208301 -205316.401447 54 188
199499 36727005.828995 191437342.554850 339.512817 44 2.995168 16.353596 -14805021.801177 39442728.741684 -205225.321293 54 188
199504 36726680.364983 191437342.554850 338.749390 45 2.995138 16.352730 -14805042.445696 39442731.410036 -204769.904077 54 188
199505 36726615.467624 191437342.554850 337.935425 45 2.995132 16.352556 -14805046.573767 39442731.943994 -204678.817346 54 188
199506 36726550.369586 191437342.554850 338.683838 45 2.995126 16.352383 -14805050.701560 39442732.478048 -204587.729521 54 188
199507 36726485.332625 191437342.554850 338.428619 45 2.995120 16.352209 -14805054.829075 39442733.012197 -204496.640601 54 188
199514 36726031.600788 191437342.554850 339.115448 45 2.995077 16.350996 -14805083.713901 39442736.753924 -203858.987577 54 188
199515 36725966.249723 191437342.554850 339.800537 45 2.995071 16.350822 -14805087.839194 39442737.288839 -203767.889923 54 188
199516 36725901.073160 191437342.554850 339.289337 45 2.995064 16.350647 -14805091.964209 39442737.823849 -203676.791179 54 188
199517 36725835.992573 191437342.554850 338.867371 45 2.995058 16.350475 -14805096.088946 39442738.358955 -203585.691346 54 188
199524 36725381.702329 191437342.554850 336.528107 44 2.995014 16.349258 -14805124.954323 39442742.107372 -202947.962063 54 188
199525 36725316.970746 191437342.554850 336.998383 44 2.995008 16.349083 -14805129.076837 39442742.643242 -202856.853534 54 188
199526 36725251.881434 191437342.554850 338.819794 44 2.995002 16.348909 -14805133.199073 39442743.179208 -202765.743920 54 188
199527 36725186.565269 191437342.554850 339.843201 44 2.994996 16.348736 -14805137.321031 39442743.715269 -202674.633222 54 188
199528 36725121.423606 191437342.554850 338.886658 44 2.994990 16.348562 -14805141.442711 39442744.251425 -202583.521440 54 188
199536 36724602.541382 191437342.054850 339.411804 44 2.994946 16.347168 -14805174.406147 39442748.544104 -201854.588230 54 188
199537 36724537.417169 191437342.054850 339.222351 44 2.994941 16.346992 -14805178.525326 39442749.081118 -201763.466716 54 188
199538 36724472.423833 191437342.054850 338.431976 44 2.994936 16.346819 -14805182.644226 39442749.618227 -201672.344122 54 188
199539 36724407.404322 191437342.054850 338.385498 44 2.994931 16.346643 -14805186.762849 39442750.155430 -201581.220451 54 188
199546 36723953.428182 191437342.054850 339.334686 44 2.994890 16.345421 -14805215.585424 39442753.918520 -200943.324595 54 188
199547 36723888.059667 191437342.054850 339.728271 44 2.994884 16.345245 -14805219.701823 39442754.456484 -200852.192313 54 188
199548 36723822.778402 191437342.054850 339.452637 44 2.994878 16.345072 -14805223.817943 39442754.994544 -200761.058956 54 188
199549 36723757.741441 191437342.054850 338.378418 44 2.994872 16.344896 -14805227.933786 39442755.532698 -200669.924527 54 188
199556 36723299.524898 191437342.054850 351.964661 44 2.994834 16.343672 -14805256.736898 39442759.302435 -200031.953500 54 188
199557 36723231.992555 191437342.054850 352.908661 44 2.994829 16.343496 -14805260.850516 39442759.841349 -199940.810497 54 188
199558 36723164.573639 191437342.054850 351.889832 44 2.994823 16.343321 -14805264.963856 39442760.380357 -199849.666426 54 188
199559 36723095.252649 191437342.054850 362.292114 44 2.994818 16.343145 -14805269.076918 39442760.919460 -199758.521286 54 188
199560 36723025.792058 191437342.054850 363.076874 44 2.994812 16.342970 -14805273.189702 39442761.458657 -199667.375077 54 188
199566 36722617.247560 191437342.054850 352.503296 44 2.994778 16.341917 -14805297.860563 39442764.695832 -199120.475423 54 188
199567 36722587.180835 191437342.054850 361.231598 44 2.994772 16.341742 -14805301.971400 39442765.235692 -199029.321761 54 188
199568 36722515.189961 191437342.054850 375.709625 44 2.994767 16.341566 -14805306.081958 39442765.775647 -198938.167023 54 188
199569 36722443.225263 191437342.054850 376.078705 44 2.994761 16.341391 -14805310.192239 39442766.315696 -198847.011221 54 188
199570 36722372.848535 191437342.054850 368.285461 44 2.994756 16.341215 -14805314.302241 39442766.855841 -198755.854356 54 188
199579 36721811.867661 191437342.554850 338.308319 42 2.994710 16.339632 -14805351.279742 39442771.721389 -197935.394821 54 188
199580 36721747.005201 191437342.554850 338.524750 42 2.994704 16.339457 -14805355.386963 39442772.262478 -197844.227351 54 188
199581 36721682.343419 191437342.554850 337.308868 42 2.994699 16.339281 -14805359.493905 39442772.803661 -197753.058822 54 188
199582 36721617.550761 191437342.554850 337.589417 44 2.994694 16.339104 -14805363.600568 39442773.344938 -197661.889235 54 188
199583 36721552.522524 191437342.554850 338.855347 44 2.994688 16.338928 -14805367.706954 39442773.886310 -197570.718592 54 188
199591 36721034.896716 191437342.554850 337.861328 44 2.994648 16.337517 -14805400.548020 39442778.220676 -196841.315451 54 188
199592 36720969.990631 191437342.554850 337.807922 44 2.994643 16.337341 -14805404.651901 39442778.762895 -196750.135315 54 188
199593 36720904.962394 191437342.554850 338.582031 44 2.994638 16.337164 -14805408.755504 39442779.305209 -196658.954127 54 188
199594 36720840.256987 191437342.554850 336.924927 44 2.994633 16.336987 -14805412.858828 39442779.847617 -196567.771888 54 188
199595 36720775.726082 191437342.554850 336.005524 44 2.994628 16.336811 -14805416.961874 39442780.390118 -196476.588598 54 188
199596 36720711.142826 191437342.554850 336.164185 44 2.994624 16.336636 -14805421.064642 39442780.932714 -196385.404256 54 188
199597 36720646.603196 191437342.554850 336.063904 44 2.994619 16.336458 -14805425.167131 39442781.475404 -196294.218865 54 188
199604 36720193.421041 191437342.554850 336.312653 44 2.994585 16.335220 -14805453.876763 39442785.276866 -195655.891760 54 188
199605 36720128.497506 191437342.554850 338.110199 44 2.994580 16.335043 -14805457.977026 39442785.820308 -195564.697983 54 188
199606 36720063.373293 191437342.554850 339.240204 44 2.994575 16.334866 -14805462.077010 39442786.363843 -195473.503161 54 188
199607 36719998.388682 191437342.554850 338.661011 44 2.994570 16.334688 -14805466.176715 39442786.907473 -195382.307293 54 188
199608 36719933.473872 191437342.554850 338.402740 44 2.994565 16.334511 -14805470.276143 39442787.451196 -195291.110381 54 188
199613 36719545.668958 191437342.554850 336.464020 44 2.994533 16.333448 -14805494.866860 39442790.715505 -194743.906993 54 188
199616 36719416.022566 191437342.054850 339.300110 44 2.994522 16.333094 -14805503.061539 39442791.804358 -194561.497525 54 188
199617 36719351.081580 191437342.054850 338.299622 44 2.994516 16.332916 -14805507.158460 39442792.348925 -194470.291230 54 188
199618 36719286.009718 191437342.054850 338.718170 44 2.994510 16.332739 -14805511.255103 39442792.893585 -194379.083895 54 188
199619 36719220.946582 191437342.054850 338.675140 44 2.994505 16.332561 -14805515.351468 39442793.438340 -194287.875520 54 188
199627 36718702.997944 191437342.054850 337.920105 45 2.994458 16.331141 -14805548.112359 39442797.799742 -193558.171160 54 188
199628 36718637.943532 191437342.054850 338.698303 45 2.994452 16.330961 -14805552.206217 39442798.345338 -193466.953451 54 188
199629 36718572.854220 191437342.054850 338.780701 45 2.994446 16.330784 -14805556.299797 39442798.891027 -193375.734707 54 188
199630 36718508.070287 191437342.054850 337.378632 45 2.994439 16.330606 -14805560.393098 39442799.436810 -193284.514929 54 188
199631 36718443.111851 191437342.054850 338.291016 45 2.994433 16.330427 -14805564.486121 39442799.982686 -193193.294118 54 188
199638 36717969.643818 191437342.054850 365.321228 45 2.994390 16.329182 -14805593.129480 39442803.806434 -192554.719530 54 188
199639 36717901.553069 191437342.054850 358.866760 44 2.994384 16.329002 -14805597.220274 39442804.353057 -192463.490465 54 188
199640 36717835.643596 191437342.054850 352.391296 44 2.994379 16.328825 -14805601.310789 39442804.899773 -192372.260371 54 188
199641 36717766.558184 191437342.054850 365.173218 44 2.994373 16.328646 -14805605.401027 39442805.446582 -192281.029248 54 188
199642 36717694.846514 191437342.054850 378.461243 44 2.994367 16.328468 -14805609.490985 39442805.993484 -192189.797095 54 188
199649 36717285.036876 191437342.054850 293.229279 42 2.994327 16.327219 -14805638.112892 39442809.824409 -191551.143304 54 188
199650 36717223.236930 191437342.054850 320.413910 42 2.994322 16.327040 -14805642.200621 39442810.372056 -191459.902945 54 188
199651 36717161.306107 191437342.054850 321.102234 42 2.994315 16.326860 -14805646.288072 39442810.919797 -191368.661562 54 188
199652 36717101.251183 191437342.054850 311.166992 42 2.994309 16.326683 -14805650.375244 39442811.467630 -191277.419155 54 188
199653 36717040.760003 191437342.054850 311.155365 42 2.994303 16.326504 -14805654.462137 39442812.015556 -191186.175726 54 188
199654 36716977.738541 191437342.054850 323.923645 42 2.993996 16.326324 -14805658.548752 39442812.563576 -191094.931273 54 188
199659 36716631.247018 191437342.054850 357.759827 43 2.994041 16.325430 -14805678.977646 39442815.305066 -190638.693683 54 188
199660 36716560.966266 191437342.054850 366.278778 43 2.994038 16.325251 -14805683.062589 39442815.853643 -190547.443103 54 188
199661 36716486.436386 191437342.054850 388.949005 43 2.994035 16.325071 -14805687.147253 39442816.402312 -190456.191503 54 188
199662 36716412.953519 191437342.054850 384.103790 43 2.994031 16.324892 -14805691.231638 39442816.951075 -190364.938884 54 188
199663 36716343.126473 191437342.054850 368.201385 43 2.994029 16.324715 -14805695.315745 39442817.499930 -190273.685248 54 188
199664 36716276.379390 191437342.054850 352.838440 43 2.994026 16.324535 -14805699.399573 39442818.048878 -190182.430596 54 188
199671 36715838.370200 191437342.054850 365.271393 43 2.994010 16.323278 -14805727.978563 39442821.894109 -189543.619587 54 188
199672 36715768.935783 191437342.054850 363.278534 43 2.994008 16.323099 -14805732.060161 39442822.443799 -189452.356810 54 188
199673 36715699.318140 191437342.054850 366.847046 43 2.994006 16.322920 -14805736.141480 39442822.993581 -189361.093019 54 188
199674 36715630.782409 191437342.054850 361.530090 43 2.994004 16.322741 -14805740.222520 39442823.543455 -189269.828216 54 188
199675 36715562.831262 191437342.054850 359.004211 43 2.994002 16.322561 -14805744.303282 39442824.093422 -189178.562401 54 188
199682 36715120.415891 191437342.054850 362.273956 42 2.993983 16.321302 -14805772.860806 39442827.945783 -188539.673405 54 188
199683 36715050.737172 191437342.054850 367.340881 42 2.993981 16.321123 -14805776.939337 39442828.496490 -188448.399508 54 188
199684 36714979.793311 191437342.054850 374.220673 42 2.993980 16.320944 -14805781.017590 39442829.047290 -188357.124603 54 188
199685 36714910.393796 191437342.054850 366.481354 42 2.993979 16.320763 -14805785.095563 39442829.598182 -188265.848691 54 188
199686 36714844.205120 191437342.054850 350.429871 42 2.993978 16.320583 -14805789.173258 39442830.149166 -188174.571773 54 188
199693 36714407.906051 191437342.054850 364.309875 43 2.993964 16.319323 -14805817.709311 39442834.008640 -187535.605205 54 188
199694 36714338.244781 191437342.054850 366.968628 43 2.993962 16.319141 -14805821.784775 39442834.560363 -187444.320248 54 188
199695 36714269.709051 191437342.054850 361.453918 43 2.993959 16.318960 -14805825.859960 39442835.112177 -187353.034288 54 188
199696 36714202.080732 191437342.054850 357.074890 43 2.993957 16.318781 -14805829.934866 39442835.664084 -187261.747327 54 188
199697 36714136.206160 191437342.054850 348.522095 43 2.993954 16.318602 -14805834.009492 39442836.216083 -187170.459365 54 188
199698 36714070.078560 191437342.054850 350.031067 43 2.993952 16.318420 -14805838.083840 39442836.768174 -187079.170401 54 188
199699 36714004.221439 191437342.054850 348.733398 43 2.993950 16.318239 -14805842.157910 39442837.320357 -186987.880437 54 188
199705 36713623.815417 191437342.054850 364.052887 43 2.993937 16.317156 -14805866.596466 39442840.635390 -186440.119675 54 188
199706 36713555.750843 191437342.054850 359.179016 43 2.993934 16.316975 -14805870.668583 39442841.188218 -186348.822719 54 188
199707 36713489.911171 191437342.054850 347.860596 43 2.993931 16.316793 -14805874.740420 39442841.741137 -186257.524767 54 188
199708 36713423.190264 191437342.054850 353.148010 43 2.993928 16.316614 -14805878.811979 39442842.294149 -186166.225819 54 188
199709 36713354.253178 191437342.054850 364.742950 43 2.993924 16.316433 -14805882.883259 39442842.847252 -186074.925875 54 188
199710 36713286.293305 191437342.054850 360.176117 43 2.993921 16.316252 -14805886.954259 39442843.400447 -185983.624935 54 188
199711 36713255.781600 191437342.054850 362.692230 43 2.993917 16.316071 -14805891.024981 39442843.953734 -185892.323012 54 188
199717 36712843.284628 191437342.054850 361.344116 43 2.993898 16.314983 -14805915.443452 39442847.275386 -185344.490545 54 188
199718 36712774.260291 191437342.054850 365.310913 43 2.993895 16.314802 -14805919.512220 39442847.829316 -185253.181660 54 188
199719 36712701.815712 191437342.054850 383.822876 43 2.993892 16.314621 -14805923.580710 39442848.383338 -185161.871783 54 188
199720 36712628.655675 191437342.054850 387.645172 43 2.993888 16.314440 -14805927.648921 39442848.937451 -185070.560916 54 188
199721 36712558.915879 191437342.054850 374.859070 43 2.993885 16.314259 -14805931.716852 39442849.491656 -184979.249060 54 188
199722 36712491.017082 191437342.054850 365.257721 41 2.993880 16.314077 -14805935.784505 39442850.045953 -184887.936215 54 188
199730 36712009.801153 191437342.054850 368.378479 43 2.993848 16.312626 -14805968.315678 39442854.483625 -184157.397917 54 188
199731 36711938.141833 191437342.054850 377.891510 43 2.993844 16.312445 -14805972.380819 39442855.038746 -184066.076188 54 188
199732 36711867.119447 191437342.054850 375.258209 43 2.993840 16.312262 -14805976.445681 39442855.593959 -183974.753475 54 188
199733 36711793.811083 191437342.054850 388.460785 43 2.993835 16.312080 -14805980.510264 39442856.149263 -183883.429777 54 188
199734 36711716.227414 191437342.054850 411.296936 43 2.993831 16.311899 -14805984.574567 39442856.704659 -183792.105094 54 188
199736 36711558.878801 191437342.054850 398.943115 40 2.993818 16.311354 -14805996.765803 39442858.371394 -183518.125174 54 188
199742 36711211.279189 191437342.054850 360.775543 40 2.993793 16.310442 -14806017.078947 39442861.151113 -183061.472317 54 188
199743 36711143.013937 191437342.054850 362.422150 40 2.993789 16.310261 -14806021.140738 39442861.707331 -182970.138807 54 188
199744 36711116.681559 191437342.054850 361.875061 40 2.993784 16.310078 -14806025.202250 39442862.263640 -182878.804330 54 188
199745 36711045.790049 191437342.054850 370.217834 40 2.993778 16.309896 -14806029.263483 39442862.820040 -182787.468862 54 188
199746 36710974.313957 191437342.054850 373.884644 41 2.993773 16.309713 -14806033.324437 39442863.376532 -182696.132416 54 188
199754 36710465.430707 191437342.054850 369.062469 41 2.993725 16.308254 -14806065.802017 39442867.831746 -181965.405728 54 188
199755 36710398.325895 191437342.054850 350.774811 41 2.993719 16.308071 -14806069.860458 39442868.389058 -181874.060505 54 188
199756 36710329.729089 191437342.554850 359.400269 41 2.993714 16.307890 -14806073.918620 39442868.946461 -181782.714309 54 188
199757 36710260.957781 191437342.054850 362.430664 41 2.993708 16.307707 -14806077.976503 39442869.503955 -181691.367141 54 188
199758 36710193.346912 191437342.054850 356.660706 41 2.993703 16.307524 -14806082.034106 39442870.061540 -181600.019001 54 188
199759 36710124.671580 191437342.054850 362.692688 41 2.993697 16.307343 -14806086.091430 39442870.619216 -181508.669889 54 188
199765 36709752.205408 191437342.054850 322.409760 41 2.993665 16.306244 -14806110.429510 39442873.967181 -180960.554862 54 188
199766 36709695.361324 191437342.054850 297.143402 41 2.993659 16.306061 -14806114.484879 39442874.525494 -180869.198968 54 188
199767 36709638.046083 191437342.054850 299.153259 41 2.993654 16.305878 -14806118.539969 39442875.083897 -180777.842106 54 188
199768 36709580.861720 191437342.054850 297.865021 42 2.993649 16.305695 -14806122.594780 39442875.642391 -180686.484277 54 188
199769 36709521.155800 191437342.054850 310.058685 42 2.993644 16.305511 -14806126.649311 39442876.200976 -180595.125481 54 188
199770 36709459.608882 191437342.054850 319.466492 42 2.993640 16.305328 -14806130.703563 39442876.759651 -180503.765718 54 188
199771 36709396.063914 191437342.054850 329.243286 42 2.993635 16.305145 -14806134.757536 39442877.318418 -180412.404989 54 188
199779 36708865.952474 191437342.054850 313.430939 43 2.993602 16.303679 -14806167.179263 39442881.791814 -179681.484452 54 188
199780 36708804.239779 191437342.054850 320.512848 43 2.993597 16.303495 -14806171.230722 39442882.351396 -179590.115055 54 188
199781 36708743.277444 191437342.054850 316.533234 43 2.993591 16.303312 -14806175.281901 39442882.911069 -179498.744698 54 188
199784 36708561.620677 191437342.054850 312.002075 43 2.993574 16.302761 -14806187.433763 39442884.590632 -179224.627872 54 188
199785 36708500.728142 191437342.054850 312.404602 43 2.993568 16.302578 -14806191.483825 39442885.150667 -179133.253677 54 188
199786 36708439.931584 191437342.054850 311.333679 43 2.993562 16.302395 -14806195.533608 39442885.710792 -179041.878524 54 188
199787 36708379.457854 191437342.054850 309.199310 43 2.993557 16.302210 -14806199.583111 39442886.271008 -178950.502413 54 188
199788 36708317.308904 191437342.054850 317.720795 43 2.993553 16.302027 -14806203.632335 39442886.831315 -178859.125345 54 188
199789 36708254.924375 191437342.054850 318.237518 43 2.993551 16.301842 -14806207.681279 39442887.391712 -178767.747319 54 188
199790 36708155.789688 191437342.054850 309.849335 43 2.993548 16.301659 -14806211.729945 39442887.952199 -178676.368326 54 188
199791 36708094.617950 191437342.054850 317.221466 43 2.993545 16.301474 -14806215.778330 39442888.512777 -178584.988389 54 188
199792 36708032.067644 191437342.054850 323.447021 43 2.993541 16.301291 -14806219.826437 39442889.073445 -178493.607496 54 188
199793 36707969.246861 191437342.054850 324.179810 43 2.993537 16.301107 -14806223.874263 39442889.634204 -178402.225648 54 188
199794 36707908.947633 191437342.054850 312.238037 43 2.993532 16.300922 -14806227.921811 39442890.195053 -178310.842847 54 188
199795 36707847.688644 191437342.054850 310.740845 43 2.993528 16.300739 -14806231.969079 39442890.755992 -178219.459091 54 188
199803 36707304.524441 191437342.054850 338.587219 44 2.993485 16.299265 -14806264.337162 39442895.246755 -177488.354754 54 188
199804 36707239.452579 191437342.054850 338.047729 44 2.993480 16.299080 -14806268.381915 39442895.808506 -177396.962434 54 188
199805 36707174.642471 191437342.054850 337.818451 44 2.993476 16.298895 -14806272.426389 39442896.370347 -177305.569166 54 188
199806 36707110.181366 191437342.054850 336.178650 44 2.993471 16.298712 -14806276.470583 39442896.932279 -177214.174949 54 188
199807 36707045.781338 191437342.054850 336.031982 44 2.993466 16.298527 -14806280.514497 39442897.494300 -177122.779784 54 188
199817 36706400.358859 191437342.054850 336.411957 44 2.993412 16.296679 -14806320.938268 39442903.119467 -176208.776105 54 188
199818 36706335.932655 191437342.054850 335.648590 44 2.993407 16.296494 -14806324.979107 39442903.682479 -176117.370544 54 188
199819 36706271.157447 191437342.054850 337.541382 44 2.993400 16.296310 -14806329.019668 39442904.245580 -176025.964041 54 188
199820 36706206.486940 191437342.054850 337.070587 44 2.993394 16.296125 -14806333.059948 39442904.808771 -175934.556597 54 188
199821 36706141.668106 191437342.054850 337.743347 44 2.993388 16.295940 -14806337.099949 39442905.372052 -175843.148211 54 188
199822 36706077.041225 191437342.054850 336.894348 45 2.993382 16.295753 -14806341.139671 39442905.935423 -175751.738884 54 188
199823 36706012.475419 191437342.054850 336.290924 45 2.993376 16.295570 -14806345.179112 39442906.498883 -175660.328617 54 188
199832 36705431.391894 191437342.054850 337.189911 45 2.993318 16.293901 -14806381.521508 39442911.574067 -174837.593991 54 188
199833 36705366.372383 191437342.054850 338.557465 45 2.993312 16.293716 -14806385.558153 39442912.138424 -174746.174348 54 188
199834 36705301.475023 191437342.054850 338.113068 45 2.993306 16.293531 -14806389.594520 39442912.702871 -174654.753771 54 188
199835 36705236.586388 191437342.054850 338.264130 45 2.993299 16.293344 -14806393.630606 39442913.267408 -174563.332260 54 188
199845 36704591.251161 191437342.054850 337.288696 45 2.993239 16.291487 -14806433.976091 39442918.917698 -173649.065868 54 188
199846 36704526.362526 191437342.054850 337.901337 45 2.993234 16.291302 -14806438.009102 39442919.483218 -173557.634111 54 188
199847 36704461.622218 191437342.054850 337.375732 45 2.993228 16.291115 -14806442.041832 39442920.048829 -173466.201425 54 188
199848 36704396.925536 191437342.054850 337.375000 45 2.993222 16.290930 -14806446.074283 39442920.614528 -173374.767812 54 188
199849 36704332.106702 191437342.054850 337.740509 45 2.993217 16.290743 -14806450.106455 39442921.180317 -173283.333270 54 188
199850 36704267.436195 191437342.054850 337.137665 45 2.993211 16.290558 -14806454.138346 39442921.746195 -173191.897802 54 188
199857 36703815.990337 191437342.054850 336.857544 45 2.993172 16.289253 -14806482.353754 39442925.709841 -172551.823612 54 188
199858 36703751.145328 191437342.054850 337.972137 45 2.993166 16.289066 -14806486.383408 39442926.276432 -172460.380745 54 188
199859 36703686.326494 191437342.054850 337.755341 45 2.993160 16.288881 -14806490.412782 39442926.843113 -172368.936955 54 188
199859 36703621.498935 191437342.054850 337.716461 45 2.993160 16.288881 -14806490.412782 39442926.843113 -172368.936955 54 188
199868 36703105.373845 191437342.554850 337.411041 44 2.993101 16.287201 -14806526.664558 39442931.947250 -171545.901413 54 188
199869 36703040.502661 191437342.554850 337.690094 44 2.993093 16.287014 -14806530.691134 39442932.514821 -171454.448424 54 188
199870 36702975.640202 191437342.554850 338.039276 44 2.993086 16.286827 -14806534.717431 39442933.082481 -171362.994517 54 188
199871 36702910.795192 191437342.554850 338.011047 44 2.993078 16.286640 -14806538.743447 39442933.650230 -171271.539693 54 188
199872 36702846.046159 191437342.554850 337.491241 44 2.993071 16.286453 -14806542.769184 39442934.218068 -171180.083953 54 188
199880 36702330.270074 191437342.554850 337.566772 44 2.993018 16.284956 -14806574.965004 39442938.763970 -170448.405110 54 188
199881 36702265.547216 191437342.554850 337.255249 45 2.993011 16.284769 -14806578.988222 39442939.332607 -170356.941145 54 188
199882 36702200.719657 191437342.554850 337.646362 45 2.993005 16.284582 -14806583.011160 39442939.901333 -170265.476269 54 188
199883 36702135.996800 191437342.554850 337.014832 45 2.992999 16.284395 -14806587.033819 39442940.470148 -170174.010482 54 188
199884 36702071.195416 191437342.554850 337.486115 45 2.992993 16.284208 -14806591.056197 39442941.039051 -170082.543785 54 188
199895 36701361.678288 191437342.554850 334.881989 45 2.992921 16.282143 -14806635.283889 39442947.302833 -169076.350165 54 188
199896 36701297.086307 191437342.554850 336.282257 45 2.992915 16.281956 -14806639.302909 39442947.872799 -168984.872580 54 188
199897 36701232.058071 191437342.554850 338.547241 45 2.992909 16.281769 -14806643.321649 39442948.442853 -168893.394091 54 188
199898 36701167.038559 191437342.554850 338.383575 45 2.992903 16.281580 -14806647.340109 39442949.012996 -168801.914698 54 188
199899 36701101.949247 191437342.554850 338.789948 45 2.992897 16.281391 -14806651.358288 39442949.583227 -168710.434402 54 188
199900 36701036.851210 191437342.554850 338.806274 45 2.992891 16.281204 -14806655.376188 39442950.153546 -168618.953203 54 188
199908 36700527.400828 191437342.054850 312.676239 44 2.992847 16.279699 -14806687.509310 39442954.719280 -167887.071184 54 188
199909 36700467.180127 191437342.054850 312.504181 44 2.992842 16.279510 -14806691.524690 39442955.290394 -167795.581885 54 188
199910 36700406.845999 191437342.054850 312.806610 44 2.992838 16.279324 -14806695.539790 39442955.861596 -167704.091688 54 188
199911 36700346.346094 191437342.054850 310.902954 44 2.992832 16.279135 -14806699.554610 39442956.432887 -167612.600594 54 188
199912 36700286.736150 191437342.054850 305.744324 44 2.992827 16.278946 -14806703.569150 39442957.004265 -167521.108603 54 188
199913 36700227.047680 191437342.054850 305.739655 44 2.992821 16.278757 -14806707.583411 39442957.575732 -167429.615716 54 188
199920 36699760.158380 191437342.054850 311.796936 43 2.992781 16.277437 -14806735.675392 39442961.578464 -166789.140439 54 188
199921 36699698.812139 191437342.054850 315.638641 43 2.992776 16.277248 -14806739.687412 39442962.150635 -166697.640399 54 188
199922 36699638.137732 191437342.054850 311.431183 43 2.992770 16.277060 -14806743.699151 39442962.722894 -166606.139467 54 188
199923 36699579.644602 191437342.054850 299.445038 43 2.992764 16.276871 -14806747.710611 39442963.295240 -166514.637644 54 188
199924 36699521.334700 191437342.054850 297.817322 43 2.992758 16.276682 -14806751.721791 39442963.867675 -166423.134930 54 188
199932 36698980.945082 191437342.054850 304.153961 43 2.992714 16.275169 -14806783.801147 39442968.450317 -165691.081184 54 188
199933 36698923.228486 191437342.054850 298.727295 43 2.992709 16.274981 -14806787.809806 39442969.023542 -165599.570474 54 188
199934 36698865.398465 191437342.054850 296.347443 42 2.992704 16.274792 -14806791.818185 39442969.596856 -165508.058878 54 188
199935 36698808.153026 191437342.054850 292.688354 42 2.992699 16.274603 -14806795.826284 39442970.170256 -165416.546396 54 188
199936 36698751.492169 191437342.054850 288.908112 42 2.992693 16.274412 -14806799.834102 39442970.743745 -165325.033030 54 188
199937 36698692.876887 191437342.054850 298.322968 42 2.992689 16.274223 -14806803.841641 39442971.317321 -165233.518778 54 188
199938 36698632.856863 191437342.054850 305.073700 42 2.992683 16.274035 -14806807.848899 39442971.890985 -165142.003642 54 188
199945 36698140.202316 191437342.054850 298.367401 42 2.992647 16.272707 -14806835.891865 39442975.909086 -164501.372955 54 188
199946 36698082.346119 191437342.054850 299.601563 42 2.992641 16.272518 -14806839.896882 39442976.483450 -164409.850764 54 188
199947 36698021.392509 191437342.054850 313.370941 42 2.992636 16.272327 -14806843.901619 39442977.057903 -164318.327692 54 188
199948 36697958.205270 191437342.054850 324.261078 42 2.992631 16.272139 -14806847.906076 39442977.632442 -164226.803741 54 188
199949 36697894.948231 191437342.054850 324.341309 42 2.992626 16.271948 -14806851.910253 39442978.207069 -164135.278911 54 188
199950 36697830.679079 191437342.054850 324.288452 42 2.992621 16.271759 -14806855.914150 39442978.781784 -164043.753202 54 188
199959 36697247.606228 191437342.054850 314.682861 42 2.992575 16.270048 -14806891.936610 39442983.958147 -163219.982384 54 188
199960 36697189.688956 191437342.054850 296.216553 42 2.992570 16.269859 -14806895.937705 39442984.533735 -163128.447922 54 188
199961 36697131.754233 191437342.054850 295.787292 42 2.992565 16.269669 -14806899.938519 39442985.109411 -163036.912586 54 188
199962 36697072.187915 191437342.054850 303.707306 42 2.992560 16.269478 -14806903.939053 39442985.685173 -162945.376378 54 188
199963 36696969.790037 191437342.054850 311.857300 42 2.992556 16.269287 -14806907.939307 39442986.261023 -162853.839285 54 188
199973 36696323.215844 191437342.054850 321.345245 42 2.992512 16.267382 -14806947.926432 39442992.024314 -161938.420624 54 188
199974 36696262.201158 191437342.054850 316.741608 42 2.992507 16.267191 -14806951.923603 39442992.601122 -161846.873984 54 188
199975 36696202.355636 191437342.054850 310.337097 42 2.992503 16.267000 -14806955.920493 39442993.178017 -161755.326479 54 188
199976 36696142.614816 191437342.054850 309.354706 43 2.992498 16.266809 -14806959.917103 39442993.754999 -161663.778109 54 188
199977 36696081.757181 191437342.054850 312.665924 43 2.992494 16.266619 -14806963.913433 39442994.332068 -161572.228873 54 188
199978 36696020.445841 191437342.054850 314.453979 43 2.992489 16.266428 -14806967.909483 39442994.909223 -161480.678772 54 188
199983 36695602.364800 191437342.554850 335.995544 43 2.992461 16.265282 -14806991.879895 39442998.373983 -160931.360028 54 188
199987 36695408.536506 191437342.054850 337.087799 43 2.992447 16.264709 -14807003.861316 39443000.107535 -160656.689026 54 188
199988 36695344.031776 191437342.054850 336.852722 43 2.992443 16.264517 -14807007.854563 39443000.685559 -160565.130305 54 188
199989 36695279.326369 191437342.054850 337.266541 43 2.992438 16.264326 -14807011.847529 39443001.263670 -160473.570726 54 188
199990 36695214.882715 191437342.054850 335.832458 43 2.992434 16.264135 -14807015.840215 39443001.841868 -160382.010287 54 188
199991 36695150.238383 191437342.054850 336.926849 44 2.992429 16.263943 -14807019.832620 39443002.420152 -160290.448991 54 188
199992 36695085.498075 191437342.054850 337.313538 44 2.992425 16.263752 -14807023.824745 39443002.998523 -160198.886836 54 188
199999 36694633.179706 191437342.054850 338.310822 44 2.992395 16.262411 -14807051.761769 39443007.049546 -159557.927782 54 188
200000 36694568.369598 191437342.054850 337.756012 44 2.992390 16.262220 -14807055.751651 39443007.628610 -159466.358784 54 188
200001 36694503.419887 191437342.054850 338.234802 44 2.992386 16.262028 -14807059.741252 39443008.207761 -159374.788931 54 188
200002 36694438.548703 191437342.054850 338.018036 44 2.992381 16.261837 -14807063.730573 39443008.786998 -159283.218226 54 188
200003 36694373.747319 191437342.054850 337.589478 44 2.992377 16.261644 -14807067.719614 39443009.366321 -159191.646669 54 188
200011 36693857.011471 191437342.054850 335.711670 44 2.992341 16.260109 -14807099.621843 39443014.004019 -158459.043587 54 188
200012 36693792.297339 191437342.054850 337.143158 44 2.992337 16.259916 -14807103.608360 39443014.584120 -158367.464380 54 188
200013 36693727.373804 191437342.054850 338.219391 45 2.992332 16.259724 -14807107.594596 39443015.164307 -158275.884326 54 188
200014 36693662.511345 191437342.054850 337.824768 45 2.992327 16.259533 -14807111.580552 39443015.744581 -158184.303424 54 188
200015 36693597.683786 191437342.054850 337.696045 45 2.992322 16.259340 -14807115.566227 39443016.324941 -158092.721677 54 188
200016 36693532.882402 191437342.054850 337.551941 45 2.992318 16.259148 -14807119.551622 39443016.905387 -158001.139083 54 188
200023 36693080.965388 191437342.054850 335.430298 45 2.992285 16.257801 -14807147.441532 39443020.970922 -157360.037283 54 188
200024 36693016.277431 191437342.054850 337.221497 45 2.992279 16.257608 -14807151.424683 39443021.552057 -157268.447939 54 188
200025 36692951.284095 191437342.054850 338.579224 45 2.992275 16.257416 -14807155.407554 39443022.133279 -157176.857753 54 188
200026 36692886.334385 191437342.054850 338.372284 45 2.992270 16.257223 -14807159.390144 39443022.714586 -157085.266725 54 188
200027 36692821.341049 191437342.054850 338.462921 45 2.992265 16.257030 -14807163.372453 39443023.295980 -156993.674858 54 188
200036 36692240.048120 191437342.554850 338.338654 44 2.992217 16.255295 -14807199.200613 39443028.532390 -156169.310304 54 188
200037 36692175.159486 191437342.554850 337.806061 44 2.992211 16.255102 -14807203.180117 39443029.114643 -156077.710056 54 188
200038 36692110.305751 191437342.554850 337.627991 44 2.992205 16.254910 -14807207.159340 39443029.696982 -155986.108974 54 188
200039 36692045.513093 191437342.554850 337.382690 44 2.992199 16.254715 -14807211.138283 39443030.279407 -155894.507056 54 188
200047 36691528.655094 191437342.554850 338.016754 44 2.992150 16.253170 -14807242.959724 39443034.941892 -155161.661728 54 188
200048 36691463.705383 191437342.554850 337.972443 44 2.992144 16.252975 -14807246.936142 39443035.525088 -155070.052320 54 188
200049 36691398.973801 191437342.554850 336.782684 44 2.992137 16.252783 -14807250.912278 39443036.108370 -154978.442081 54 188
200050 36691334.093891 191437342.554850 337.739899 44 2.992131 16.252588 -14807254.888135 39443036.691738 -154886.831014 54 188
200051 36691269.423384 191437342.554850 336.600433 44 2.992124 16.252396 -14807258.863710 39443037.275191 -154795.219117 54 188
200052 36691204.683076 191437342.554850 337.007172 44 2.992118 16.252201 -14807262.839005 39443037.858730 -154703.606392 54 188
200059 36690751.963352 191437342.554850 338.255798 45 2.992074 16.250845 -14807290.658212 39443041.945896 -154062.294165 54 188
200060 36690687.039817 191437342.554850 337.235382 45 2.992069 16.250650 -14807294.631262 39443042.530119 -153970.674830 54 188
200061 36690622.465287 191437342.554850 336.150146 45 2.992064 16.250458 -14807298.604031 39443043.114427 -153879.054671 54 188
200062 36690557.969282 191437342.554850 335.755951 45 2.992057 16.250263 -14807302.576520 39443043.698821 -153787.433689 54 188
200063 36690493.551803 191437342.554850 335.229584 45 2.992052 16.250071 -14807306.548728 39443044.283300 -153695.811884 54 188
200068 36690169.056279 191437342.554850 338.483368 45 2.992023 16.249100 -14807326.405557 39443047.206976 -153237.690531 54 188
200069 36690104.115294 191437342.554850 337.957886 45 2.992017 16.248905 -14807330.376080 39443047.791967 -153146.063797 54 188
200070 36690039.261559 191437342.554850 337.535583 45 2.992011 16.248711 -14807334.346324 39443048.377043 -153054.436244 54 188
200071 36689974.713204 191437342.554850 336.125122 45 2.992005 16.248516 -14807338.316286 39443048.962205 -152962.807871 54 188
200078 36689522.586788 191437342.554850 336.582794 44 2.991962 16.247154 -14807366.098162 39443053.060721 -152321.386374 54 188
200079 36689457.872655 191437342.554850 336.983643 44 2.991956 16.246960 -14807370.065879 39443053.646564 -152229.751466 54 188
200080 36689393.071271 191437342.554850 337.464966 44 2.991950 16.246765 -14807374.033315 39443054.232492 -152138.115743 54 188
200081 36689328.252438 191437342.554850 337.632599 44 2.991944 16.246571 -14807378.000470 39443054.818505 -152046.479206 54 188
200082 36689263.712807 191437342.554850 336.148041 44 2.991938 16.246376 -14807381.967344 39443055.404603 -151954.841856 54 188
200091 36688682.742708 191437342.554850 337.769897 44 2.991888 16.244623 -14807417.656579 39443060.683310 -151130.069165 54 188
200092 36688617.845348 191437342.554850 337.719330 44 2.991883 16.244427 -14807421.620645 39443061.270258 -151038.423703 54 188
200093 36688553.017789 191437342.554850 337.469971 44 2.991878 16.244232 -14807425.584431 39443061.857290 -150946.777433 54 188
200094 36688488.076804 191437342.554850 337.993927 44 2.991873 16.244038 -14807429.547936 39443062.444408 -150855.130355 54 188
200102 36687971.105378 191437342.554850 335.659546 44 2.991834 16.242474 -14807461.245868 39443067.144398 -150121.924711 54 188
200103 36687906.714075 191437342.554850 335.224854 44 2.991828 16.242279 -14807465.206845 39443067.732278 -150030.270384 54 188
200104 36687842.322772 191437342.054850 335.280609 44 2.991824 16.242083 -14807469.167542 39443068.320242 -149938.615255 54 188
200105 36687777.922743 191437342.054850 335.210846 44 2.991818 16.241888 -14807473.127958 39443068.908291 -149846.959322 54 188
200106 36687713.051559 191437342.554850 337.645630 44 2.991813 16.241692 -14807477.088094 39443069.496425 -149755.302588 54 188
200106 36687647.979697 191437342.554850 338.468567 44 2.991813 16.241692 -14807477.088094 39443069.496425 -149755.302588 54 188
200108 36687582.942735 191437342.554850 338.654480 44 2.991803 16.241301 -14807485.007521 39443070.672947 -149571.986714 54 188
200117 36687001.885385 191437342.554850 337.140839 44 2.991752 16.239538 -14807520.631044 39443075.971477 -148747.025718 54 188
200118 36686936.944399 191437342.554850 337.955078 44 2.991745 16.239342 -14807524.587809 39443076.560625 -148655.359397 54 188
200119 36686872.090665 191437342.554850 337.251801 44 2.991740 16.239145 -14807528.544293 39443077.149857 -148563.692280 54 188
