199376 38590460.712593 0.000000 271.280884 38 4.727736 23.677135 -39619120.136302 14461479.075545 793110.238766 31 116
199377 38590402.193287 0.000000 299.918610 38 4.727728 23.676826 -39619117.579466 14461481.355897 793177.834786 31 116
199378 38590342.051112 0.000000 310.171844 38 4.727719 23.676517 -39619115.022570 14461483.635977 793245.426594 31 116
199379 38590282.004913 0.000000 309.613434 38 4.727711 23.676210 -39619112.465616 14461485.915784 793313.014190 31 116
199380 38590219.009627 0.000000 324.888916 37 4.727704 23.675901 -39619109.908603 14461488.195319 793380.597573 31 116
199381 38590153.963940 0.000000 335.102631 37 4.727695 23.675592 -39619107.351532 14461490.474582 793448.176743 31 116
199382 38590088.071918 0.000000 336.102386 37 4.727688 23.675285 -39619104.794403 14461492.753573 793515.751700 31 116
199386 38589786.741558 0.000000 337.547241 37 4.727657 23.674049 -39619094.565300 14461501.866814 793786.009389 31 116
199387 38589721.887824 0.000000 336.994476 37 4.727649 23.673742 -39619092.007879 14461504.144443 793853.563272 31 116
199388 38589657.007914 0.000000 337.648926 37 4.727640 23.673433 -39619089.450399 14461506.421800 793921.112938 31 116
199389 38589592.407208 0.000000 336.264648 37 4.727631 23.673124 -39619086.892862 14461508.698885 793988.658389 31 116
199395 38589204.802972 0.000000 337.025879 37 4.727577 23.671270 -39619071.546415 14461522.355673 794393.842528 31 116
199396 38589140.193541 0.000000 336.163666 37 4.727568 23.670961 -39619068.988471 14461524.630851 794461.358454 31 116
199397 38589075.810962 0.000000 335.025177 37 4.727559 23.670652 -39619066.430469 14461526.905756 794528.870162 31 116
199398 38589011.410934 0.000000 335.171356 37 4.727550 23.670343 -39619063.872409 14461529.180389 794596.377650 31 116
199402 38588740.827857 0.000000 319.548737 37 4.727513 23.669106 -39619053.639591 14461538.276197 794866.365401 31 116
199404 38588620.639483 0.000000 313.523560 38 4.727492 23.668486 -39619048.522836 14461542.822466 795001.333948 31 116
199405 38588560.488582 0.000000 313.228485 38 4.727483 23.668177 -39619045.964371 14461545.095192 795068.811889 31 116
199406 38588498.304731 0.000000 323.515015 38 4.727474 23.667866 -39619043.405850 14461547.367645 795136.285608 31 116
199407 38588437.865902 0.000000 313.696198 38 4.727464 23.667557 -39619040.847270 14461549.639826 795203.755103 31 116
199413 38588052.547644 0.000000 335.190491 35 4.727407 23.665695 -39619025.494587 14461563.267186 795608.483384 31 116
199414 38587983.383706 0.000000 359.597595 35 4.727396 23.665386 -39619022.935605 14461565.537459 795675.923313 31 116
199415 38587913.853314 0.000000 361.709473 35 4.727386 23.665077 -39619020.376567 14461567.807459 795743.359017 31 116
199416 38587845.640412 0.000000 354.825562 35 4.727377 23.664766 -39619017.817470 14461570.077186 795810.790494 31 116
199417 38587779.800741 0.000000 342.768341 35 4.727367 23.664455 -39619015.258317 14461572.346641 795878.217744 31 116
199418 38587714.781230 0.000000 338.661987 38 4.727358 23.664145 -39619012.699107 14461574.615823 795945.640768 31 116
199426 38587199.362873 0.000000 336.478394 38 4.727291 23.661661 -39618992.223369 14461592.759461 796484.872750 31 116
199427 38587134.753442 0.000000 336.564514 38 4.727283 23.661350 -39618989.663645 14461595.026189 796552.257718 31 116
199428 38587070.109111 0.500000 336.958527 38 4.727274 23.661037 -39618987.103865 14461597.292644 796619.638455 31 116
199429 38587005.586930 0.000000 336.264069 38 4.727267 23.660728 -39618984.544028 14461599.558825 796687.014962 31 116
199430 38586940.986224 0.000000 336.631622 38 4.727259 23.660418 -39618981.984134 14461601.824735 796754.387238 31 116
199437 38586470.310226 0.000000 348.448395 38 4.727204 23.658239 -39618964.063289 14461617.678459 797225.874674 31 116
199438 38586411.433192 0.000000 310.755066 38 4.727197 23.657928 -39618961.502942 14461619.942185 797293.213088 31 116
199439 38586357.477118 0.000000 282.127960 38 4.727189 23.657618 -39618958.942539 14461622.205639 797360.547266 31 116
199440 38586305.649972 0.000000 270.281555 38 4.727181 23.657305 -39618956.382079 14461624.468819 797427.877210 31 116
199441 38586254.843663 0.000000 263.986847 38 4.727173 23.656992 -39618953.821563 14461626.731727 797495.202919 31 116
199442 38586207.824051 0.000000 242.087585 38 4.727167 23.656681 -39618951.260990 14461628.994361 797562.524392 31 116
199446 38585921.998210 0.000000 344.743652 32 4.727137 23.655434 -39618941.018137 14461638.042170 797831.767942 31 116
199447 38585853.898735 0.000000 354.218597 37 4.727130 23.655123 -39618938.457283 14461640.303440 797899.068238 31 116
199448 38585786.759022 0.000000 349.254517 37 4.727123 23.654812 -39618935.896373 14461642.564437 797966.364296 31 116
199449 38585720.517996 0.000000 344.436340 37 4.727114 23.654499 -39618933.335407 14461644.825160 798033.656116 31 116
199450 38585655.699162 0.000000 337.280396 37 4.727107 23.654186 -39618930.774385 14461647.085611 798100.943698 31 116
199451 38585591.918616 0.000000 331.970490 37 4.727098 23.653875 -39618928.213307 14461649.345789 798168.227041 31 116
199456 38585260.434280 0.000000 368.160614 37 4.727056 23.652313 -39618915.407076 14461660.642581 798504.580168 31 116
199457 38585190.563608 0.000000 364.473755 37 4.727047 23.652002 -39618912.845663 14461662.901120 798571.838075 31 116
199458 38585123.912501 0.000000 347.477417 37 4.727039 23.651690 -39618910.284193 14461665.159387 798639.091739 31 116
199459 38585056.066055 0.000000 355.233795 37 4.727030 23.651377 -39618907.722668 14461667.417379 798706.341163 31 116
199460 38584987.565225 0.000000 361.237701 37 4.727022 23.651064 -39618905.161087 14461669.675099 798773.586345 31 116
199465 38584665.329504 0.500000 337.192413 37 4.726982 23.649502 -39618892.352347 14461680.959601 799109.748610 31 116
199466 38584601.313380 0.500000 335.801910 37 4.726974 23.649189 -39618889.790433 14461683.215682 799176.968334 31 116
199467 38584537.620086 0.500000 336.406799 37 4.726967 23.648876 -39618887.228462 14461685.471489 799244.183813 31 116
199468 38584473.830815 0.000000 336.690369 37 4.726960 23.648561 -39618884.666437 14461687.727023 799311.395047 31 116
199469 38584410.425449 0.000000 334.861115 37 4.726953 23.648249 -39618882.104356 14461689.982284 799378.602037 31 116
199475 38584019.802325 0.000000 365.081848 37 4.726905 23.646372 -39618866.730708 14461703.508112 799781.754813 31 116
199476 38583952.139105 0.000000 354.425446 37 4.726897 23.646057 -39618864.168240 14461705.761460 799848.932079 31 116
199477 38583888.716289 0.000000 335.140778 37 4.726889 23.645744 -39618861.605717 14461708.014535 799916.105097 31 116
199478 38583825.467975 0.500000 334.270233 37 4.726882 23.645432 -39618859.043139 14461710.267336 799983.273866 31 116
199479 38583789.084271 0.500000 334.106445 37 4.726873 23.645117 -39618856.480506 14461712.519864 800050.438381 31 116
199484 38583466.045840 0.000000 335.334351 37 4.726834 23.643549 -39618843.666516 14461723.778403 800386.197247 31 116
199485 38583401.785413 0.000000 334.454285 37 4.726826 23.643234 -39618841.103553 14461726.029291 800453.336270 31 116
199486 38583337.638413 0.000000 334.157288 37 4.726819 23.642921 -39618838.540535 14461728.279905 800520.471042 31 116
199487 38583273.482687 0.000000 334.245361 37 4.726810 23.642607 -39618835.977462 14461730.530246 800587.601563 31 116
199488 38583209.326962 0.000000 333.997894 37 4.726801 23.642294 -39618833.414335 14461732.780313 800654.727832 31 116
199489 38583144.743706 0.000000 336.399231 37 4.726793 23.641981 -39618830.851153 14461735.030107 800721.849849 31 116
199490 38583015.760421 0.000000 336.540466 38 4.726776 23.641352 -39618825.724625 14461739.528875 800856.081123 31 116
199494 38582820.317983 0.000000 345.850525 38 4.726749 23.640409 -39618818.034424 14461746.274974 801057.396139 31 116
199495 38582750.394960 0.000000 364.542419 38 4.726740 23.640095 -39618815.470915 14461748.523127 801124.492638 31 116
199496 38582678.578589 0.000000 374.730011 38 4.726732 23.639780 -39618812.907350 14461750.771007 801191.584883 31 116
199497 38582606.849469 0.000000 374.847687 38 4.726722 23.639465 -39618810.343732 14461753.018613 801258.672872 31 116
199498 38582539.631230 0.000000 354.338226 38 4.726713 23.639151 -39618807.780059 14461755.265945 801325.756606 31 116
199499 38582471.889485 0.000000 358.163177 38 4.726703 23.638836 -39618805.216332 14461757.513003 801392.836084 31 116
199504 38582181.727264 0.000000 361.967072 38 4.726653 23.637262 -39618792.396882 14461768.744192 801728.169613 31 116
199505 38582114.325798 0.000000 350.220917 38 4.726643 23.636950 -39618789.832829 14461770.989609 801795.223550 31 116
199506 38582045.798793 0.000000 356.361694 38 4.726634 23.636635 -39618787.268722 14461773.234753 801862.273229 31 116
199507 38581978.536929 0.000000 349.974640 38 4.726624 23.636320 -39618784.704561 14461775.479622 801929.318649 31 116
199514 38581518.243811 0.000000 336.683868 37 4.726551 23.634113 -39618766.753924 14461791.186046 802398.517319 31 116
199515 38581453.643105 0.000000 337.446442 37 4.726541 23.633799 -39618764.189331 14461793.428726 802465.528658 31 116
199516 38581389.182000 0.000000 336.831390 37 4.726531 23.633484 -39618761.624685 14461795.671133 802532.535735 31 116
199517 38581324.790697 0.000000 336.535919 37 4.726519 23.633167 -39618759.059985 14461797.913265 802599.538551 31 116
199524 38580875.107311 0.000000 334.204651 37 4.726446 23.630957 -39618741.105584 14461813.600525 803068.438890 31 116
199525 38580811.030111 0.000000 334.535461 37 4.726436 23.630642 -39618738.540456 14461815.840467 803135.407596 31 116
199526 38580746.630083 0.000000 336.347015 37 4.726426 23.630325 -39618735.975274 14461818.080135 803202.372037 31 116
199527 38580681.968301 0.000000 337.523224 37 4.726416 23.630011 -39618733.410038 14461820.319529 803269.332213 31 116
199528 38580617.498471 0.000000 336.447296 37 4.726407 23.629694 -39618730.844750 14461822.558650 803336.288123 31 116
199536 38580106.180916 0.000000 337.095123 37 4.726332 23.627165 -39618710.320523 14461840.461750 803871.781781 31 116
199537 38580041.615111 0.000000 336.780334 37 4.726323 23.626848 -39618707.754756 14461842.698404 803938.699281 31 116
199538 38579977.197632 0.000000 336.021790 37 4.726315 23.626532 -39618705.188935 14461844.934785 804005.612512 31 116
199539 38579912.780153 0.000000 335.995331 37 4.726306 23.626215 -39618702.623062 14461847.170892 804072.521473 31 116
199546 38579462.922265 0.000000 336.836273 37 4.726239 23.623999 -39618684.660468 14461862.815965 804540.764612 31 116
199547 38579398.147057 0.000000 337.345795 37 4.726229 23.623682 -39618682.094172 14461865.049879 804607.639401 31 116
199548 38579333.467825 0.000000 337.043945 37 4.726218 23.623363 -39618679.527824 14461867.283519 804674.509918 31 116
199549 38579268.980545 0.000000 335.983826 37 4.726208 23.623047 -39618676.961423 14461869.516885 804741.376161 31 116
199556 38578817.421260 0.000000 344.207489 38 4.726144 23.620827 -39618658.995144 14461885.142771 805209.320174 31 116
199557 38578748.370749 0.000000 360.070923 38 4.726135 23.620508 -39618656.428323 14461887.373943 805276.152218 31 116
199558 38578681.178685 0.000000 350.806671 38 4.726126 23.620190 -39618653.861449 14461889.604842 805342.979985 31 116
199559 38578613.349689 0.000000 354.421173 38 4.726117 23.619873 -39618651.294524 14461891.835466 805409.803475 31 116
199560 38578545.965673 0.000000 352.301819 38 4.726107 23.619555 -39618648.727546 14461894.065816 805476.622688 31 116
199566 38578131.776030 0.000000 382.358917 38 4.726050 23.617649 -39618633.324584 14461907.442156 805877.448121 31 116
199567 38578055.998460 0.000000 398.923248 38 4.726041 23.617331 -39618630.757241 14461909.670586 805944.237384 31 116
199568 38578047.988810 0.000000 429.227905 37 4.726032 23.617014 -39618628.189847 14461911.898741 806011.022352 31 116
199569 38577968.415817 0.000000 413.625122 37 4.726022 23.616695 -39618625.622401 14461914.126623 806077.803056 31 116
199570 38577900.447219 0.000000 357.363953 37 4.726013 23.616375 -39618623.054902 14461916.354230 806144.579476 31 116
199579 38577335.173590 0.500000 335.903381 37 4.725936 23.613510 -39618599.945089 14461936.390344 806745.374548 31 116
199580 38577270.817187 0.500000 335.972473 37 4.725927 23.613192 -39618597.377073 14461938.615207 806812.108140 31 116
199581 38577206.670187 0.500000 334.832123 37 4.725918 23.612873 -39618594.809006 14461940.839796 806878.837446 31 116
199582 38577142.470836 0.500000 335.180634 37 4.725909 23.612555 -39618592.240888 14461943.064110 806945.562467 31 116
199583 38577078.018457 0.500000 336.421753 37 4.725900 23.612236 -39618589.672718 14461945.288149 807012.283203 31 116
199591 38576564.868629 0.500000 335.351807 37 4.725832 23.609682 -39618569.125513 14461963.070582 807545.894768 31 116
199592 38576500.547126 0.500000 335.322205 37 4.725823 23.609364 -39618566.556882 14461965.292151 807612.576919 31 116
199593 38576434.131597 0.000000 346.736084 37 4.725815 23.609045 -39618563.988199 14461967.513445 807679.254781 31 116
199594 38576364.505229 0.000000 363.214264 37 4.725806 23.608725 -39618561.419466 14461969.734464 807745.928354 31 116
199595 38576297.112488 0.000000 351.971741 37 4.725799 23.608406 -39618558.850682 14461971.955209 807812.597638 31 116
199596 38576233.209790 0.000000 334.043915 37 4.725791 23.608086 -39618556.281846 14461974.175679 807879.262630 31 116
199597 38576169.298368 0.500000 333.559662 37 4.725782 23.607767 -39618553.712960 14461976.395875 807945.923332 31 116
199604 38575720.897573 0.000000 333.859375 37 4.725726 23.605528 -39618535.729333 14461991.929553 808412.428081 31 116
199605 38575656.689497 0.500000 335.747375 37 4.725718 23.605209 -39618533.160040 14461994.147551 808479.054447 31 116
199606 38575592.324368 0.500000 336.656952 37 4.725708 23.604889 -39618530.590697 14461996.365274 808545.676519 31 116
199607 38575528.029041 0.500000 336.262909 37 4.725700 23.604568 -39618528.021303 14461998.582723 808612.294297 31 116
199608 38575463.803515 0.500000 335.880707 37 4.725691 23.604248 -39618525.451858 14462000.799897 808678.907781 31 116
199613 38575078.328205 0.000000 343.015137 38 4.725638 23.602327 -39618510.034132 14462014.097169 809078.498480 31 116
199616 38574945.252844 0.000000 348.716644 38 4.725619 23.601686 -39618504.894486 14462018.527395 809211.661011 31 116
199617 38574876.961417 0.000000 360.024292 38 4.725610 23.601366 -39618502.324588 14462020.742096 809278.235831 31 116
199618 38574808.216285 0.000000 362.840851 38 4.725601 23.601046 -39618499.754640 14462022.956522 809344.806353 31 116
199619 38574765.768630 0.000000 362.686768 38 4.725592 23.600725 -39618497.184642 14462025.170672 809411.372571 31 116
199627 38574238.353249 0.000000 335.463837 38 4.725513 23.598158 -39618476.622852 14462042.873983 809943.747574 31 116
199628 38574174.101547 0.000000 336.179260 38 4.725503 23.597837 -39618474.052403 14462045.085660 810010.275097 31 116
199629 38574109.806220 0.000000 336.266418 38 4.725493 23.597515 -39618471.481905 14462047.297062 810076.798318 31 116
199630 38574045.790096 0.000000 334.918823 38 4.725482 23.597195 -39618468.911357 14462049.508188 810143.317237 31 116
199631 38573981.625646 0.000000 335.810577 38 4.725472 23.596872 -39618466.340759 14462051.719040 810209.831853 31 116
199638 38573532.561742 0.000000 343.715820 37 4.725400 23.594624 -39618448.345183 14462067.187301 810675.313666 31 116
199639 38573464.558244 0.000000 355.648834 37 4.725391 23.594303 -39618445.774188 14462069.395952 810741.793851 31 116
199640 38573395.254704 0.000000 363.047089 37 4.725382 23.593981 -39618443.203144 14462071.604329 810808.269730 31 116
199641 38573324.642398 0.000000 372.200043 37 4.725373 23.593658 -39618440.632050 14462073.812430 810874.741304 31 116
199642 38573258.008741 0.000000 351.932434 37 4.725363 23.593336 -39618438.060907 14462076.020256 810941.208570 31 116
199649 38572811.178466 0.000000 366.589264 37 4.725296 23.591082 -39618420.061525 14462091.467335 811406.358819 31 116
199650 38572745.591823 0.000000 346.690857 37 4.725287 23.590759 -39618417.489989 14462093.672960 811472.791622 31 116
199651 38572679.411872 0.000000 350.455444 37 4.725277 23.590437 -39618414.918403 14462095.878309 811539.220115 31 116
199652 38572612.621163 0.000000 350.687042 37 4.725267 23.590115 -39618412.346767 14462098.083384 811605.644298 31 116
199653 38572543.954557 0.000000 364.223419 37 4.725257 23.589792 -39618409.775083 14462100.288183 811672.064172 31 116
199654 38572472.652967 0.000000 374.671570 37 4.724771 23.589470 -39618407.203350 14462102.492707 811738.479735 31 116
199659 38572175.013328 0.000000 335.434448 37 4.724840 23.587858 -39618394.343952 14462113.511198 812070.492865 31 116
199660 38572111.773739 0.000000 333.977661 37 4.724834 23.587536 -39618391.771926 14462115.714071 812136.882556 31 116
199661 38572048.647576 0.000000 333.204285 37 4.724829 23.587214 -39618389.199852 14462117.916668 812203.267934 31 116
199662 38571985.599940 0.000000 332.949341 37 4.724824 23.586889 -39618386.627728 14462120.118989 812269.648998 31 116
199663 38571922.377801 0.500000 333.829529 37 4.724819 23.586567 -39618384.055556 14462122.321036 812336.025748 31 116
199664 38571858.754307 0.500000 335.692780 37 4.724813 23.586245 -39618381.483335 14462124.522807 812402.398184 31 116
199671 38571409.812555 0.500000 335.219788 37 4.724785 23.583981 -39618363.476432 14462139.927494 812866.884411 31 116
199672 38571345.770256 0.000000 335.001526 37 4.724782 23.583658 -39618360.903823 14462142.127063 812933.222322 31 116
199673 38571281.492379 0.000000 336.085266 37 4.724779 23.583334 -39618358.331166 14462144.326355 812999.555915 31 116
199674 38571217.258127 0.500000 335.096680 38 4.724774 23.583302 -39618355.758461 14462146.525372 813065.885191 31 116
199675 38571153.425231 0.000000 333.819580 38 4.724771 23.582977 -39618353.185708 14462148.724114 813132.210149 31 116
199682 38570704.753958 0.500000 335.849274 38 4.724738 23.580711 -39618335.175088 14462164.107593 813596.363916 31 116
199683 38570638.765959 0.000000 345.065887 38 4.724734 23.580387 -39618332.601950 14462166.304131 813662.654317 31 116
199684 38570571.137640 0.000000 352.944000 38 4.724731 23.580063 -39618330.028764 14462168.500393 813728.940398 31 116
199685 38570503.291194 0.000000 354.954651 38 4.724730 23.579739 -39618327.455530 14462170.696380 813795.222157 31 116
199686 38570433.848052 0.000000 366.460480 38 4.724727 23.579414 -39618324.882249 14462172.892091 813861.499594 31 116
199693 38569975.448282 0.000000 364.266876 37 4.724702 23.577145 -39618306.867941 14462188.254353 814325.320605 31 116
199694 38569904.835976 0.000000 370.417847 37 4.724698 23.576820 -39618304.294278 14462190.447859 814391.563455 31 116
199695 38569838.245945 0.000000 349.675262 37 4.724693 23.576496 -39618301.720567 14462192.641090 814457.801979 31 116
199696 38569811.067231 0.000000 344.917358 37 4.724689 23.576172 -39618299.146809 14462194.834045 814524.036169 31 116
199697 38569744.058395 0.000000 353.822784 37 4.724685 23.575846 -39618296.573004 14462197.026724 814590.266042 31 116
199698 38569673.969596 0.000000 366.046875 37 4.724681 23.575521 -39618293.999151 14462199.219128 814656.491589 31 116
199699 38569605.198288 0.000000 359.685516 37 4.724678 23.575197 -39618291.425250 14462201.411256 814722.712810 31 116
199705 38569185.677603 0.000000 355.043335 37 4.724655 23.573248 -39618275.980854 14462214.558233 815119.949257 31 116
199706 38569120.405063 0.000000 347.591980 37 4.724650 23.572924 -39618273.406623 14462216.748431 815186.140182 31 116
199707 38569054.862046 0.000000 347.312714 37 4.724645 23.572598 -39618270.832344 14462218.938353 815252.326777 31 116
199708 38568989.057274 0.000000 348.590546 37 4.724639 23.572271 -39618268.258019 14462221.128000 815318.509043 31 116
199709 38568995.051424 0.000000 356.633270 37 4.724632 23.571947 -39618265.683647 14462223.317370 815384.686963 31 116
199710 38568925.904936 0.000000 358.730042 37 4.724627 23.571621 -39618263.109227 14462225.506464 815450.860570 31 116
199711 38568856.714823 0.000000 359.467865 37 4.724620 23.571295 -39618260.534761 14462227.695283 815517.029845 31 116
199717 38568453.091287 0.000000 334.490051 36 4.724588 23.569344 -39618245.086977 14462240.822404 815913.954530 31 116
199718 38568389.406717 0.000000 333.153839 36 4.724582 23.569017 -39618242.512182 14462243.009292 815980.093480 31 116
199719 38568323.593221 0.000000 344.806030 36 4.724576 23.568691 -39618239.937341 14462245.195904 816046.228097 31 116
199720 38568253.609123 0.000000 366.585754 36 4.724571 23.568365 -39618237.362453 14462247.382240 816112.358381 31 116
199721 38568183.441797 0.000000 370.211090 36 4.724565 23.568041 -39618234.787519 14462249.568300 816178.484330 31 116
199722 38568110.587138 0.000000 382.496277 36 4.724557 23.567715 -39618232.212538 14462251.754084 816244.605946 31 116
199730 38567610.708201 0.000000 355.221985 36 4.724504 23.565105 -39618211.611017 14462269.230424 816773.422764 31 116
199731 38567546.770603 0.000000 337.403412 36 4.724495 23.564779 -39618209.035618 14462271.413724 816839.505351 31 116
199732 38567483.312886 0.000000 335.162689 36 4.724489 23.564453 -39618206.460173 14462273.596749 816905.583600 31 116
199733 38567419.881345 0.000000 334.866730 37 4.724482 23.564127 -39618203.884681 14462275.779497 816971.657510 31 116
199734 38567356.388727 0.000000 335.052338 37 4.724474 23.563799 -39618201.309144 14462277.961969 817037.727081 31 116
199736 38567166.521633 0.000000 333.357941 37 4.724452 23.562820 -39618193.582255 14462284.507730 817235.909757 31 116
199742 38566810.476116 0.000000 453.063263 37 4.724411 23.561186 -39618180.703186 14462295.411810 817566.127421 31 116
199743 38566721.829010 0.000000 463.057251 37 4.724404 23.560858 -39618178.127234 14462297.591797 817632.157933 31 116
199744 38566718.234265 0.000000 403.678894 37 4.724395 23.560532 -39618175.551237 14462299.771508 817698.184084 31 116
199745 38566652.926825 0.000000 340.516022 37 4.724387 23.560205 -39618172.975194 14462301.950944 817764.205906 31 116
199746 38566593.979989 0.000000 308.134003 37 4.724378 23.559877 -39618170.399105 14462304.130103 817830.223384 31 116
199754 38566093.237266 0.500000 335.672485 37 4.724298 23.557259 -39618149.788751 14462321.553432 818358.206820 31 116
199755 38566028.889588 0.500000 335.065735 37 4.724288 23.556931 -39618147.212252 14462323.730105 818424.185197 31 116
199756 38565964.489560 0.500000 335.290192 37 4.724279 23.556604 -39618144.635707 14462325.906502 818490.159226 31 116
199757 38565900.168057 0.500000 334.996735 37 4.724270 23.556278 -39618142.059117 14462328.082623 818556.128909 31 116
199758 38565835.846554 0.000000 334.728149 37 4.724261 23.555948 -39618139.482482 14462330.258467 818622.094245 31 116
199759 38565771.778080 0.000000 333.393311 37 4.724253 23.555620 -39618136.905801 14462332.434035 818688.055233 31 116
199765 38565386.634324 0.500000 335.197174 37 4.724198 23.553654 -39618121.444768 14462345.481640 819083.729841 31 116
199766 38565322.592025 0.500000 333.337585 37 4.724190 23.553324 -39618118.867771 14462347.655274 819149.660386 31 116
199767 38565258.593352 0.500000 333.205200 37 4.724181 23.552996 -39618116.290729 14462349.828631 819215.586581 31 116
199768 38565194.629578 0.000000 333.001740 37 4.724173 23.552668 -39618113.713642 14462352.001712 819281.508426 31 116
199769 38565130.473853 0.000000 334.149628 37 4.724165 23.552341 -39618111.136510 14462354.174517 819347.425919 31 116
199770 38565066.065099 0.500000 335.456604 37 4.724157 23.552011 -39618108.559334 14462356.347045 819413.339061 31 116
199771 38565001.499294 0.500000 336.206757 37 4.724149 23.551683 -39618105.982112 14462358.519297 819479.247851 31 116
199779 38564457.785409 0.000000 385.747650 37 4.724094 23.549055 -39618085.362727 14462375.887359 820006.361471 31 116
199780 38564385.846887 0.000000 377.379303 37 4.724086 23.548727 -39618082.785103 14462378.057123 820072.231081 31 116
199781 38564312.957327 0.000000 382.930023 37 4.724076 23.548397 -39618080.207434 14462380.226610 820138.096337 31 116
199784 38564181.941092 0.000000 347.812012 37 4.724048 23.547411 -39618072.474162 14462386.733411 820335.665945 31 115
199785 38564107.219260 0.000000 351.124390 37 4.724037 23.547081 -39618069.896315 14462388.901793 820401.513777 31 115
199786 38564037.898270 0.000000 360.489349 37 4.724029 23.546751 -39618067.318424 14462391.069897 820467.357249 31 115
199787 38563969.798795 0.000000 354.774750 37 4.724020 23.546421 -39618064.740489 14462393.237725 820533.196365 31 115
199788 38563902.292628 0.000000 351.949097 37 4.724013 23.546093 -39618062.162509 14462395.405276 820599.031122 31 115
199789 38563835.562995 0.000000 348.351776 37 4.724009 23.545765 -39618059.584486 14462397.572551 820664.861521 31 115
199790 38563766.556109 0.000000 360.429504 37 4.724005 23.545435 -39618057.006418 14462399.739549 820730.687563 31 115
199791 38563699.922453 0.000000 348.275177 37 4.724000 23.545105 -39618054.428306 14462401.906271 820796.509244 31 115
199792 38563632.102182 0.000000 357.971924 37 4.723993 23.544775 -39618051.850149 14462404.072715 820862.326568 31 115
199793 38563562.205334 0.000000 368.652130 37 4.723986 23.544445 -39618049.271949 14462406.238884 820928.139532 31 115
199794 38563493.137373 0.000000 361.908478 37 4.723979 23.544117 -39618046.693704 14462408.404775 820993.948136 31 115
199795 38563425.509054 0.000000 355.158386 37 4.723970 23.543787 -39618044.115416 14462410.570390 821059.752380 31 115
199803 38562926.363026 0.000000 335.961090 37 4.723900 23.541149 -39618023.487525 14462427.885349 821586.029309 31 115
199804 38562862.826783 0.000000 335.464874 37 4.723892 23.540817 -39618020.908842 14462430.048474 821651.794295 31 115
199805 38562799.342891 0.000000 335.112213 37 4.723885 23.540487 -39618018.330115 14462432.211322 821717.554917 31 115
199806 38562735.806648 0.000000 333.035187 37 4.723876 23.540157 -39618015.751344 14462434.373893 821783.311175 31 115
199807 38562672.183154 0.000000 332.973450 37 4.723869 23.539827 -39618013.172529 14462436.536188 821849.063068 31 115
199817 38562010.662850 0.000000 347.332245 37 4.723780 23.536522 -39617987.381991 14462458.143908 822506.341890 31 115
199818 38561942.537200 0.000000 358.188629 37 4.723770 23.536192 -39617984.802699 14462460.303158 822572.045754 31 115
199819 38561873.504138 0.000000 362.714630 37 4.723760 23.535862 -39617982.223364 14462462.462131 822637.745249 31 115
199820 38561847.730167 0.000000 351.383942 37 4.723750 23.535530 -39617979.643985 14462464.620826 822703.440366 31 115
199821 38561781.271012 0.000000 346.876862 37 4.723740 23.535198 -39617977.064564 14462466.779245 822769.131122 31 115
199822 38561712.421178 0.000000 359.047211 37 4.723730 23.534868 -39617974.485099 14462468.937387 822834.817510 31 115
199823 38561642.969312 0.000000 362.542511 37 4.723720 23.534538 -39617971.905591 14462471.095252 822900.499527 31 115
199832 38561089.186652 0.000000 320.094269 36 4.723626 23.531555 -39617948.688086 14462490.503573 823491.440962 31 115
199833 38561027.133677 0.000000 322.843414 36 4.723616 23.531223 -39617946.108149 14462492.658669 823557.079260 31 115
199834 38560963.222255 0.000000 332.427002 36 4.723606 23.530893 -39617943.528170 14462494.813487 823622.713184 31 115
199835 38560898.979278 0.000000 333.820221 36 4.723595 23.530561 -39617940.948147 14462496.968028 823688.342734 31 115
199845 38560257.317322 0.500000 334.658325 37 4.723496 23.527243 -39617915.145586 14462518.498202 824344.397575 31 115
199846 38560192.830042 0.500000 335.233124 37 4.723488 23.526909 -39617912.565097 14462520.649695 824409.978987 31 115
199847 38560128.456189 0.500000 334.801361 37 4.723478 23.526577 -39617909.984566 14462522.800911 824475.556020 31 115
199848 38560064.117236 0.500000 334.679108 37 4.723468 23.526247 -39617907.403992 14462524.951850 824541.128674 31 115
199849 38559999.682307 0.500000 335.084106 37 4.723460 23.525913 -39617904.823376 14462527.102512 824606.696949 31 115
199850 38559935.378255 0.500000 334.497711 37 4.723450 23.525579 -39617902.242718 14462529.252897 824672.260845 31 115
199857 38559486.733157 0.500000 334.176727 37 4.723386 23.523252 -39617884.176935 14462544.297828 825131.085463 31 115
199858 38559422.263327 0.500000 335.398987 38 4.723377 23.522919 -39617881.595941 14462546.445994 825196.614311 31 115
199859 38559357.880749 0.500000 335.010681 38 4.723368 23.522587 -39617879.014906 14462548.593884 825262.138777 31 115
199859 38559293.463270 0.500000 334.979919 38 4.723368 23.522587 -39617879.014906 14462548.593884 825262.138777 31 115
199868 38558780.802048 0.000000 334.712372 38 4.723270 23.519588 -39617855.783708 14462567.912413 825851.661698 31 115
199869 38558716.349669 0.000000 335.064606 38 4.723258 23.519255 -39617853.202256 14462570.057530 825917.142320 31 115
199870 38558652.010716 0.000000 334.877350 38 4.723246 23.518921 -39617850.620762 14462572.202369 825982.618555 31 115
199871 38558587.575787 0.000000 335.318573 38 4.723234 23.518587 -39617848.039227 14462574.346931 826048.090404 31 115
199872 38558523.236834 0.500000 334.845734 38 4.723222 23.518255 -39617845.457651 14462576.491215 826113.557866 31 115
199880 38557985.682877 0.000000 387.030853 38 4.723135 23.515585 -39617824.803556 14462593.635504 826637.139587 31 115
199881 38557911.440926 0.000000 388.902557 38 4.723125 23.515251 -39617822.221608 14462595.777292 826702.567552 31 115
199882 38557839.903758 0.000000 375.117676 38 4.723114 23.514917 -39617819.639620 14462597.918802 826767.991126 31 115
199883 38557770.382090 0.000000 368.572388 38 4.723104 23.514582 -39617817.057591 14462600.060035 826833.410309 31 115
199884 38557698.426118 0.000000 378.874512 38 4.723094 23.514250 -39617814.475521 14462602.200990 826898.825100 31 115
199895 38557043.728848 0.000000 330.684906 38 4.722978 23.510569 -39617786.070058 14462625.733179 827618.097860 31 115
199896 38556979.730175 0.000000 333.593475 38 4.722968 23.510235 -39617783.487499 14462627.870804 827683.459928 31 115
199897 38556915.269071 0.000000 335.900238 38 4.722958 23.509901 -39617780.904899 14462630.008151 827748.817601 31 115
199898 38556850.834142 0.500000 335.770721 38 4.722949 23.509565 -39617778.322260 14462632.145220 827814.170878 31 115
199899 38556786.329412 0.500000 336.009064 38 4.722938 23.509230 -39617775.739579 14462634.282012 827879.519759 31 115
199900 38556721.815957 0.500000 336.165558 38 4.722929 23.508896 -39617773.156859 14462636.418526 827944.864242 31 115
199908 38556195.177110 0.000000 348.982300 38 4.722856 23.506212 -39617752.493643 14462653.500642 828467.461786 31 115
199909 38556127.897796 0.000000 351.152008 38 4.722848 23.505878 -39617749.910561 14462655.634657 828532.766684 31 115
199910 38556061.333940 0.000000 348.849701 38 4.722841 23.505543 -39617747.327438 14462657.768395 828598.067181 31 115
199911 38555994.918412 0.000000 350.645905 38 4.722832 23.505205 -39617744.744275 14462659.901854 828663.363278 31 115
199912 38555925.300768 0.000000 365.205414 38 4.722823 23.504871 -39617742.161072 14462662.035036 828728.654975 31 115
199913 38555854.400533 0.000000 371.965027 37 4.722814 23.504536 -39617739.577830 14462664.167940 828793.942270 31 115
199920 38555382.511745 0.000000 348.318665 37 4.722748 23.502184 -39617721.494015 14462679.090489 829250.830066 31 115
199921 38555316.715699 0.000000 348.494812 37 4.722739 23.501848 -39617718.910454 14462681.221170 829316.082137 31 115
199922 38555323.346782 0.000000 353.129211 37 4.722730 23.501511 -39617716.326854 14462683.351573 829381.329789 31 115
199923 38555255.020454 0.000000 355.128387 37 4.722721 23.501177 -39617713.743214 14462685.481699 829446.573052 31 115
199924 38555188.299547 0.000000 346.568848 37 4.722711 23.500839 -39617711.159534 14462687.611547 829511.811909 31 115
199932 38554649.489174 0.000000 374.866364 37 4.722640 23.498148 -39617690.488675 14462704.640327 830033.564143 31 115
199933 38554582.698465 0.000000 351.922791 37 4.722631 23.497810 -39617687.904641 14462706.767674 830098.763339 31 115
199934 38554519.598478 0.000000 333.283203 37 4.722622 23.497473 -39617685.320567 14462708.894742 830163.958126 31 115
199935 38554456.550841 0.000000 333.062134 37 4.722614 23.497137 -39617682.736455 14462711.021533 830229.148504 31 115
199936 38554393.485754 0.500000 333.147491 36 4.722605 23.496799 -39617680.152303 14462713.148046 830294.334472 31 115
199937 38554329.600507 0.500000 335.059387 36 4.722597 23.496464 -39617677.568112 14462715.274281 830359.516032 31 115
199938 38554265.959563 0.500000 335.934784 36 4.722588 23.496126 -39617674.983882 14462717.400238 830424.693181 31 115
199945 38553820.708532 0.500000 332.830383 38 4.722528 23.493767 -39617656.893180 14462732.274152 830880.809714 31 115
199946 38553757.346792 0.500000 331.626831 38 4.722519 23.493429 -39617654.308639 14462734.397885 830945.951571 31 115
199947 38553693.723298 0.500000 333.048431 38 4.722511 23.493093 -39617651.724059 14462736.521339 831011.089015 31 115
199948 38553629.838051 0.500000 334.245605 38 4.722503 23.492754 -39617649.139440 14462738.644516 831076.222046 31 115
199949 38553565.708501 0.500000 335.524536 38 4.722494 23.492416 -39617646.554782 14462740.767414 831141.350662 31 115
199950 38553501.657476 0.500000 335.081543 38 4.722486 23.492081 -39617643.970086 14462742.890035 831206.474865 31 115
199959 38552927.615114 0.500000 334.758545 38 4.722412 23.489040 -39617620.706086 14462761.981102 831792.393995 31 115
199960 38552863.398312 0.500000 335.810791 38 4.722403 23.488701 -39617618.121005 14462764.100941 831857.474037 31 115
199961 38552799.242587 0.500000 335.311462 38 4.722394 23.488363 -39617615.535885 14462766.220502 831922.549662 31 115
199962 38552735.200288 0.500000 334.784058 38 4.722387 23.488026 -39617612.950728 14462768.339784 831987.620869 31 115
199963 38552671.009662 0.500000 335.461548 38 4.722379 23.487686 -39617610.365532 14462770.458788 832052.687656 31 115
199973 38552017.350681 0.000000 357.175385 38 4.722307 23.484303 -39617584.511481 14462791.633528 832703.112435 31 115
199974 38551950.272044 0.000000 354.342743 38 4.722300 23.483963 -39617581.925868 14462793.749471 832768.130596 31 115
199975 38551882.530298 0.000000 358.229614 38 4.722292 23.483624 -39617579.340216 14462795.865136 832833.144335 31 115
199976 38551815.704689 0.000000 353.848938 38 4.722285 23.483286 -39617576.754527 14462797.980523 832898.153650 31 115
199977 38551747.509238 0.000000 358.213318 38 4.722278 23.482946 -39617574.168800 14462800.095631 832963.158542 31 115
199978 38551711.945695 0.000000 371.974548 38 4.722270 23.482609 -39617571.583035 14462802.210461 833028.159003 31 115
199983 38551336.041829 0.000000 394.522858 37 4.722224 23.480574 -39617556.067658 14462814.893595 833418.068882 31 115
199987 38551148.181510 0.000000 313.290405 37 4.722201 23.479555 -39617548.309464 14462821.231404 833612.964074 31 115
199988 38551087.175549 0.000000 317.436218 37 4.722194 23.479216 -39617545.723324 14462823.343450 833677.920284 31 115
199989 38551024.817196 0.000000 324.208588 37 4.722187 23.478878 -39617543.137147 14462825.455218 833742.872066 31 115
199990 38550961.254778 0.000000 330.249207 37 4.722179 23.478537 -39617540.550933 14462827.566707 833807.819421 31 115
199991 38550897.072877 0.000000 333.263367 37 4.722173 23.478199 -39617537.964682 14462829.677918 833872.762347 31 115
199992 38550832.629223 0.500000 334.567596 37 4.722165 23.477858 -39617535.378393 14462831.788850 833937.700845 31 115
199999 38550341.998901 0.000000 371.224426 37 4.722116 23.475477 -39617517.273334 14462846.557578 834392.146306 31 115
200000 38550274.152454 0.000000 358.727478 37 4.722108 23.475140 -39617514.686749 14462848.666282 834457.049363 31 115
200001 38550207.466447 0.000000 353.374329 37 4.722101 23.474798 -39617512.100127 14462850.774708 834521.947988 31 115
200002 38550137.970955 0.000000 365.330780 37 4.722094 23.474459 -39617509.513468 14462852.882855 834586.842182 31 115
200003 38550069.574827 0.000000 362.550751 37 4.722087 23.474117 -39617506.926773 14462854.990723 834651.731943 31 115
200011 38549560.996956 0.000000 413.232758 37 4.722028 23.471394 -39617486.231887 14462871.843641 835170.690411 31 115
200012 38549485.830143 0.000000 394.209839 37 4.722021 23.471054 -39617483.644862 14462873.949002 835235.540266 31 115
200013 38549415.662817 0.000000 370.785370 37 4.722013 23.470713 -39617481.057800 14462876.054085 835300.385684 31 115
200014 38549350.564780 0.000000 344.493408 37 4.722005 23.470373 -39617478.470702 14462878.158888 835365.226665 31 115
200015 38549353.540042 0.000000 334.786133 37 4.721998 23.470032 -39617475.883568 14462880.263413 835430.063194 31 115
200016 38549284.341204 0.000000 334.709167 37 4.721991 23.469692 -39617473.296397 14462882.367659 835494.895303 31 115
200023 38548835.687380 0.000000 332.690704 37 4.721936 23.467302 -39617455.185185 14462897.089579 835948.595788 31 115
200024 38548771.409503 0.000000 334.471497 37 4.721928 23.466963 -39617452.597724 14462899.191596 836013.392387 31 115
200025 38548706.913499 0.000000 335.746735 37 4.721920 23.466619 -39617450.010227 14462901.293333 836078.184547 31 115
200026 38548642.443669 0.000000 335.590607 37 4.721912 23.466280 -39617447.422695 14462903.394792 836142.972266 31 115
200027 38548578.043641 0.000000 335.139801 37 4.721904 23.465937 -39617444.835126 14462905.495973 836207.755544 31 115
200036 38548001.200518 0.500000 335.465668 37 4.721826 23.462864 -39617421.545394 14462924.394048 836790.605159 31 115
200037 38547936.774314 0.500000 335.141754 37 4.721817 23.462523 -39617418.957468 14462926.492440 836855.344011 31 115
200038 38547872.409186 0.500000 334.886627 37 4.721807 23.462179 -39617416.369506 14462928.590553 836920.078419 31 115
200039 38547808.113859 0.500000 334.527557 37 4.721797 23.461838 -39617413.781508 14462930.688387 836984.808382 31 115
200047 38547270.812929 0.000000 362.753998 37 4.721718 23.459099 -39617393.076249 14462947.461020 837502.488034 31 115
200048 38547204.973258 0.000000 347.376068 37 4.721708 23.458757 -39617390.487933 14462949.556344 837567.177979 31 115
200049 38547138.060398 0.000000 353.352631 37 4.721697 23.458414 -39617387.899581 14462951.651389 837631.863475 31 115
200050 38547072.351603 0.000000 347.132782 37 4.721687 23.458073 -39617385.311195 14462953.746155 837696.544523 31 115
200051 38547008.597232 0.000000 334.440094 37 4.721677 23.457729 -39617382.722773 14462955.840642 837761.221121 31 115
200052 38546945.409994 0.500000 334.150757 37 4.721666 23.457386 -39617380.134316 14462957.934850 837825.893270 31 115
200059 38546512.217064 0.500000 335.437927 37 4.721597 23.454987 -39617362.014137 14462972.586493 838278.473697 31 115
200060 38546446.386117 0.500000 344.124603 37 4.721588 23.454645 -39617359.425400 14462974.678469 838343.110240 31 115
200061 38546376.044290 0.000000 368.060638 37 4.721579 23.454300 -39617356.836629 14462976.770166 838407.742331 31 115
200062 38546303.041304 0.000000 382.496277 37 4.721569 23.453959 -39617354.247823 14462978.861583 838472.369970 31 115
200063 38546230.396047 0.000000 380.506592 37 4.721560 23.453613 -39617351.658982 14462980.952722 838536.993155 31 115
200068 38545936.630357 0.000000 285.169312 37 4.721513 23.451897 -39617338.714257 14462991.404227 838860.042258 31 115
200069 38545884.297154 0.000000 272.755493 37 4.721503 23.451553 -39617336.125209 14462993.493691 838924.638714 31 115
200070 38545831.440444 0.000000 275.189209 37 4.721493 23.451210 -39617333.536126 14462995.582876 838989.230714 31 115
200071 38545777.693774 0.000000 278.283234 37 4.721484 23.450867 -39617330.947009 14462997.671781 839053.818259 31 115
200078 38545331.552782 0.500000 333.784546 37 4.721415 23.448460 -39617312.822224 14463012.286302 839505.806292 31 115
200079 38545264.456695 0.000000 344.623077 37 4.721406 23.448116 -39617310.232832 14463014.372974 839570.358180 31 115
200080 38545193.059129 0.000000 367.306000 37 4.721395 23.447771 -39617307.643406 14463016.459367 839634.905611 31 115
200081 38545120.265545 0.000000 377.508423 37 4.721386 23.447428 -39617305.053946 14463018.545481 839699.448582 31 115
200082 38545047.724990 0.000000 376.673157 37 4.721376 23.447083 -39617302.464452 14463020.631315 839763.987094 31 115
200091 38544418.531214 0.000000 422.919678 37 4.721295 23.443983 -39617279.157476 14463039.391256 840344.632954 31 115
200092 38544331.707656 0.000000 457.537292 37 4.721287 23.443638 -39617276.567642 14463041.474297 840409.126854 31 115
200093 38544253.207851 0.000000 411.807861 37 4.721279 23.443293 -39617273.977776 14463043.557059 840473.616289 31 115
200094 38544284.112187 0.000000 364.633820 37 4.721272 23.442949 -39617271.387876 14463045.639541 840538.101236 31 115
200102 38543781.563366 0.000000 332.891449 37 4.721209 23.440189 -39617250.667466 14463062.289344 841053.820240 31 115
200103 38543717.451266 0.500000 332.435577 37 4.721200 23.439842 -39617248.077264 14463064.369312 841118.265019 31 115
200104 38543653.487493 0.000000 332.383942 37 4.721192 23.439497 -39617245.487029 14463066.449001 841182.705331 31 115
200105 38543589.366668 0.000000 332.468689 37 4.721184 23.439154 -39617242.896761 14463068.528410 841247.141175 31 115
200106 38543524.940464 0.500000 334.820831 37 4.721175 23.438807 -39617240.306459 14463070.607540 841311.572552 31 115
200106 38543460.226332 0.500000 335.532532 37 4.721175 23.438807 -39617240.306459 14463070.607540 841311.572552 31 115
200108 38543395.328972 0.500000 336.516357 37 4.721159 23.438116 -39617235.125757 14463074.764961 841440.421900 31 115
200117 38542793.819966 0.000000 373.710175 37 4.721076 23.435003 -39617211.810959 14463093.459522 842020.022721 31 115
200118 38542722.404950 0.000000 372.556213 37 4.721066 23.434658 -39617209.220261 14463095.535298 842084.400458 31 115
200119 38542650.893958 0.000000 374.389709 37 4.721056 23.434311 -39617206.629530 14463097.610794 842148.773723 31 115
