199376 35998932.479543 187647408.161966 425.412994 48 2.439005 13.180064 -17657011.666572 30957210.800021 22451128.634034 84 66
199377 35998851.030652 187647408.161966 424.457184 48 2.438999 13.179980 -17657337.408967 30958207.520010 22449480.737519 84 67
199378 35998769.799888 187647408.161966 422.901184 48 2.438994 13.179896 -17657663.005701 30959204.286996 22447832.721253 84 67
199379 35998688.761077 187647408.161966 422.473480 48 2.438988 13.179812 -17657988.456766 30960201.100960 22446184.585245 84 67
199380 35998607.678640 187647408.161966 422.480011 48 2.438983 13.179729 -17658313.762155 30961197.961879 22444536.329504 84 67
199381 35998526.439151 187647408.161966 422.810791 48 2.438978 13.179646 -17658638.921863 30962194.869734 22442887.954037 84 67
199382 35998445.068786 187647408.161966 423.733002 48 2.438973 13.179562 -17658963.935881 30963191.824503 22441239.458852 84 67
199386 35998118.069156 187647408.161966 424.841187 48 2.438953 13.179226 -17660262.534914 30967180.112252 22434644.281180 84 67
199387 35998036.611539 187647408.161966 424.145630 48 2.438947 13.179143 -17660586.820383 30968177.301267 22432995.187544 84 67
199388 35997955.092847 187647408.161966 424.678009 48 2.438941 13.179059 -17660910.960122 30969174.537068 22431345.974243 84 67
199389 35997873.835908 187647408.161966 423.274841 48 2.438936 13.178975 -17661234.954123 30970171.819632 22429696.641289 84 67
199395 35997386.433877 187647408.161966 423.669403 48 2.438902 13.178472 -17663175.857243 30976156.495817 22419798.131352 85 67
199396 35997305.246739 187647408.161966 422.657776 48 2.438896 13.178389 -17663498.830889 30977154.105128 22418147.961054 85 67
199397 35997224.269003 187647408.161966 421.444763 48 2.438890 13.178305 -17663821.658742 30978151.761031 22416497.671173 85 67
199398 35997143.299993 187647408.161966 421.535156 47 2.438884 13.178221 -17664144.340796 30979149.463506 22414847.261714 85 67
199402 35996817.164149 187647408.161966 424.389923 47 2.438862 13.177885 -17665433.610872 30983140.738657 22408244.428335 85 67
199404 35996654.458318 187647408.161966 423.506317 48 2.438849 13.177717 -17666077.370941 30985136.655122 22404942.294382 85 67
199405 35996573.053053 187647408.161966 423.278412 48 2.438843 13.177633 -17666399.032208 30986134.682998 22403291.048127 85 67
199406 35996491.822289 187647408.161966 422.814178 48 2.438838 13.177549 -17666720.547621 30987132.757273 22401639.682366 85 67
199407 35996410.835828 187647408.161966 421.025177 48 2.438832 13.177465 -17667041.917173 30988130.877926 22399988.197108 85 67
199413 35995925.536548 187647408.161966 422.926941 47 2.438796 13.176963 -17668967.071008 30994120.574560 22390076.776650 85 68
199414 35995844.689689 187647408.161966 420.980804 47 2.438790 13.176879 -17669287.419342 30995119.019264 22388424.455149 85 68
199415 35995763.842830 187647408.161966 421.372864 48 2.438784 13.176795 -17669607.621760 30996117.510176 22386772.014220 85 68
199416 35995682.856370 187647408.161966 421.928589 48 2.438778 13.176711 -17669927.678256 30997116.047275 22385119.453870 85 68
199417 35995601.983336 187647408.161966 421.559479 48 2.438772 13.176627 -17670247.588823 30998114.630538 22383466.774109 85 68
199418 35995521.258629 187647408.161966 420.662781 48 2.438767 13.176543 -17670567.353454 30999113.259943 22381813.974947 85 68
199426 35994875.731449 187647408.661966 420.828003 48 2.438725 13.175872 -17673120.215981 31007103.953738 22368587.284284 85 68
199427 35994794.971841 187647408.661966 420.835754 48 2.438720 13.175788 -17673438.666883 31008102.997469 22366933.410895 85 68
199428 35994714.186058 187647408.661966 421.230255 48 2.438715 13.175704 -17673756.971781 31009102.087130 22365279.418191 85 68
199429 35994633.470076 187647408.661966 420.382751 48 2.438710 13.175620 -17674075.130669 31010101.222698 22363625.306181 85 68
199430 35994552.614492 187647408.661966 420.772583 48 2.438705 13.175536 -17674393.143540 31011100.404153 22361971.074873 85 68
199437 35993989.478515 187647408.661966 420.693756 48 2.438672 13.174949 -17676615.144570 31018095.957306 22350388.116204 85 68
199438 35993909.224964 187647408.661966 418.549408 48 2.438667 13.174865 -17676931.989059 31019095.505078 22348732.930835 85 68
199439 35993829.032488 187647408.661966 417.927521 48 2.438662 13.174781 -17677248.687470 31020095.098543 22347077.626248 85 68
199440 35993748.848738 187647408.661966 417.934570 48 2.438657 13.174697 -17677565.239796 31021094.737680 22345422.202451 85 68
199441 35993668.726063 187647408.661966 417.655304 48 2.438653 13.174613 -17677881.646031 31022094.422467 22343766.659453 85 68
199442 35993588.236934 187647408.661966 419.572662 48 2.438648 13.174529 -17678197.906167 31023094.152885 22342110.997261 85 68
199446 35993265.695834 187647408.661966 419.480103 48 2.438630 13.174192 -17679461.485588 31027093.530381 22335487.156804 85 69
199447 35993185.442283 187647408.661966 417.701447 48 2.438626 13.174109 -17679777.015133 31028093.488622 22333830.898783 85 69
199448 35993105.511560 187647408.661966 417.028534 48 2.438621 13.174025 -17680092.398539 31029093.492363 22332174.521623 85 69
199449 35993025.284184 187647408.661966 417.040009 47 2.438616 13.173941 -17680407.635800 31030093.541583 22330518.025331 85 69
199450 35992945.135334 187647408.661966 416.833374 47 2.438612 13.173857 -17680722.726910 31031093.636261 22328861.409917 85 69
199451 35992864.367001 187647408.661966 419.431915 48 2.438606 13.173773 -17681037.671862 31032093.776377 22327204.675386 85 69
199456 35992462.305260 187647408.161966 418.578491 47 2.438581 13.173352 -17682610.203993 31037095.157705 22318919.216407 85 69
199457 35992382.138959 187647408.161966 417.667664 47 2.438576 13.173268 -17682924.271853 31038095.569985 22317261.767382 85 69
199458 35992302.190787 187647408.161966 416.382294 47 2.438571 13.173184 -17683238.193506 31039096.027551 22315604.199305 85 69
199459 35992222.242614 187647408.161966 416.396545 47 2.438566 13.173100 -17683551.968948 31040096.530382 22313946.512186 85 69
199460 35992142.303167 187647408.161966 416.363434 47 2.438561 13.173017 -17683865.598171 31041097.078456 22312288.706031 85 69
199465 35991740.538079 187647408.161966 418.755951 48 2.438537 13.172597 -17685431.550763 31046100.496689 22303997.890097 85 69
199466 35991660.432854 187647408.161966 417.389404 48 2.438533 13.172512 -17685744.302534 31047101.315772 22302339.369917 85 69
199467 35991580.144402 187647408.161966 417.945587 48 2.438529 13.172428 -17686056.908040 31048102.179948 22300680.730763 85 69
199468 35991499.821050 187647408.161966 417.939056 48 2.438524 13.172344 -17686369.367274 31049103.089196 22299021.972644 85 69
199469 35991419.837977 187647408.161966 416.127838 48 2.438519 13.172260 -17686681.680230 31050104.043493 22297363.095572 85 69
199475 35990940.262368 187647408.161966 417.495514 47 2.438492 13.171756 -17688552.485729 31056110.714082 22287407.335620 85 69
199476 35990860.183319 187647408.161966 416.523376 47 2.438487 13.171672 -17688863.774549 31057111.983128 22285747.626102 85 69
199477 35990780.427099 187647408.161966 415.124603 47 2.438482 13.171588 -17689174.917037 31058113.297052 22284087.797700 85 69
199478 35990700.714504 187647408.161966 414.947296 48 2.438478 13.171503 -17689485.913187 31059114.655832 22282427.850421 85 70
199479 35990621.054260 187647408.161966 414.705322 48 2.438473 13.171419 -17689796.762992 31060116.059447 22280767.784274 85 70
199484 35990221.461724 187647408.161966 415.473755 48 2.438450 13.170999 -17691348.816604 31065123.749269 22272465.670884 85 70
199485 35990142.037058 187647408.161966 414.563477 48 2.438446 13.170915 -17691658.788201 31066125.421445 22270804.891715 85 70
199486 35990062.751994 187647408.161966 414.314362 48 2.438441 13.170831 -17691968.613408 31067127.138306 22269143.993739 85 70
199487 35989983.370953 187647408.161966 414.276733 48 2.438437 13.170747 -17692278.292217 31068128.899830 22267482.976966 85 70
199488 35989904.085889 187647408.161966 413.857422 47 2.438431 13.170662 -17692587.824622 31069130.705996 22265821.841404 85 70
199489 35989824.303493 187647408.161966 415.810028 48 2.438426 13.170578 -17692897.210616 31070132.556785 22264160.587059 85 70
199490 35989664.852129 187647408.161966 416.378601 48 2.438417 13.170410 -17693515.543335 31072136.392099 22260837.722127 85 70
199494 35989425.470042 187647408.161966 415.265106 48 2.438401 13.170157 -17694441.944187 31075142.479246 22255852.534000 85 70
199495 35989345.966850 187647408.161966 414.233154 48 2.438397 13.170074 -17694750.451579 31076144.597306 22254190.567159 85 70
199496 35989266.542184 187647408.161966 413.927063 48 2.438391 13.169990 -17695058.812514 31077146.759837 22252528.481600 85 70
199497 35989186.986641 187647408.161966 414.604095 48 2.438386 13.169905 -17695367.026987 31078148.966816 22250866.277330 85 70
199498 35989107.396198 187647408.161966 414.542633 48 2.438381 13.169821 -17695675.094990 31079151.218223 22249203.954359 85 70
199499 35989027.421850 187647408.161966 416.284241 48 2.438376 13.169737 -17695983.016516 31080153.514036 22247541.512694 85 70
199504 35988628.213219 187647408.161966 415.148438 48 2.438348 13.169316 -17697520.426765 31085165.658399 22239227.524354 85 70
199505 35988548.587875 187647408.161966 414.275391 48 2.438342 13.169232 -17697827.469296 31086168.220195 22237564.370720 85 70
199506 35988468.639703 187647408.161966 414.924438 48 2.438337 13.169147 -17698134.365305 31087170.826247 22235901.098454 85 70
199507 35988388.822407 187647408.161966 414.604523 47 2.438332 13.169064 -17698441.114786 31088173.476532 22234237.707566 85 70
199514 35987832.483290 187647408.161966 414.779633 47 2.438292 13.168474 -17700584.257793 31095193.265227 22222590.650750 85 71
199515 35987752.543842 187647408.161966 415.385498 47 2.438286 13.168390 -17700889.834811 31096196.268609 22220926.311202 85 71
199516 35987672.822523 187647408.161966 414.800476 47 2.438280 13.168306 -17701195.265242 31097199.316031 22219261.853112 85 71
199517 35987593.249530 187647408.161966 414.319672 47 2.438274 13.168221 -17701500.549079 31098202.407472 22217597.276489 85 71
199524 35987037.608422 187647408.161966 411.496887 48 2.438235 13.167632 -17703633.430762 31105225.278231 22205941.921983 85 71
199525 35986958.436784 187647408.161966 411.850555 48 2.438229 13.167548 -17703937.541617 31106228.721046 22204276.397406 85 71
199526 35986878.968492 187647408.161966 413.591248 48 2.438224 13.167464 -17704241.505820 31107232.207688 22202610.754373 85 71
199527 35986799.203547 187647408.161966 414.571198 47 2.438218 13.167380 -17704545.323365 31108235.738134 22200944.992892 85 71
199528 35986719.578203 187647408.161966 413.515930 47 2.438213 13.167295 -17704848.994246 31109239.312361 22199279.112975 85 71
199536 35986086.536654 187647408.161966 413.493561 47 2.438173 13.166622 -17707273.080568 31117269.479706 22185947.811038 85 71
199537 35986007.347566 187647408.161966 413.208069 48 2.438168 13.166537 -17707575.431175 31118273.447003 22184280.865585 85 71
199538 35985928.280630 187647408.161966 412.351654 48 2.438163 13.166453 -17707877.635053 31119277.457867 22182613.801783 85 71
199539 35985849.135167 187647408.161966 412.219666 47 2.438159 13.166369 -17708179.692195 31120281.512276 22180946.619640 85 71
199546 35985296.102866 187647408.161966 412.613342 47 2.438123 13.165779 -17710289.983044 31127311.110563 22169273.031922 85 72
199547 35985216.599674 187647408.161966 412.991608 47 2.438118 13.165695 -17710590.866072 31128315.512562 22167604.903373 85 72
199548 35985137.175008 187647408.161966 412.636597 47 2.438112 13.165610 -17710891.602306 31129319.957912 22165936.656563 85 72
199549 35985058.003370 187647408.161966 411.483582 47 2.438107 13.165526 -17711192.191740 31130324.446591 22164268.291502 85 72
199556 35984507.030196 187647408.161966 408.642670 47 2.438073 13.164936 -17713292.206840 31137357.078730 22152586.425839 85 72
199557 35984428.268638 187647408.161966 410.430176 47 2.438068 13.164852 -17713591.621648 31138361.913274 22150917.115082 85 72
199558 35984349.201701 187647408.661966 411.719940 47 2.438064 13.164767 -17713890.889599 31139366.790954 22149247.686150 85 72
199559 35984270.117314 187647408.661966 411.462280 47 2.438059 13.164683 -17714190.010686 31140371.711749 22147578.139053 85 72
199560 35984191.347032 187647408.661966 410.042480 47 2.438054 13.164598 -17714488.984903 31141376.675636 22145908.473804 85 72
199566 35983719.999200 187647408.661966 410.993286 47 2.438024 13.164093 -17716279.745577 31147407.362665 22135888.001617 85 72
199567 35983641.255093 187647408.661966 410.351013 47 2.438019 13.164008 -17716577.691529 31148412.627600 22134217.509530 85 72
199568 35983562.510985 187647408.661966 410.454041 47 2.438015 13.163924 -17716875.490561 31149417.935457 22132546.899358 85 72
199569 35983483.836678 187647408.661966 410.204895 48 2.438010 13.163840 -17717173.142666 31150423.286212 22130876.171112 85 72
199570 35983405.223447 187647408.661966 409.471008 48 2.438005 13.163755 -17717470.647837 31151428.679844 22129205.324799 85 72
199579 35982700.060149 187647408.661966 409.181458 47 2.437965 13.162996 -17720141.581341 31160479.148424 22114162.396514 85 73
199580 35982621.586519 187647408.661966 409.298004 47 2.437961 13.162911 -17720437.616835 31161484.969646 22112490.370021 85 73
199581 35982543.339743 187647408.661966 408.058594 47 2.437956 13.162827 -17720733.505327 31162490.833508 22110818.225560 85 73
199582 35982465.058066 187647408.661966 408.272827 47 2.437952 13.162743 -17721029.246810 31163496.739989 22109145.963137 85 73
199583 35982386.514636 187647408.661966 409.446411 48 2.437947 13.162659 -17721324.841278 31164502.689067 22107473.582762 85 73
199591 35981760.365923 187647408.661966 407.852844 48 2.437913 13.161983 -17723684.303718 31172551.812565 22094090.294631 85 73
199592 35981681.866119 187647408.661966 407.785278 48 2.437909 13.161899 -17723978.574770 31173558.144049 22092416.853088 85 73
199593 35981603.313964 187647408.661966 408.456116 48 2.437905 13.161815 -17724272.698744 31174564.517914 22090743.293681 85 73
199594 35981525.189339 187647408.661966 406.649170 48 2.437900 13.161730 -17724566.675633 31175570.934137 22089069.616422 85 73
199595 35981447.230491 187647408.661966 405.695465 48 2.437896 13.161646 -17724860.505432 31176577.392699 22087395.821318 85 73
199596 35981369.219293 187647408.661966 405.816864 47 2.437892 13.161561 -17725154.188135 31177583.893577 22085721.908377 85 73
199597 35981291.286620 187647408.661966 405.674774 47 2.437888 13.161477 -17725447.723736 31178590.436751 22084047.877609 85 73
199604 35980744.833052 187647408.661966 405.366943 48 2.437860 13.160886 -17727498.353532 31185637.421382 22072326.363853 85 73
199605 35980666.708427 187647408.661966 407.101257 48 2.437856 13.160801 -17727790.712088 31186644.302140 22070651.390780 85 74
199606 35980588.461651 187647408.661966 408.093933 48 2.437852 13.160717 -17728082.923485 31187651.225000 22068976.299957 85 74
199607 35980510.371926 187647408.661966 407.481506 48 2.437848 13.160632 -17728374.987717 31188658.189939 22067301.091396 85 74
199608 35980432.299652 187647408.661966 407.163544 48 2.437843 13.160548 -17728666.904778 31189665.196936 22065625.765105 85 74
199613 35979965.619754 187647408.661966 404.769775 48 2.437817 13.160041 -17730415.316195 31195708.120875 22055571.335586 85 74
199616 35979809.658433 187647408.661966 407.215759 48 2.437808 13.159872 -17730996.942356 31197722.764351 22052218.917614 85 74
199617 35979731.586159 187647408.661966 406.390869 48 2.437804 13.159788 -17731287.534600 31198730.148896 22050542.532147 85 74
199618 35979653.435359 187647408.661966 406.751740 48 2.437799 13.159703 -17731577.979611 31199737.575283 22048866.029037 85 74
199619 35979575.232208 187647408.661966 406.536194 48 2.437795 13.159618 -17731868.277383 31200745.043490 22047189.408295 85 74
199627 35978953.027244 187647408.661966 405.284302 47 2.437757 13.158943 -17734185.358201 31208806.292031 22033772.208714 85 74
199628 35978875.050946 187647408.661966 405.929688 47 2.437752 13.158858 -17734474.330544 31209814.135647 22032094.529675 85 74
199629 35978797.039748 187647408.661966 405.943054 47 2.437747 13.158773 -17734763.155587 31210822.020867 22030416.733092 85 74
199630 35978719.377554 187647408.661966 404.510437 47 2.437742 13.158689 -17735051.833323 31211829.947668 22028738.818975 85 74
199631 35978641.610658 187647408.661966 405.277344 47 2.437737 13.158605 -17735340.363747 31212837.916031 22027060.787331 85 74
199638 35978098.751835 187647408.661966 405.187317 47 2.437703 13.158012 -17737355.951425 31219894.856416 22015311.275897 85 75
199639 35978020.845338 187647408.661966 404.911591 47 2.437699 13.157928 -17737643.303126 31220903.156489 22013632.304360 85 75
199640 35977943.069717 187647408.661966 404.606689 47 2.437694 13.157844 -17737930.507458 31221911.497927 22011953.215376 85 75
199641 35977865.573300 187647408.661966 403.090485 47 2.437690 13.157759 -17738217.564417 31222919.880709 22010274.008957 85 75
199642 35977788.199035 187647408.661966 402.338135 47 2.437685 13.157675 -17738504.473995 31223928.304813 22008594.685109 85 75
199649 35977245.488538 187647408.661966 401.931427 47 2.437654 13.157083 -17740508.713882 31230988.428742 21996836.130970 85 75
199650 35977168.463277 187647408.661966 401.489990 47 2.437650 13.156998 -17740794.444201 31231997.182652 21995155.868013 85 75
199651 35977091.481641 187647408.661966 401.405151 48 2.437645 13.156914 -17741080.027085 31233005.977691 21993475.487707 85 75
199652 35977014.552356 187647408.661966 401.482452 48 2.437640 13.156829 -17741365.462528 31234014.813835 21991794.990062 85 75
199653 35976936.959963 187647408.661966 404.804260 48 2.437636 13.156744 -17741650.750525 31235023.691068 21990114.375081 85 75
199654 35976859.568247 187647408.161966 403.523254 48 2.437385 13.156660 -17741935.891069 31236032.609363 21988433.642780 85 75
199659 35976473.421104 187647408.161966 402.784790 48 2.437424 13.156237 -17743359.381770 31241077.815995 21980028.221819 85 75
199660 35976396.317317 187647408.161966 401.428528 48 2.437421 13.156153 -17743643.637469 31242086.980216 21978346.785773 85 75
199661 35976319.283331 187647408.161966 400.980591 48 2.437419 13.156068 -17743927.745672 31243096.185350 21976665.232467 85 75
199662 35976242.432572 187647408.161966 400.659882 48 2.437417 13.155983 -17744211.706374 31244105.431373 21974983.561911 85 75
199663 35976165.564363 187647408.161966 400.937653 48 2.437415 13.155898 -17744495.519569 31245114.718265 21973301.774112 85 75
199664 35976088.251173 187647408.161966 402.835876 48 2.437413 13.155814 -17744779.185251 31246124.046006 21971619.869078 85 75
199671 35975547.180997 187647408.161966 401.784943 47 2.437402 13.155221 -17746760.714133 31253190.482056 21959843.252117 85 76
199672 35975470.216811 187647408.661966 401.464905 47 2.437401 13.155137 -17747043.199491 31254200.135795 21958160.409539 85 76
199673 35975392.921072 187647408.661966 402.486359 47 2.437400 13.155052 -17747325.537282 31255209.830186 21956477.449805 85 76
199674 35975315.843460 187647408.661966 401.422699 47 2.437398 13.154967 -17747607.727499 31256219.565208 21954794.372928 85 76
199675 35975239.018877 187647408.661966 400.068054 47 2.437397 13.154882 -17747889.770137 31257229.340838 21953111.178918 85 76
199682 35974700.435356 187647408.661966 401.497192 47 2.437385 13.154290 -17749859.935864 31264298.905446 21941325.541859 85 76
199683 35974623.357744 187647408.661966 401.214325 47 2.437384 13.154205 -17750140.797651 31265309.005170 21939641.411084 85 76
199684 35974546.210332 187647408.661966 401.148041 48 2.437383 13.154120 -17750421.511805 31266319.145308 21937957.163253 85 76
199685 35974469.106545 187647408.661966 400.993774 48 2.437383 13.154036 -17750702.078319 31267329.325839 21936272.798376 85 76
199686 35974392.159810 187647408.661966 400.619141 48 2.437382 13.153951 -17750982.497189 31268339.546740 21934588.316463 85 76
199693 35973854.632027 187647408.661966 400.592377 48 2.437374 13.153358 -17752941.294699 31275412.221569 21922793.666841 85 76
199694 35973778.025572 187647408.661966 398.853638 48 2.437373 13.153274 -17753220.532193 31276422.764656 21921108.248951 85 76
199695 35973701.558717 187647408.661966 397.970764 48 2.437371 13.153189 -17753499.621988 31277433.347918 21919422.714104 85 76
199696 35973625.074413 187647408.661966 397.920044 48 2.437370 13.153104 -17753778.564079 31278443.971334 21917737.062309 85 77
199697 35973548.668635 187647408.661966 397.959229 47 2.437369 13.153019 -17754057.358459 31279454.634883 21916051.293575 85 77
199698 35973472.297757 187647408.661966 397.718567 48 2.437368 13.152934 -17754336.005123 31280465.338543 21914365.407911 85 77
199699 35973395.787277 187647408.661966 398.227295 48 2.437367 13.152850 -17754614.504065 31281476.082292 21912679.405325 85 77
199705 35972934.639098 187647408.661966 399.251282 48 2.437359 13.152341 -17756282.395206 31287541.385415 21902560.935005 85 77
199706 35972858.224595 187647408.661966 397.525269 48 2.437358 13.152256 -17756559.859926 31288552.409181 21900874.114217 85 77
199707 35972781.958418 187647408.661966 396.628571 48 2.437356 13.152172 -17756837.176876 31289563.472863 21899187.176581 85 77
199708 35972705.674791 187647408.661966 396.826263 47 2.437354 13.152087 -17757114.346051 31290574.576439 21897500.122103 85 77
199709 35972629.591842 187647408.661966 396.530884 47 2.437351 13.152002 -17757391.367445 31291585.719886 21895812.950794 85 77
199710 35972553.325665 187647408.661966 397.326874 48 2.437349 13.151917 -17757668.241052 31292596.903185 21894125.662660 85 77
199711 35972476.631958 187647408.661966 399.259735 48 2.437347 13.151833 -17757944.966865 31293608.126315 21892438.257710 85 77
199717 35972017.944260 187647408.661966 397.390076 47 2.437335 13.151324 -17759602.217754 31299676.300243 21882311.375475 85 77
199718 35971941.843860 187647408.661966 396.183258 47 2.437333 13.151239 -17759877.908852 31300687.801567 21880623.153076 85 77
199719 35971865.813261 187647408.661966 395.926086 47 2.437331 13.151155 -17760153.452110 31301699.342546 21878934.813935 85 77
199720 35971789.808838 187647408.661966 395.740448 48 2.437329 13.151070 -17760428.847522 31302710.923158 21877246.358059 85 77
199721 35971713.568837 187647408.661966 397.085724 48 2.437327 13.150985 -17760704.095082 31303722.543384 21875557.785457 85 77
199722 35971637.067082 187647408.661966 398.567200 48 2.437324 13.150900 -17760979.194785 31304734.203201 21873869.096138 85 77
199730 35971027.522251 187647408.661966 397.718170 48 2.437304 13.150222 -17763174.668829 31312828.904345 21860355.380945 85 78
199731 35970951.168824 187647408.661966 397.436127 48 2.437301 13.150137 -17763448.437552 31313840.919500 21858665.641582 85 78
199732 35970874.876472 187647408.661966 397.158386 48 2.437298 13.150052 -17763722.058359 31314852.974028 21856975.785592 85 78
199733 35970798.610295 187647408.661966 396.833527 48 2.437296 13.149967 -17763995.531245 31315865.067908 21855285.812985 85 78
199734 35970722.335393 187647408.661966 396.809479 48 2.437293 13.149882 -17764268.856204 31316877.201118 21853595.723768 85 78
199736 35970494.836905 187647408.661966 394.953583 47 2.437285 13.149628 -17765087.943445 31319913.836468 21848524.756625 85 78
199742 35970114.439608 187647408.661966 395.931396 48 2.437269 13.149203 -17766450.129778 31324975.680031 21840070.813260 85 78
199743 35970038.217057 187647408.661966 396.452728 47 2.437266 13.149118 -17766722.123130 31325988.166235 21838379.674965 85 78
199744 35969962.038132 187647408.161966 396.093353 47 2.437263 13.149034 -17766993.968496 31327000.691552 21836688.420150 85 78
199745 35969886.024983 187647408.161966 395.388794 47 2.437259 13.148949 -17767265.665871 31328013.255960 21834997.048826 85 78
199746 35969810.151436 187647408.161966 394.737122 47 2.437255 13.148864 -17767537.215249 31329025.859437 21833305.561001 85 78
199754 35969204.262426 187647408.161966 395.544922 48 2.437223 13.148185 -17769704.281687 31337128.091110 21819769.465483 85 79
199755 35969128.388880 187647408.161966 395.251984 47 2.437219 13.148100 -17769974.498835 31338141.045237 21818076.929545 85 79
199756 35969052.445532 187647408.161966 395.415955 47 2.437216 13.148015 -17770244.567929 31339154.038216 21816384.277194 85 79
199757 35968976.580710 187647408.161966 395.108856 47 2.437212 13.147930 -17770514.488963 31340167.070025 21814691.508441 85 79
199758 35968900.689713 187647408.161966 394.686493 47 2.437209 13.147845 -17770784.261931 31341180.140644 21812998.623294 85 79
199759 35968825.112820 187647408.161966 393.334412 47 2.437206 13.147760 -17771053.886827 31342193.250049 21811305.621763 85 79
199765 35968371.346083 187647408.161966 394.654999 47 2.437185 13.147251 -17772668.526374 31348272.719757 21801145.169049 85 79
199766 35968295.838991 187647408.161966 392.843933 47 2.437181 13.147165 -17772937.114610 31349286.100064 21799451.353072 85 79
199767 35968220.506401 187647408.161966 392.404907 47 2.437178 13.147080 -17773205.554728 31350299.518984 21797757.420782 85 79
199768 35968145.278513 187647408.161966 392.264618 47 2.437175 13.146996 -17773473.846724 31351312.976495 21796063.372188 85 79
199769 35968069.797596 187647408.161966 393.276855 47 2.437172 13.146911 -17773741.990591 31352326.472578 21794369.207297 85 79
199770 35967994.081101 187647408.161966 394.595276 47 2.437169 13.146826 -17774009.986324 31353340.007209 21792674.926118 85 79
199771 35967918.268630 187647408.161966 395.195953 47 2.437166 13.146741 -17774277.833918 31354353.580368 21790980.528661 85 79
199779 35967314.307869 187647408.661966 397.564209 47 2.437148 13.146061 -17776415.280934 31362463.549934 21777421.164155 85 79
199780 35967237.998067 187647408.161966 398.183868 46 2.437145 13.145976 -17776681.795013 31363477.468855 21775725.720598 85 79
199781 35967162.822529 187647408.161966 392.446075 46 2.437141 13.145891 -17776948.160894 31364491.426081 21774030.160860 85 79
199784 35966936.606631 187647408.161966 393.464020 47 2.437130 13.145637 -17777746.369292 31367533.527360 21768942.784666 85 80
199785 35966861.178065 187647408.161966 393.766724 47 2.437127 13.145551 -17778012.142331 31368547.637606 21767246.760263 85 80
199786 35966786.019977 187647408.161966 392.242554 47 2.437123 13.145466 -17778277.767144 31369561.786052 21765550.619718 85 80
199787 35966711.996153 187647408.161966 391.205688 48 2.437120 13.145381 -17778543.243726 31370575.972672 21763854.363046 85 80
199788 35966636.916592 187647408.161966 391.115387 48 2.437118 13.145296 -17778808.572073 31371590.197453 21762157.990242 85 80
199789 35966561.828305 187647408.161966 390.971375 48 2.437117 13.145211 -17779073.752178 31372604.460369 21760461.501322 85 80
199790 35966486.740018 187647408.161966 390.959473 48 2.437116 13.145126 -17779338.784035 31373618.761399 21758764.896294 85 80
199791 35966411.398703 187647408.161966 392.336823 48 2.437115 13.145041 -17779603.667640 31374633.100521 21757068.175167 85 80
199792 35966336.083563 187647408.161966 392.107544 48 2.437113 13.144956 -17779868.402986 31375647.477713 21755371.337950 85 80
199793 35966260.628821 187647408.161966 392.460480 48 2.437111 13.144871 -17780132.990068 31376661.892954 21753674.384653 85 80
199794 35966185.278781 187647408.161966 392.406525 48 2.437108 13.144786 -17780397.428880 31377676.346220 21751977.315284 85 80
199795 35966110.138144 187647408.161966 391.296234 48 2.437105 13.144701 -17780661.719416 31378690.837491 21750280.129854 85 80
199803 35965509.196270 187647408.161966 392.599274 47 2.437081 13.144020 -17782770.705105 31386808.133176 21736698.469309 85 80
199804 35965433.898581 187647408.161966 391.930634 47 2.437078 13.143935 -17783033.660910 31387822.965510 21735000.239720 85 80
199805 35965358.609616 187647408.161966 391.630219 47 2.437075 13.143850 -17783296.468384 31388837.835631 21733301.894158 85 80
199806 35965283.652206 187647408.161966 389.927734 47 2.437073 13.143765 -17783559.127520 31389852.743517 21731603.432635 85 80
199807 35965208.720971 187647408.161966 389.667450 47 2.437070 13.143680 -17783821.638313 31390867.689146 21729904.855157 85 80
199817 35964459.426071 187647408.161966 389.247681 47 2.437039 13.142829 -17786438.586172 31401019.216507 21712912.704913 85 81
199818 35964384.817665 187647408.161966 388.456787 47 2.437036 13.142744 -17786699.464830 31402034.575878 21711212.852529 85 81
199819 35964309.895156 187647408.161966 390.330780 47 2.437032 13.142659 -17786960.195079 31403049.972732 21709512.884296 85 81
199820 35964235.103522 187647408.161966 389.744537 47 2.437028 13.142573 -17787220.776913 31404065.407047 21707812.800227 85 81
199821 35964160.198463 187647408.161966 390.327332 47 2.437024 13.142488 -17787481.210327 31405080.878800 21706112.600327 85 81
199822 35964085.406829 187647408.161966 389.312469 47 2.437021 13.142404 -17787741.495315 31406096.387970 21704412.284609 85 81
199823 35964010.658822 187647408.161966 388.743134 46 2.437017 13.142318 -17788001.631871 31407111.934536 21702711.853080 85 81
199832 35963338.921415 187647408.161966 388.953247 47 2.436983 13.141552 -17790336.180549 31416253.532774 21687402.759388 85 81
199833 35963263.920379 187647408.161966 390.210297 47 2.436980 13.141467 -17790594.832489 31417269.452095 21685701.170245 85 81
199834 35963189.093845 187647408.161966 389.692139 47 2.436976 13.141381 -17790853.335938 31418285.408571 21683999.465390 85 81
199835 35963114.241136 187647408.161966 389.751648 48 2.436972 13.141296 -17791111.690888 31419301.402181 21682297.644833 85 81
199845 35962370.617558 187647408.161966 388.037109 47 2.436938 13.140445 -17793687.071824 31429463.375794 21665273.077681 85 82
199846 35962296.017877 187647408.161966 388.571136 47 2.436935 13.140359 -17793943.792942 31430479.776437 21663569.984989 85 82
199847 35962221.566523 187647408.161966 387.970428 48 2.436932 13.140274 -17794200.365498 31431496.213952 21661866.776703 85 82
199848 35962147.246045 187647408.161966 387.851685 48 2.436928 13.140189 -17794456.789485 31432512.688318 21660163.452832 85 82
199849 35962072.794692 187647408.161966 388.115021 48 2.436926 13.140103 -17794713.064898 31433529.199513 21658460.013383 85 82
199850 35961998.474214 187647408.161966 387.500702 48 2.436922 13.140018 -17794969.191732 31434545.747514 21656756.458368 85 82
199857 35961480.036970 187647408.161966 386.618225 48 2.436902 13.139421 -17796757.918883 31441662.612243 21644828.338200 85 82
199858 35961405.664142 187647408.161966 387.725830 48 2.436899 13.139337 -17797012.856888 31442679.453915 21643123.858968 85 82
199859 35961331.308764 187647408.161966 387.367493 47 2.436896 13.139252 -17797267.646265 31443696.332199 21641419.264249 85 82
199859 35961256.944662 187647408.161966 387.226288 47 2.436896 13.139252 -17797267.646265 31443696.332199 21641419.264249 85 82
199868 35960664.972200 187647408.161966 386.382050 48 2.436862 13.138484 -17799554.061488 31452849.880586 21626072.716459 85 83
199869 35960590.634272 187647408.161966 386.587250 48 2.436857 13.138399 -17799807.364288 31453867.123777 21624366.967371 85 83
199870 35960516.383596 187647408.161966 386.791351 48 2.436853 13.138313 -17800060.518400 31454884.403340 21622661.102897 85 83
199871 35960442.132919 187647408.161966 386.729065 48 2.436849 13.138228 -17800313.523819 31455901.719251 21620955.123045 85 83
199872 35960368.048020 187647408.161966 386.101257 48 2.436844 13.138143 -17800566.380540 31456919.071488 21619249.027824 85 83
199880 35959778.317912 187647408.161966 385.547760 48 2.436815 13.137460 -17802583.880522 31465059.194504 21605596.113934 85 83
199881 35959704.424965 187647408.161966 385.200623 48 2.436811 13.137375 -17802835.398720 31466076.872704 21603888.980798 85 83
199882 35959630.409866 187647408.161966 385.487183 48 2.436808 13.137289 -17803086.768166 31467094.587014 21602181.732383 85 83
199883 35959556.482019 187647408.161966 384.716217 48 2.436805 13.137204 -17803337.988854 31468112.337410 21600474.368698 85 83
199884 35959482.519271 187647408.161966 385.198700 48 2.436801 13.137118 -17803589.060781 31469130.123873 21598766.889752 85 83
199895 35958673.204347 187647408.161966 381.675323 47 2.436763 13.136180 -17806341.032133 31480328.148976 21579977.016808 85 84
199896 35958599.573153 187647408.161966 382.996979 47 2.436760 13.136094 -17806590.318499 31481346.366519 21578268.155440 85 84
199897 35958525.479529 187647408.161966 385.222443 47 2.436756 13.136008 -17806839.456033 31482364.619845 21576559.178925 85 84
199898 35958451.481881 187647408.161966 385.020477 47 2.436754 13.135923 -17807088.444731 31483382.908931 21574850.087277 85 84
199899 35958377.379531 187647408.161966 385.302460 47 2.436751 13.135838 -17807337.284587 31484401.233755 21573140.880502 85 84
199900 35958303.312082 187647408.161966 385.194122 47 2.436748 13.135753 -17807585.975596 31485419.594295 21571431.558612 85 84
199908 35957715.222294 187647408.161966 384.114258 48 2.436727 13.135069 -17809570.144529 31493567.761718 21557752.840485 85 84
199909 35957641.861578 187647408.161966 382.174866 48 2.436725 13.134983 -17809817.495677 31494586.442717 21556042.482961 85 84
199910 35957568.448512 187647408.161966 382.223785 48 2.436723 13.134898 -17810064.697926 31495605.159214 21554332.010410 85 84
199911 35957494.834769 187647408.161966 383.232910 47 2.436721 13.134812 -17810311.751270 31496623.911188 21552621.422842 85 84
199912 35957421.273376 187647408.161966 382.941437 48 2.436718 13.134727 -17810558.655703 31497642.698615 21550910.720267 85 84
199913 35957347.877760 187647408.161966 382.332214 48 2.436716 13.134642 -17810805.411221 31498661.521474 21549199.902694 85 84
199920 35956834.457454 187647408.161966 381.428802 48 2.436697 13.134043 -17812528.529768 31505794.271712 21537220.960552 85 84
199921 35956761.088013 187647408.161966 382.548187 48 2.436694 13.133958 -17812774.093775 31506813.377241 21535509.223317 85 84
199922 35956687.779649 187647408.161966 382.162506 48 2.436692 13.133872 -17813019.508820 31507832.518006 21533797.371165 85 84
199923 35956614.305507 187647408.161966 382.901215 48 2.436689 13.133786 -17813264.774897 31508851.693985 21532085.404104 85 85
199924 35956540.848815 187647408.161966 382.284149 48 2.436687 13.133701 -17813509.892001 31509870.905155 21530373.322145 85 85
199932 35955955.629588 187647408.161966 381.594788 47 2.436667 13.133017 -17815465.465182 31518025.858752 21516672.531276 85 85
199933 35955882.626602 187647408.161966 380.053741 47 2.436665 13.132931 -17815709.241297 31519045.385663 21514959.415637 85 85
199934 35955809.675967 187647408.161966 379.792725 47 2.436663 13.132845 -17815952.868388 31520064.947547 21513246.185190 85 85
199935 35955736.803858 187647408.161966 379.531708 47 2.436661 13.132760 -17816196.346449 31521084.544382 21511532.839944 85 85
199936 35955664.010274 187647408.161966 379.378540 47 2.436659 13.132674 -17816439.675476 31522104.176146 21509819.379909 85 85
199937 35955590.850236 187647408.161966 381.356750 47 2.436657 13.132588 -17816682.855462 31523123.842819 21508105.805090 85 85
199938 35955517.480796 187647408.161966 382.073029 47 2.436654 13.132504 -17816925.886403 31524143.544378 21506392.115498 85 85
199945 35955007.053202 187647408.161966 378.431976 47 2.436640 13.131904 -17818622.929281 31531282.430207 21494393.075586 85 85
199946 35954934.608623 187647408.161966 377.241455 47 2.436638 13.131818 -17818864.767674 31532302.410061 21492678.468150 85 85
199947 35954861.998267 187647408.161966 378.475586 47 2.436635 13.131733 -17819106.456976 31533322.424605 21490963.746023 85 85
199948 35954789.134883 187647408.161966 379.586761 47 2.436634 13.131647 -17819347.997181 31534342.473817 21489248.909214 85 85
199949 35954715.992295 187647408.161966 380.851196 47 2.436632 13.131561 -17819589.388285 31535362.557675 21487533.957730 85 85
199950 35954643.015484 187647408.161966 380.262939 47 2.436630 13.131475 -17819830.630282 31536382.676155 21485818.891584 85 86
199959 35953989.024949 187647408.161966 379.405579 47 2.436613 13.130705 -17821995.097591 31545565.296867 21470378.138013 85 86
199960 35953916.039413 187647408.161966 380.156555 47 2.436610 13.130619 -17822234.848239 31546585.760377 21468661.925736 85 86
199961 35953843.149854 187647408.161966 379.554901 47 2.436609 13.130533 -17822474.449723 31547606.258268 21466945.598896 85 86
199962 35953770.399896 187647408.161966 379.051514 47 2.436607 13.130447 -17822713.902039 31548626.790520 21465229.157502 85 86
199963 35953697.475436 187647408.161966 379.651428 47 2.436606 13.130362 -17822953.205182 31549647.357112 21463512.601563 85 86
199973 35952973.134348 187647408.161966 376.034485 47 2.436593 13.129504 -17825338.030966 31559854.906787 21446340.744283 85 86
199974 35952901.003873 187647408.161966 375.768036 47 2.436592 13.129418 -17825575.692870 31560875.849658 21444622.928953 85 86
199975 35952828.908298 187647408.161966 375.449463 48 2.436591 13.129333 -17825813.205540 31561896.826604 21442904.999186 85 86
199976 35952756.716748 187647408.161966 376.287018 48 2.436590 13.129247 -17826050.568971 31562917.837606 21441186.954992 85 86
199977 35952684.080216 187647408.161966 378.384644 48 2.436588 13.129161 -17826287.783160 31563938.882641 21439468.796378 85 87
199978 35952611.365159 187647408.161966 378.809906 48 2.436587 13.129075 -17826524.848099 31564959.961686 21437750.523354 85 87
199983 35952178.119878 187647408.161966 375.814026 47 2.436579 13.128561 -17827944.103215 31571087.148903 21427438.483223 85 87
199987 35951961.100245 187647408.161966 376.633392 48 2.436574 13.128304 -17828651.715511 31574151.199899 21422280.919342 85 87
199988 35951888.908694 187647408.161966 376.317963 48 2.436573 13.128218 -17828887.287685 31575172.617843 21420561.502735 85 87
199989 35951816.551367 187647408.161966 376.659882 48 2.436572 13.128132 -17829122.710555 31576194.069557 21418841.971818 85 87
199990 35951744.490692 187647408.161966 375.122437 48 2.436571 13.128046 -17829357.984116 31577215.555017 21417122.326604 85 87
199991 35951672.203165 187647408.161966 376.161926 48 2.436570 13.127960 -17829593.108363 31578237.074204 21415402.567097 85 87
199992 35951599.828387 187647408.161966 376.490295 48 2.436569 13.127874 -17829828.083292 31579258.627094 21413682.693309 85 87
199999 35951094.269404 187647408.161966 376.897766 48 2.436562 13.127273 -17831468.726431 31586410.439153 21401640.377752 85 87
200000 35951021.946977 187647408.161966 376.243896 48 2.436561 13.127187 -17831702.506628 31587432.260885 21399919.590041 85 87
200001 35950949.511123 187647408.161966 376.673767 48 2.436560 13.127101 -17831936.137462 31588454.116125 21398198.688130 85 87
200002 35950877.232321 187647408.161966 376.387634 48 2.436559 13.127015 -17832169.618927 31589476.004848 21396477.672030 85 87
200003 35950805.005870 187647408.161966 375.872223 47 2.436558 13.126929 -17832402.951019 31590497.927034 21394756.541749 85 87
200011 35950229.471513 187647408.661966 373.370422 47 2.436550 13.126242 -17834264.229699 31598674.506504 21380983.390153 85 88
200012 35950157.532991 187647408.661966 374.657410 47 2.436548 13.126156 -17834496.217206 31599696.728868 21379261.232654 85 88
200013 35950085.341440 187647408.661966 375.716919 48 2.436547 13.126070 -17834728.055291 31600718.984476 21377538.961063 85 88
200014 35950013.237140 187647408.661966 375.219513 48 2.436546 13.125984 -17834959.743947 31601741.273305 21375816.575391 85 88
200015 35949941.132841 187647408.661966 375.031708 48 2.436545 13.125898 -17835191.283171 31602763.595335 21374094.075648 85 88
200016 35949869.124517 187647408.661966 374.798706 48 2.436544 13.125813 -17835422.672957 31603785.950541 21372371.461843 85 88
200023 35949367.404582 187647408.661966 372.086761 47 2.436535 13.125211 -17837038.216784 31610943.364078 21360309.972296 85 88
200024 35949295.631836 187647408.661966 373.835815 48 2.436534 13.125124 -17837268.410893 31611965.983917 21358586.446319 85 88
200025 35949223.597337 187647408.661966 375.101868 48 2.436533 13.125038 -17837498.455520 31612988.636737 21356862.806360 85 88
200026 35949151.597739 187647408.661966 374.779022 48 2.436532 13.124952 -17837728.350660 31614011.322516 21355139.052430 85 88
200027 35949079.615591 187647408.661966 374.824371 48 2.436530 13.124866 -17837958.096310 31615034.041231 21353415.184537 85 88
200036 35948435.632755 187647408.661966 373.950714 48 2.436516 13.124092 -17840019.079227 31624239.988144 21337895.246793 85 89
200037 35948363.860010 187647408.661966 373.381683 48 2.436514 13.124006 -17840247.329695 31625263.035018 21336170.239780 85 89
200038 35948292.157065 187647408.161966 373.108978 48 2.436512 13.123919 -17840475.430618 31626286.114588 21334445.118906 85 89
200039 35948220.567547 187647408.161966 372.750366 48 2.436510 13.123834 -17840703.381992 31627309.226830 21332719.884180 85 89
200047 35947650.102479 187647408.161966 372.741577 47 2.436493 13.123273 -17842521.608605 31635495.298329 21318913.908844 85 89
200048 35947578.460610 187647408.161966 372.653320 47 2.436491 13.123187 -17842748.213815 31636518.703644 21317187.649853 85 89
200049 35947507.036868 187647408.161966 371.395294 47 2.436488 13.123101 -17842974.669427 31637542.141412 21315461.277102 85 89
200050 35947435.490976 187647408.161966 372.215363 47 2.436486 13.123014 -17843200.975437 31638565.611613 21313734.790598 85 89
200051 35947364.145760 187647408.161966 371.031555 47 2.436484 13.122929 -17843427.131839 31639589.114223 21312008.190353 85 89
200052 35947292.809270 187647408.161966 371.333282 48 2.436481 13.122843 -17843653.138629 31640612.649221 21310281.476373 85 89
200059 35946794.230374 187647408.161966 372.043365 48 2.436466 13.122239 -17845230.996609 31647778.299188 21298191.294800 85 90
200060 35946722.710657 187647408.161966 371.018829 48 2.436465 13.122153 -17845455.806330 31648802.092501 21296463.671276 85 90
200061 35946651.670820 187647408.161966 369.713470 48 2.436464 13.122067 -17845680.466396 31649825.918003 21294735.934104 85 90
200062 35946580.674610 187647408.161966 369.325500 47 2.436461 13.121981 -17845904.976801 31650849.775674 21293008.083288 85 90
200063 35946509.809275 187647408.161966 368.659698 47 2.436460 13.121895 -17846129.337542 31651873.665490 21291280.118841 85 90
200068 35946153.371128 187647408.661966 371.565704 48 2.436451 13.121464 -17847248.896103 31656993.595970 21282638.592474 85 90
200069 35946082.052088 187647408.661966 370.894501 48 2.436449 13.121377 -17847472.358756 31658017.678207 21280909.946415 85 90
200070 35946010.863925 187647408.661966 370.445618 48 2.436447 13.121291 -17847695.671712 31659041.792435 21279181.186788 85 90
200071 35945940.024766 187647408.661966 368.937134 48 2.436445 13.121204 -17847918.834965 31660065.938634 21277452.313602 85 90
200078 35945444.464757 187647408.661966 368.851837 48 2.436432 13.120601 -17849476.785656 31667235.855322 21265347.022452 85 90
200079 35945373.547072 187647408.661966 369.130493 48 2.436430 13.120515 -17849698.751118 31668260.256497 21263617.241114 85 90
200080 35945302.585762 187647408.661966 369.580902 48 2.436429 13.120428 -17849920.566835 31669284.689446 21261887.346297 85 90
200081 35945231.676802 187647408.661966 369.682617 48 2.436427 13.120342 -17850142.232803 31670309.154145 21260157.338012 85 90
200082 35945161.020870 187647408.661966 368.031586 48 2.436425 13.120255 -17850363.749015 31671333.650573 21258427.216269 85 90
200091 35944525.614817 187647408.661966 368.977264 47 2.436412 13.119478 -17852350.655200 31680555.542574 21242851.016485 85 91
200092 35944454.697132 187647408.661966 368.848236 47 2.436412 13.119392 -17852570.673611 31681580.355086 21241119.760649 85 91
200093 35944383.857973 187647408.661966 368.495544 48 2.436411 13.119306 -17852790.542217 31682605.199086 21239388.391455 85 91
200094 35944312.931563 187647408.661966 368.976929 48 2.436410 13.119220 -17853010.261012 31683630.074552 21237656.908911 85 91
200102 35943748.905625 187647408.661966 365.941559 47 2.436404 13.118528 -17854762.617623 31691830.208351 21223800.969159 85 91
200103 35943678.729575 187647408.661966 365.476959 47 2.436403 13.118442 -17854980.987914 31692855.366015 21222068.466885 85 91
200104 35943608.562249 187647408.661966 365.400787 47 2.436402 13.118356 -17855199.208348 31693880.554924 21220335.851354 85 91
200105 35943538.429824 187647408.661966 365.310059 47 2.436401 13.118269 -17855417.278920 31694905.775058 21218603.122575 85 91
200106 35943467.808793 187647408.661966 367.632263 47 2.436400 13.118183 -17855635.199626 31695931.026395 21216870.280553 85 91
200106 35943397.021985 187647408.661966 368.367950 47 2.436400 13.118183 -17855635.199626 31695931.026395 21216870.280553 85 91
200108 35943326.078124 187647408.661966 369.292206 47 2.436399 13.118010 -17856070.591423 31697981.622587 21213404.256824 85 91
200117 35942694.441318 187647408.161966 366.232361 47 2.436387 13.117231 -17858022.434902 31707210.844076 21197801.547213 85 92
200118 35942623.916263 187647408.161966 366.948761 47 2.436385 13.117145 -17858238.556855 31708236.468118 21196067.347033 85 92
200119 35942553.539535 187647408.161966 366.140564 47 2.436383 13.117058 -17858454.528882 31709262.123076 21194333.033733 85 92
