199376 23059296.17 122207066.090966 2331.12 39 4.923 24.302 10933070.74 23481962.58 6014182.67 29 260
199377 23058852.94 122207066.090966 2330.01 39 4.922 24.299 10932437.56 23481474.69 6017244.73 29 260
199378 23058409.97 122207066.090966 2328.25 39 4.922 24.296 10931804.14 23480986.52 6020306.67 29 260
199379 23057967.27 122207066.090966 2327.64 39 4.921 24.294 10931170.48 23480498.08 6023368.48 29 260
199380 23057524.49 122207066.090966 2327.46 40 4.920 24.291 10930536.57 23480009.35 6026430.17 29 260
199381 23057081.68 122207066.090966 2327.62 40 4.920 24.288 10929902.41 23479520.34 6029491.72 29 261
199382 23056638.53 122207066.090966 2328.45 39 4.919 24.286 10929268.01 23479031.05 6032553.15 29 261
199386 23054864.62 122207066.090966 2328.77 39 4.916 24.275 10926727.96 23477071.10 6044797.58 29 261
199387 23054421.46 122207066.090966 2327.87 39 4.916 24.272 10926092.33 23476580.41 6047858.37 29 261
199388 23053978.51 122207066.090966 2328.26 39 4.915 24.269 10925456.46 23476089.44 6050919.02 29 261
199389 23053536.04 122207066.090966 2326.70 39 4.914 24.266 10924820.35 23475598.19 6053979.55 29 261
199395 23050879.38 122207066.090966 2326.02 39 4.910 24.250 10920998.50 23472644.81 6072340.04 29 261
199396 23050436.59 122207066.090966 2324.87 39 4.910 24.247 10920360.67 23472151.60 6075399.67 29 261
199397 23049994.20 122207066.090966 2323.38 39 4.909 24.245 10919722.59 23471658.11 6078459.17 29 261
199398 23049551.67 122207066.090966 2323.32 39 4.908 24.242 10919084.27 23471164.34 6081518.55 29 261
199402 23047781.60 122207066.090966 2325.63 40 4.905 24.231 10916528.52 23469186.47 6093754.75 29 261
199404 23046896.89 122207066.090966 2324.30 40 4.904 24.226 10915249.17 23468195.86 6099872.07 29 261
199405 23046454.47 122207066.090966 2323.89 39 4.903 24.223 10914609.13 23467700.13 6102930.54 29 261
199406 23046012.07 122207066.090966 2323.17 39 4.903 24.220 10913968.84 23467204.13 6105988.88 29 261
199407 23045570.05 122207066.090966 2321.30 39 4.902 24.218 10913328.30 23466707.84 6109047.09 29 261
199413 23042920.62 122207066.090966 2322.02 39 4.898 24.201 10909479.94 23463724.27 6127393.63 29 261
199414 23042479.31 122207066.090966 2320.00 39 4.897 24.199 10908837.69 23463226.04 6130450.93 29 261
199415 23042038.18 122207066.090966 2320.20 39 4.897 24.196 10908195.18 23462727.52 6133508.10 29 261
199416 23041596.85 122207066.090966 2320.56 39 4.896 24.193 10907552.44 23462228.72 6136565.15 29 261
199417 23041155.49 122207066.090966 2319.98 40 4.895 24.190 10906909.45 23461729.65 6139622.06 29 261
199418 23040714.45 122207066.090966 2318.91 40 4.895 24.188 10906266.21 23461230.29 6142678.84 29 261
199426 23037187.44 122207066.090966 2317.68 39 4.889 24.166 10901111.44 23457225.43 6167128.40 29 261
199427 23036746.61 122207066.090966 2317.52 39 4.889 24.163 10900465.98 23456723.57 6170184.00 29 261
199428 23036305.79 122207066.090966 2317.76 39 4.888 24.161 10899820.28 23456221.43 6173239.48 29 261
199429 23035865.06 122207066.090966 2316.60 39 4.887 24.158 10899174.34 23455719.01 6176294.83 29 261
199430 23035424.46 122207066.090966 2316.98 39 4.887 24.155 10898528.14 23455216.31 6179350.04 29 261
199437 23032341.81 122207066.590966 2315.64 40 4.882 24.136 10893997.89 23451689.65 6200732.87 29 261
199438 23031901.90 122207066.590966 2313.22 40 4.881 24.134 10893349.72 23451184.73 6203787.03 29 261
199439 23031462.00 122207066.590966 2312.45 40 4.881 24.131 10892701.31 23450679.53 6206841.06 29 261
199440 23031022.16 122207066.590966 2312.41 40 4.880 24.128 10892052.65 23450174.05 6209894.97 29 261
199441 23030582.00 122207066.590966 2311.83 40 4.879 24.126 10891403.75 23449668.30 6212948.73 29 261
199442 23030141.56 122207066.590966 2313.52 40 4.879 24.123 10890754.59 23449162.27 6216002.37 29 261
199446 23028380.17 122207066.590966 2312.84 40 4.876 24.112 10888155.52 23447135.36 6228215.60 29 261
199447 23027940.71 122207066.590966 2310.79 40 4.875 24.109 10887505.13 23446627.94 6231268.58 29 261
199448 23027501.35 122207066.590966 2310.03 40 4.875 24.107 10886854.49 23446120.24 6234321.43 29 261
199449 23027061.52 122207066.590966 2309.78 39 4.874 24.104 10886203.61 23445612.26 6237374.14 29 261
199450 23026621.89 122207066.590966 2309.36 39 4.873 24.101 10885552.49 23445104.01 6240426.72 29 261
199451 23026180.98 122207066.590966 2317.04 39 4.873 24.099 10884901.11 23444595.48 6243479.17 29 261
199456 23023982.38 122207066.590966 2310.11 40 4.869 24.085 10881640.53 23442048.67 6258739.43 30 261
199457 23023542.80 122207066.590966 2309.09 40 4.869 24.082 10880987.67 23441538.47 6261791.09 30 261
199458 23023103.34 122207066.590966 2307.56 40 4.868 24.080 10880334.57 23441028.00 6264842.61 30 261
199459 23022664.18 122207066.590966 2307.43 40 4.867 24.077 10879681.22 23440517.25 6267894.00 30 261
199460 23022225.19 122207066.590966 2307.18 40 4.867 24.074 10879027.62 23440006.23 6270945.25 30 261
199465 23020029.30 122207066.590966 2308.81 41 4.863 24.061 10875755.91 23437446.95 6286199.53 30 261
199466 23019590.32 122207066.590966 2307.16 40 4.863 24.058 10875100.83 23436934.27 6289249.99 30 261
199467 23019151.25 122207066.590966 2307.63 40 4.862 24.056 10874445.50 23436421.30 6292300.31 30 261
199468 23018711.99 122207066.590966 2307.39 41 4.861 24.053 10873789.92 23435908.06 6295350.50 30 261
199469 23018273.35 122207066.590966 2305.34 41 4.861 24.050 10873134.09 23435394.55 6298400.56 30 261
199475 23015641.85 122207066.590966 2305.63 41 4.857 24.034 10869193.93 23432307.65 6316698.09 30 261
199476 23015202.98 122207066.590966 2304.66 41 4.856 24.031 10868536.37 23431792.20 6319747.21 30 261
199477 23014764.58 122207066.590966 2302.93 41 4.856 24.029 10867878.56 23431276.47 6322796.20 30 261
199478 23014326.13 122207066.590966 2302.61 40 4.855 24.026 10867220.51 23430760.47 6325845.05 30 261
199479 23013888.00 122207066.590966 2302.25 40 4.854 24.023 10866562.20 23430244.19 6328893.77 30 261
199484 23011695.57 122207066.090966 2302.09 40 4.851 24.010 10863266.97 23427658.65 6344135.34 30 261
199485 23011257.74 122207066.090966 2301.04 40 4.850 24.007 10862607.17 23427140.71 6347183.25 30 261
199486 23010819.73 122207066.090966 2300.61 40 4.850 24.005 10861947.13 23426622.50 6350231.03 30 261
199487 23010381.55 122207066.090966 2300.33 40 4.849 24.002 10861286.85 23426104.02 6353278.67 30 261
199488 23009943.56 122207066.090966 2299.77 40 4.848 23.999 10860626.31 23425585.25 6356326.18 30 261
199489 23009504.36 122207066.090966 2308.16 39 4.848 23.997 10859965.53 23425066.22 6359373.55 30 261
199490 23008628.45 122207066.090966 2301.74 41 4.846 23.991 10858643.21 23424027.31 6365467.89 30 261
199494 23007315.23 122207066.090966 2300.18 40 4.844 23.983 10856657.88 23422466.89 6374608.39 30 261
199495 23006877.96 122207066.090966 2298.96 41 4.844 23.981 10855995.61 23421946.20 6377654.96 30 261
199496 23006440.53 122207066.090966 2298.41 41 4.843 23.978 10855333.09 23421425.23 6380701.39 30 261
199497 23006003.12 122207066.090966 2298.94 41 4.842 23.975 10854670.32 23420903.99 6383747.68 30 261
199498 23005565.49 122207066.090966 2298.63 41 4.842 23.973 10854007.30 23420382.47 6386793.83 30 261
199499 23005127.54 122207066.090966 2300.40 41 4.841 23.970 10853344.03 23419860.68 6389839.86 30 261
199504 23002938.01 122207066.090966 2298.32 40 4.838 23.957 10850023.97 23417247.59 6405067.93 30 261
199505 23002500.78 122207066.090966 2297.24 41 4.837 23.954 10849359.21 23416724.15 6408113.14 30 261
199506 23002063.53 122207066.090966 2297.70 41 4.837 23.951 10848694.20 23416200.43 6411158.21 30 261
199507 23001626.38 122207066.090966 2297.22 40 4.836 23.949 10848028.94 23415676.44 6414203.15 30 261
199514 22998568.85 122207066.090966 2296.14 41 4.831 23.930 10843365.18 23412000.79 6435513.89 30 261
199515 22998131.87 122207066.090966 2296.57 40 4.831 23.927 10842697.94 23411474.60 6438557.73 30 261
199516 22997695.13 122207066.090966 2295.80 40 4.830 23.925 10842030.44 23410948.14 6441601.44 30 262
199517 22997258.50 122207066.090966 2295.23 41 4.829 23.922 10841362.70 23410421.40 6444645.02 30 262
199524 22994204.55 122207066.090966 2291.13 40 4.825 23.903 10836681.51 23406726.54 6465946.20 30 262
199525 22993768.60 122207066.090966 2291.32 40 4.824 23.901 10836011.77 23406197.61 6468988.68 30 262
199526 22993332.38 122207066.090966 2292.90 40 4.824 23.898 10835341.78 23405668.40 6472031.02 30 262
199527 22992895.95 122207066.090966 2293.59 41 4.823 23.895 10834671.55 23405138.92 6475073.22 30 262
199528 22992460.04 122207066.090966 2292.49 41 4.822 23.893 10834001.06 23404609.16 6478115.29 30 262
199536 22988974.72 122207066.090966 2291.03 40 4.817 23.872 10828628.20 23400361.26 6502446.87 30 262
199537 22988538.92 122207066.090966 2290.56 41 4.816 23.869 10827955.47 23399829.04 6505487.70 30 262
199538 22988103.15 120803299.124593 2289.48 41 4.816 23.866 10827282.49 23399296.55 6508528.39 30 262
199539 22987667.46 120803299.124593 2289.31 41 4.815 23.864 10826609.26 23398763.78 6511568.94 30 262
199546 22984619.31 120803299.124593 2288.39 41 4.811 23.845 10821889.65 23395026.77 6532848.93 30 262
199547 22984183.66 120803299.124593 2288.61 40 4.810 23.842 10821214.43 23394491.82 6535888.38 30 262
199548 22983748.11 120803299.124593 2288.13 40 4.809 23.840 10820538.95 23393956.59 6538927.69 30 262
199549 22983312.97 120803299.124593 2286.69 41 4.809 23.837 10819863.22 23393421.09 6541966.85 30 262
199556 22980270.15 120803299.624593 2282.72 41 4.804 23.819 10815126.12 23389664.97 6563237.14 30 262
199557 22979835.17 120803299.624593 2284.22 41 4.804 23.816 10814448.39 23389127.29 6566275.20 30 262
199558 22979400.03 120803299.624593 2285.45 41 4.803 23.813 10813770.42 23388589.34 6569313.12 30 262
199559 22978964.62 120803299.624593 2285.06 41 4.802 23.811 10813092.19 23388051.11 6572350.90 30 262
199560 22978529.75 120803299.624593 2283.38 41 4.802 23.808 10812413.71 23387512.61 6575388.54 30 262
199566 22975923.66 120803299.624593 2283.30 41 4.798 23.792 10808337.58 23384275.90 6593611.44 30 262
199567 22975489.31 120803299.624593 2282.42 41 4.797 23.790 10807657.34 23383735.50 6596648.10 30 262
199568 22975054.90 120803299.624593 2282.44 41 4.797 23.787 10806976.86 23383194.82 6599684.62 30 262
199569 22974620.59 120803299.624593 2281.98 40 4.796 23.784 10806296.13 23382653.87 6602721.00 30 262
199570 22974186.62 120803299.624593 2281.08 40 4.795 23.782 10805615.15 23382112.65 6605757.25 30 262
199579 22970284.92 120803299.624593 2279.26 41 4.790 23.758 10799475.02 23377229.43 6633077.11 30 262
199580 22969851.24 120803299.624593 2279.14 41 4.789 23.756 10798791.53 23376685.49 6636111.95 30 262
199581 22969417.85 120803299.624593 2277.76 41 4.788 23.753 10798107.79 23376141.28 6639146.65 30 262
199582 22968984.53 120803299.624593 2277.81 41 4.788 23.750 10797423.79 23375596.80 6642181.21 30 262
199583 22968551.10 120803299.624593 2278.82 41 4.787 23.748 10796739.55 23375052.05 6645215.62 30 262
199591 22965087.04 120803299.624593 2275.82 41 4.782 23.727 10791256.57 23370684.25 6669485.87 30 262
199592 22964654.22 120803299.624593 2275.57 41 4.782 23.724 10790570.07 23370137.06 6672519.02 30 262
199593 22964221.36 120803299.624593 2276.03 41 4.781 23.721 10789883.32 23369589.59 6675552.02 30 262
199594 22963788.80 120803299.624593 2274.11 41 4.780 23.719 10789196.31 23369041.86 6678584.88 30 262
199595 22963356.29 120803299.624593 2273.00 41 4.780 23.716 10788509.06 23368493.85 6681617.61 30 262
199596 22962923.83 120803299.624593 2272.86 40 4.779 23.714 10787821.55 23367945.57 6684650.18 30 262
199597 22962491.58 120803299.624593 2272.57 40 4.778 23.711 10787133.79 23367397.02 6687682.62 30 262
199604 22959464.25 120803299.624593 2271.10 40 4.774 23.693 10782312.44 23363549.60 6708905.71 30 262
199605 22959031.90 120803299.624593 2272.62 41 4.773 23.690 10781622.67 23362998.88 6711937.01 30 262
199606 22958599.50 120803299.624593 2273.49 41 4.773 23.687 10780932.65 23362447.90 6714968.17 30 262
199607 22958167.12 120803299.624593 2272.70 41 4.772 23.685 10780242.38 23361896.64 6717999.19 30 262
199608 22957734.72 120803299.624593 2272.21 41 4.771 23.682 10779551.85 23361345.12 6721030.06 30 262
199613 22955142.84 120803299.624593 2268.76 40 4.768 23.667 10775403.42 23358030.29 6739212.31 30 262
199616 22954278.74 120803299.124593 2270.85 40 4.766 23.661 10774018.59 23356923.19 6745271.92 30 262
199617 22953846.77 120803299.124593 2269.87 40 4.766 23.659 10773325.80 23356369.23 6748301.51 30 262
199618 22953414.89 120803299.124593 2270.05 40 4.765 23.656 10772632.76 23355815.01 6751330.96 30 262
199619 22952983.00 120803299.124593 2269.65 40 4.765 23.654 10771939.46 23355260.51 6754360.26 30 262
199627 22949532.62 120803299.124593 2267.06 40 4.760 23.633 10766384.03 23350814.84 6778589.52 30 262
199628 22949101.12 120803299.124593 2267.48 40 4.759 23.630 10765688.47 23350257.91 6781617.53 30 262
199629 22948669.55 120803299.124593 2267.36 40 4.758 23.628 10764992.65 23349700.72 6784645.40 30 262
199630 22948238.26 120803299.124593 2265.69 40 4.758 23.625 10764296.59 23349143.26 6787673.13 30 262
199631 22947807.01 120803299.124593 2266.39 40 4.757 23.622 10763600.26 23348585.53 6790700.71 30 262
199638 22944791.17 120803299.124593 2265.06 40 4.753 23.604 10758718.96 23344673.88 6811889.73 30 262
199639 22944360.30 120803299.124593 2264.59 40 4.752 23.602 10758020.62 23344114.00 6814916.16 30 262
199640 22943929.47 120803299.124593 2264.12 40 4.752 23.599 10757322.03 23343553.85 6817942.44 30 262
199641 22943498.92 120803299.124593 2262.42 40 4.751 23.596 10756623.18 23342993.43 6820968.58 30 262
199642 22943068.49 120803299.124593 2261.51 40 4.750 23.594 10755924.09 23342432.74 6823994.57 30 262
199649 22940054.93 120803299.124593 2259.85 40 4.746 23.576 10751023.33 23338500.39 6845172.47 30 262
199650 22939624.82 120803299.124593 2259.25 40 4.745 23.573 10750322.21 23337937.55 6848197.30 30 263
199651 22939194.47 120803299.124593 2259.00 40 4.745 23.570 10749620.84 23337374.44 6851221.99 30 263
199652 22938764.44 120803299.124593 2258.94 40 4.744 23.568 10748919.22 23336811.07 6854246.53 30 263
199653 22938334.14 120803299.124593 2260.58 40 4.744 23.565 10748217.34 23336247.43 6857270.93 30 263
199654 22937903.77 120803299.124593 2260.57 40 4.742 23.563 10747515.21 23335683.52 6860295.18 30 263
199659 22935753.60 120803299.124593 2259.02 41 4.739 23.550 10744000.77 23332859.94 6875414.26 30 263
199660 22935323.94 120803299.124593 2257.45 41 4.739 23.547 10743297.12 23332294.42 6878437.64 30 263
199661 22934894.61 120803299.124593 2256.86 40 4.738 23.545 10742593.22 23331728.63 6881460.88 30 263
199662 22934465.34 120803299.124593 2256.38 40 4.738 23.542 10741889.06 23331162.57 6884483.96 30 263
199663 22934036.12 120803299.124593 2256.45 40 4.737 23.539 10741184.65 23330596.25 6887506.90 30 263
199664 22933606.55 120803299.124593 2258.23 40 4.736 23.537 10740479.99 23330029.66 6890529.70 30 263
199671 22930600.55 120803299.124593 2255.94 40 4.732 23.519 10735540.28 23326056.03 6911685.17 30 263
199672 22930171.13 120803299.124593 2255.46 40 4.732 23.516 10734833.59 23325487.30 6914706.79 30 263
199673 22929741.73 120803299.124593 2256.33 40 4.731 23.514 10734126.65 23324918.30 6917728.27 30 263
199674 22929312.58 120803299.124593 2255.06 40 4.730 23.511 10733419.45 23324349.03 6920749.60 30 263
199675 22928883.57 120803299.124593 2253.56 40 4.730 23.508 10732712.00 23323779.50 6923770.79 30 263
199682 22925880.30 120803299.624593 2253.80 40 4.725 23.490 10727752.77 23319785.29 6944914.96 31 263
199683 22925451.32 120803299.624593 2253.33 41 4.725 23.488 10727043.29 23319213.62 6947934.97 31 263
199684 22925022.64 120803299.624593 2253.13 41 4.724 23.485 10726333.56 23318641.68 6950954.83 31 263
199685 22924594.01 120803299.624593 2252.75 40 4.724 23.483 10725623.58 23318069.48 6953974.55 31 263
199686 22924165.50 120803299.624593 2252.20 40 4.723 23.480 10724913.34 23317497.01 6956994.11 31 263
199693 22921167.31 120803299.624593 2251.01 40 4.719 23.462 10719934.56 23313482.25 6978126.94 31 263
199694 22920739.39 120803299.624593 2249.11 40 4.718 23.460 10719222.29 23312907.65 6981145.32 31 263
199695 22920311.69 120803299.624593 2248.00 40 4.718 23.457 10718509.77 23312332.78 6984163.56 31 263
199696 22919884.33 120803299.624593 2247.79 40 4.717 23.455 10717796.99 23311757.64 6987181.65 31 263
199697 22919456.95 120803299.624593 2247.69 40 4.716 23.452 10717083.96 23311182.24 6990199.59 31 263
199698 22919029.42 120803299.624593 2247.26 40 4.716 23.449 10716370.67 23310606.57 6993217.38 31 263
199699 22918601.76 120803299.624593 2247.63 40 4.715 23.447 10715657.13 23310030.64 6996235.02 31 263
199705 22916034.32 120803299.124593 2247.58 40 4.712 23.431 10711370.55 23306569.45 7014337.77 31 263
199706 22915606.97 120803299.124593 2245.68 40 4.711 23.429 10710655.23 23305991.65 7017354.37 31 263
199707 22915179.80 120803299.124593 2244.65 40 4.710 23.426 10709939.66 23305413.59 7020370.82 31 263
199708 22914752.55 120803299.124593 2244.65 40 4.710 23.424 10709223.83 23304835.26 7023387.13 31 263
199709 22914325.47 120803299.124593 2244.19 40 4.709 23.421 10708507.74 23304256.67 7026403.29 31 263
199710 22913898.20 120803299.124593 2244.81 40 4.709 23.419 10707791.41 23303677.81 7029419.30 31 263
199711 22913470.63 120803299.124593 2246.60 40 4.708 23.416 10707074.81 23303098.69 7032435.15 31 263
199717 22910906.95 120803299.124593 2243.68 40 4.704 23.401 10702769.91 23299618.37 7050527.18 31 263
199718 22910480.13 120803299.624593 2242.31 40 4.704 23.398 10702051.54 23299037.39 7053541.99 31 263
199719 22910053.51 120803299.624593 2241.88 40 4.703 23.396 10701332.91 23298456.14 7056556.65 31 263
199720 22909626.74 120803299.624593 2241.53 40 4.703 23.393 10700614.03 23297874.63 7059571.17 31 263
199721 22909200.04 120803299.624593 2242.68 40 4.702 23.390 10699894.89 23297292.85 7062585.53 31 263
199722 22908772.90 120803299.624593 2244.05 40 4.701 23.388 10699175.49 23296710.81 7065599.75 31 263
199730 22905360.52 120803299.624593 2241.80 40 4.697 23.367 10693411.17 23292044.93 7089708.07 31 263
199731 22904934.14 120803299.624593 2241.38 40 4.696 23.365 10692689.48 23291460.50 7092720.94 31 263
199732 22904507.82 120803299.624593 2240.98 40 4.696 23.362 10691967.54 23290875.81 7095733.65 31 263
199733 22904081.49 120803299.624593 2240.36 40 4.695 23.360 10691245.34 23290290.86 7098746.22 31 263
199734 22903655.15 120803299.624593 2240.18 40 4.694 23.357 10690522.89 23289705.63 7101758.63 31 263
199736 22902377.21 120803299.624593 2237.89 39 4.693 23.350 10688354.00 23287948.39 7110794.97 31 263
199742 22900247.04 120803299.124593 2237.99 40 4.690 23.337 10684734.07 23285014.36 7125852.51 31 263
199743 22899821.14 120803299.124593 2238.36 40 4.689 23.334 10684009.32 23284426.76 7128863.57 31 263
199744 22899395.82 120803299.124593 2237.82 40 4.688 23.332 10683284.32 23283838.90 7131874.47 31 263
199745 22898970.50 120803299.124593 2236.90 40 4.688 23.329 10682559.06 23283250.77 7134885.23 31 263
199746 22898545.23 120803299.124593 2236.16 40 4.687 23.327 10681833.54 23282662.38 7137895.83 31 263
199754 22895141.60 120803299.124593 2235.60 40 4.682 23.306 10676020.20 23277945.75 7161975.19 31 263
199755 22894716.17 120803299.124593 2235.09 40 4.682 23.304 10675292.39 23277354.99 7164984.43 31 263
199756 22894290.68 120803299.124593 2235.15 40 4.681 23.301 10674564.31 23276763.96 7167993.52 31 263
199757 22893865.42 120803299.124593 2234.61 40 4.681 23.299 10673835.99 23276172.67 7171002.45 31 263
199758 22893440.09 120803299.124593 2234.02 40 4.680 23.296 10673107.40 23275581.12 7174011.23 31 263
199759 22893015.11 120803299.124593 2232.47 40 4.679 23.294 10672378.56 23274989.30 7177019.86 31 263
199765 22890466.29 120803299.124593 2232.84 40 4.676 23.279 10668000.15 23271432.86 7195068.45 31 263
199766 22890041.85 120803299.124593 2230.80 40 4.675 23.276 10667269.52 23270839.20 7198076.01 31 263
199767 22889617.50 120803299.124593 2230.22 40 4.675 23.274 10666538.63 23270245.28 7201083.42 31 263
199768 22889193.16 120803299.124593 2229.90 40 4.674 23.271 10665807.49 23269651.09 7204090.68 31 263
199769 22888768.61 120803299.124593 2230.75 40 4.674 23.268 10665076.09 23269056.64 7207097.78 31 263
199770 22888343.89 120803299.124593 2231.91 40 4.673 23.266 10664344.43 23268461.93 7210104.74 31 263
199771 22887919.05 120803299.124593 2232.35 40 4.672 23.263 10663612.52 23267866.96 7213111.54 31 263
199779 22884525.45 120803299.624593 2226.96 40 4.668 23.243 10657748.00 23263097.70 7237160.42 31 263
199780 22884101.61 120803299.624593 2227.70 40 4.667 23.241 10657013.79 23262500.36 7240165.84 31 263
199781 22883677.80 120803299.624593 2227.90 40 4.666 23.238 10656279.31 23261902.76 7243171.11 31 263
199784 22882405.39 120803299.624593 2228.42 40 4.665 23.231 10654074.35 23260108.39 7252185.99 31 264
199785 22881981.12 120803299.624593 2228.56 40 4.664 23.228 10653338.85 23259509.74 7255190.64 31 264
199786 22881557.31 120803299.624593 2226.86 40 4.664 23.226 10652603.09 23258910.83 7258195.14 31 264
199787 22881133.79 120803299.624593 2225.63 40 4.663 23.223 10651867.08 23258311.66 7261199.49 31 264
199788 22880710.25 120803299.624593 2225.34 40 4.662 23.221 10651130.81 23257712.22 7264203.68 31 264
199789 22880286.77 120803299.624593 2225.11 40 4.662 23.218 10650394.28 23257112.52 7267207.71 31 264
199790 22879863.49 120803299.624593 2224.84 40 4.661 23.216 10649657.50 23256512.57 7270211.60 31 264
199791 22879440.00 120803299.624593 2226.11 40 4.661 23.213 10648920.46 23255912.34 7273215.33 31 264
199792 22879016.19 120803299.624593 2225.75 40 4.660 23.210 10648183.17 23255311.86 7276218.90 31 264
199793 22878592.52 120803299.624593 2225.84 40 4.659 23.208 10647445.61 23254711.12 7279222.32 31 264
199794 22878168.96 120803299.624593 2225.73 40 4.659 23.205 10646707.80 23254110.11 7282225.59 31 264
199795 22877745.62 120803299.624593 2224.34 40 4.658 23.203 10645969.74 23253508.84 7285228.70 31 264
199803 22874360.27 120803299.624593 2224.36 40 4.654 23.183 10640055.96 23248689.29 7309248.03 31 264
199804 22873937.23 120803299.624593 2223.50 40 4.653 23.180 10639315.58 23248085.67 7312249.74 31 264
199805 22873514.29 120803299.624593 2223.06 40 4.652 23.178 10638574.95 23247481.78 7315251.31 31 264
199806 22873091.58 120803299.624593 2221.15 40 4.652 23.175 10637834.05 23246877.64 7318252.72 31 264
199807 22872669.21 120803299.624593 2220.71 40 4.651 23.173 10637092.91 23246273.24 7321253.97 31 264
199817 22868447.84 120803299.624593 2218.64 40 4.646 23.148 10629667.27 23240214.84 7351257.96 31 264
199818 22868026.25 120803299.624593 2217.62 40 4.645 23.145 10628923.29 23239607.57 7354257.50 31 264
199819 22867603.97 120803299.624593 2219.36 40 4.644 23.143 10628179.05 23239000.04 7357256.89 31 264
199820 22867181.75 120803299.624593 2218.64 40 4.644 23.140 10627434.56 23238392.24 7360256.12 31 264
199821 22866759.46 120803299.624593 2219.02 40 4.643 23.138 10626689.81 23237784.19 7363255.20 31 264
199822 22866337.49 120803299.624593 2217.89 40 4.643 23.135 10625944.80 23237175.87 7366254.12 31 264
199823 22865915.74 120803299.624593 2217.11 40 4.642 23.133 10625199.53 23236567.30 7369252.88 31 264
199832 22862119.79 120803299.624593 2215.82 40 4.637 23.110 10618480.55 23231078.41 7396234.70 31 264
199833 22861698.06 120803299.624593 2216.93 40 4.636 23.108 10617732.71 23230467.23 7399231.90 31 264
199834 22861276.34 120803299.624593 2216.24 41 4.636 23.105 10616984.60 23229855.80 7402228.94 31 264
199835 22860854.61 120803299.624593 2216.12 41 4.635 23.103 10616236.25 23229244.10 7405225.82 31 264
199845 22856645.19 120803299.624593 2212.73 40 4.629 23.078 10608738.48 23223112.86 7435186.01 31 264
199846 22856224.12 120803299.624593 2213.09 40 4.629 23.075 10607987.29 23222498.31 7438181.16 31 264
199847 22855803.17 120803299.624593 2212.31 40 4.628 23.073 10607235.83 23221883.50 7441176.16 31 264
199848 22855382.17 120803299.624593 2212.00 40 4.628 23.070 10606484.12 23221268.43 7444171.00 31 264
199849 22854961.08 120803299.624593 2212.14 40 4.627 23.068 10605732.15 23220653.10 7447165.68 31 264
199850 22854540.24 120803299.624593 2211.36 40 4.626 23.065 10604979.93 23220037.52 7450160.20 31 264
199857 22851595.55 120803299.624593 2209.30 40 4.622 23.048 10599707.10 23215721.16 7471117.42 31 264
199858 22851174.75 120803299.624593 2210.26 40 4.622 23.045 10598952.80 23215103.50 7474110.68 31 264
199859 22850754.15 120803299.624593 2209.70 40 4.621 23.043 10598198.25 23214485.58 7477103.78 31 264
199859 22850333.80 120803299.624593 2209.41 40 4.621 23.043 10598198.25 23214485.58 7477103.78 31 264
199868 22846974.07 120803299.124593 2207.23 41 4.616 23.021 10591395.64 23208912.70 7504034.51 31 264
199869 22846554.07 120803299.124593 2207.24 41 4.616 23.018 10590638.50 23208292.20 7507026.02 31 264
199870 22846133.86 120803299.124593 2207.33 40 4.615 23.016 10589881.11 23207671.44 7510017.37 31 264
199871 22845713.73 120803299.124593 2207.07 40 4.614 23.013 10589123.45 23207050.43 7513008.56 31 264
199872 22845293.85 120803299.124593 2206.28 40 4.614 23.011 10588365.54 23206429.15 7515999.60 31 264
199880 22841937.68 120803299.124593 2204.37 40 4.609 22.991 10582292.90 23201449.67 7539922.11 31 264
199881 22841518.26 120803299.124593 2203.86 40 4.609 22.988 10581532.66 23200826.08 7542911.70 31 264
199882 22841098.84 120803299.124593 2204.02 40 4.608 22.986 10580772.15 23200202.23 7545901.14 31 264
199883 22840679.57 120803299.124593 2203.11 40 4.608 22.983 10580011.39 23199578.12 7548890.41 31 264
199884 22840260.06 120803299.124593 2203.35 40 4.607 22.981 10579250.37 23198953.75 7551879.53 31 264
199895 22835656.82 120803299.124593 2197.96 40 4.601 22.954 10570862.03 23192068.73 7584749.22 31 264
199896 22835238.48 120803299.124593 2199.16 40 4.600 22.951 10570097.90 23191441.28 7587736.41 31 264
199897 22834820.03 120803299.124593 2201.30 40 4.600 22.949 10569333.50 23190813.57 7590723.44 31 264
199898 22834401.39 120803299.124593 2200.86 41 4.599 22.946 10568568.85 23190185.60 7593710.30 31 264
199899 22833982.52 120803299.124593 2200.99 41 4.599 22.944 10567803.94 23189557.38 7596697.01 31 264
199900 22833563.90 120803299.124593 2200.73 41 4.598 22.941 10567038.77 23188928.90 7599683.56 31 264
199908 22830219.75 120803299.124593 2198.31 40 4.593 22.922 10560908.07 23183891.83 7623570.12 32 264
199909 22829801.97 120803299.124593 2196.19 40 4.593 22.919 10560140.56 23183261.04 7626555.21 32 264
199910 22829384.06 120803299.124593 2196.11 41 4.592 22.917 10559372.80 23182629.99 7629540.14 32 264
199911 22828966.00 120803299.124593 2196.91 41 4.592 22.914 10558604.77 23181998.69 7632524.91 32 264
199912 22828547.96 120803299.124593 2196.45 41 4.591 22.912 10557836.49 23181367.14 7635509.52 32 264
199913 22828130.06 120803299.124593 2195.69 41 4.591 22.909 10557067.94 23180735.33 7638493.97 32 265
199920 22825206.86 120803299.124593 2193.58 40 4.587 22.892 10551680.85 23176305.47 7659380.55 32 265
199921 22824789.22 120803299.124593 2194.61 40 4.586 22.890 10550910.22 23175671.61 7662363.70 32 265
199922 22824371.48 120803299.124593 2194.05 40 4.586 22.887 10550139.34 23175037.50 7665346.69 32 265
199923 22823953.78 120803299.124593 2194.60 41 4.585 22.885 10549368.19 23174403.13 7668329.51 32 265
199924 22823536.35 120803299.124593 2193.81 41 4.585 22.882 10548596.79 23173768.50 7671312.17 32 265
199932 22820200.14 120803299.624593 2191.82 40 4.580 22.863 10542416.19 23168682.30 7695167.60 32 265
199933 22819783.32 120803299.624593 2190.07 40 4.580 22.860 10541642.44 23168045.38 7698148.80 32 265
199934 22819366.52 120803299.624593 2189.66 41 4.579 22.858 10540868.44 23167408.20 7701129.83 32 265
199935 22818949.95 120803299.624593 2189.26 41 4.578 22.855 10540094.17 23166770.77 7704110.70 32 265
199936 22818533.40 120803299.624593 2188.91 41 4.578 22.853 10539319.64 23166133.08 7707091.41 32 265
199937 22818116.33 120803299.624593 2190.71 40 4.577 22.850 10538544.85 23165495.13 7710071.95 32 265
199938 22817699.24 120803299.624593 2191.30 40 4.577 22.848 10537769.81 23164856.94 7713052.33 32 265
199945 22814785.20 120803299.624593 2186.46 41 4.573 22.831 10532337.18 23160382.42 7733910.39 32 265
199946 22814369.42 120803299.624593 2185.12 41 4.572 22.829 10531560.04 23159742.18 7736889.46 32 265
199947 22813953.47 120803299.624593 2186.20 41 4.572 22.826 10530782.65 23159101.69 7739868.37 32 265
199948 22813537.19 120803299.624593 2187.13 41 4.571 22.824 10530005.00 23158460.95 7742847.11 32 265
199949 22813120.70 120803299.624593 2188.25 40 4.571 22.821 10529227.08 23157819.95 7745825.68 32 265
199950 22812704.45 120803299.624593 2187.53 40 4.570 22.819 10528448.91 23157178.70 7748804.09 32 265
199959 22808962.86 120803299.624593 2185.19 41 4.565 22.797 10521433.60 23151395.99 7775602.40 32 265
199960 22808546.81 120803299.624593 2185.77 41 4.565 22.794 10520652.81 23150752.19 7778579.17 32 265
199961 22808130.78 120803299.624593 2184.96 41 4.564 22.792 10519871.77 23150108.15 7781555.77 32 265
199962 22807715.12 120803299.624593 2184.27 41 4.563 22.790 10519090.46 23149463.84 7784532.21 32 265
199963 22807299.31 120803299.624593 2184.76 40 4.563 22.787 10518308.90 23148819.29 7787508.48 32 265
199973 22803149.50 120803299.624593 2179.45 41 4.557 22.763 10510478.87 23142359.81 7817262.10 32 265
199974 22802734.80 120803299.624593 2179.02 41 4.557 22.760 10509694.43 23141712.47 7820236.55 32 265
199975 22802320.21 120803299.624593 2178.55 41 4.556 22.758 10508909.73 23141064.87 7823210.84 32 265
199976 22801905.46 120803299.624593 2179.25 41 4.556 22.755 10508124.77 23140417.03 7826184.96 32 265
199977 22801490.46 120803299.624593 2181.18 41 4.555 22.753 10507339.54 23139768.93 7829158.91 32 265
199978 22801075.26 120803299.624593 2181.39 41 4.555 22.751 10506554.06 23139120.57 7832132.70 32 265
199983 22798589.46 120803299.624593 2177.43 41 4.551 22.736 10501835.66 23135225.15 7849971.94 32 265
199987 22797346.81 120803299.624593 2177.82 41 4.550 22.729 10499472.93 23133274.02 7858889.31 32 265
199988 22796932.63 120803299.124593 2177.29 41 4.549 22.726 10498684.83 23132623.14 7861861.43 32 265
199989 22796518.36 120803299.124593 2177.47 41 4.549 22.724 10497896.47 23131972.01 7864833.39 32 265
199990 22796104.29 120803299.124593 2175.79 41 4.548 22.722 10497107.84 23131320.63 7867805.18 32 265
199991 22795690.00 120803299.124593 2176.66 41 4.548 22.719 10496318.96 23130668.99 7870776.81 32 265
199992 22795275.47 120803299.124593 2176.83 41 4.547 22.717 10495529.81 23130017.10 7873748.26 32 265
199999 22792377.30 120803299.124593 2176.07 41 4.543 22.700 10489998.45 23125446.82 7894543.79 32 265
200000 22791963.36 120803299.124593 2175.30 41 4.543 22.697 10489207.21 23124792.91 7897513.91 32 265
200001 22791549.30 120803299.124593 2175.54 41 4.542 22.695 10488415.70 23124138.76 7900483.86 32 265
200002 22791135.13 120803299.124593 2175.08 41 4.542 22.693 10487623.94 23123484.35 7903453.65 32 265
200003 22790721.26 120803299.124593 2174.41 41 4.541 22.690 10486831.91 23122829.69 7906423.27 32 265
200011 22787414.46 120803299.124593 2170.57 41 4.537 22.671 10480486.25 23117583.35 7930174.17 32 265
200012 22787001.48 120803299.124593 2171.71 41 4.536 22.668 10479691.87 23116926.43 7933142.27 32 265
200013 22786588.24 120803299.124593 2172.60 41 4.536 22.666 10478897.22 23116269.25 7936110.21 32 265
200014 22786175.19 120803299.124593 2171.97 41 4.535 22.664 10478102.31 23115611.83 7939077.98 32 265
200015 22785761.83 120803299.124593 2171.58 41 4.535 22.661 10477307.13 23114954.15 7942045.59 32 265
200016 22785348.61 120803299.124593 2171.21 41 4.534 22.659 10476511.70 23114296.22 7945013.02 32 265
200023 22782459.15 120803299.124593 2167.33 41 4.530 22.642 10470936.30 23109683.70 7965780.33 32 265
200024 22782046.19 120803299.124593 2168.90 41 4.530 22.639 10470138.76 23109023.76 7968746.42 32 265
200025 22781632.84 120803299.124593 2170.08 41 4.529 22.637 10469340.97 23108363.58 7971712.33 32 265
200026 22781219.84 120803299.124593 2169.57 41 4.529 22.635 10468542.91 23107703.14 7974678.08 32 265
200027 22780807.03 120803299.124593 2169.44 41 4.528 22.632 10467744.58 23107042.45 7977643.66 32 265
200036 22777096.90 120803299.124593 2167.07 41 4.523 22.611 10460547.85 23101085.00 8004326.23 32 265
200037 22776684.74 120803299.124593 2166.38 41 4.523 22.608 10459746.90 23100421.81 8007290.12 32 265
200038 22776272.62 120803299.124593 2165.92 41 4.522 22.606 10458945.69 23099758.38 8010253.83 32 265
200039 22775860.67 120803299.124593 2165.43 41 4.522 22.603 10458144.22 23099094.69 8013217.37 32 265
200047 22772567.40 120803299.124593 2164.06 41 4.517 22.584 10451722.94 23093776.18 8036919.60 32 266
200048 22772155.77 120803299.124593 2163.84 41 4.517 22.582 10450919.10 23093110.24 8039881.61 32 266
200049 22771744.41 120803299.124593 2162.43 42 4.516 22.579 10450115.00 23092444.05 8042843.45 32 266
200050 22771332.85 120803299.124593 2163.10 42 4.516 22.577 10449310.63 23091777.62 8045805.12 32 266
200051 22770921.54 120803299.124593 2161.72 41 4.515 22.575 10448505.99 23091110.93 8048766.62 32 266
200052 22770510.20 120803299.124593 2161.88 41 4.515 22.572 10447701.10 23090444.00 8051727.95 32 266
200059 22767630.79 120803299.124593 2161.44 41 4.511 22.556 10442059.46 23085768.48 8072452.48 32 266
200060 22767219.45 120803299.124593 2160.30 41 4.510 22.553 10441252.46 23085099.55 8075412.44 32 266
200061 22766807.89 120803299.124593 2158.83 41 4.510 22.551 10440445.20 23084430.38 8078372.23 32 266
200062 22766396.45 120803299.124593 2158.16 41 4.509 22.548 10439637.67 23083760.95 8081331.85 32 266
200063 22765985.61 120803299.124593 2157.43 41 4.509 22.546 10438829.88 23083091.28 8084291.30 32 266
200068 22763929.97 120803299.124593 2159.52 41 4.506 22.534 10434786.97 23079739.18 8099085.97 32 266
200069 22763518.96 120803299.124593 2158.68 41 4.506 22.532 10433977.59 23079068.02 8102044.39 32 266
200070 22763107.99 120803299.124593 2158.04 41 4.505 22.529 10433167.96 23078396.60 8105002.64 32 266
200071 22762697.42 120803299.124593 2156.40 41 4.505 22.527 10432358.06 23077724.94 8107960.72 32 266
200078 22759823.94 120803299.124593 2155.19 40 4.501 22.510 10426681.37 23073016.35 8128662.43 32 266
200079 22759413.63 120803299.124593 2155.30 40 4.500 22.508 10425869.36 23072342.71 8131619.13 32 266
200080 22759003.18 120803299.124593 2155.57 40 4.500 22.506 10425057.09 23071668.81 8134575.65 32 266
200081 22758592.70 120803299.124593 2155.53 40 4.499 22.503 10424244.55 23070994.67 8137532.01 32 266
200082 22758182.81 120803299.124593 2153.70 40 4.499 22.501 10423431.75 23070320.28 8140488.19 32 266
200091 22754494.78 120803299.124593 2153.19 40 4.494 22.479 10416104.66 23064239.61 8167086.05 32 266
200092 22754084.97 120803299.124593 2152.90 40 4.494 22.477 10415289.22 23063562.75 8170040.50 32 266
200093 22753675.41 120803299.124593 2152.42 41 4.493 22.475 10414473.52 23062885.63 8172994.78 32 266
200094 22753265.77 120803299.124593 2152.72 41 4.492 22.472 10413657.55 23062208.27 8175948.89 32 266
200102 22749994.18 120803299.124593 2148.43 41 4.488 22.453 10407120.28 23056780.48 8199575.49 32 266
200103 22749586.00 120803299.124593 2147.68 41 4.488 22.451 10406301.93 23056100.90 8202528.03 32 266
200104 22749177.44 120803299.124593 2147.51 41 4.487 22.449 10405483.32 23055421.07 8205480.40 32 266
200105 22748768.99 120803299.124593 2147.29 41 4.487 22.446 10404664.44 23054740.99 8208432.60 32 266
200106 22748360.28 120803299.124593 2149.41 41 4.486 22.444 10403845.30 23054060.67 8211384.62 32 266
200106 22747951.46 120803299.124593 2149.99 41 4.486 22.444 10403845.30 23054060.67 8211384.62 32 266
200108 22747542.62 120803299.124593 2150.10 41 4.485 22.439 10402206.23 23052699.28 8217288.14 32 266
200117 22743867.50 120803299.124593 2146.26 40 4.480 22.418 10394817.29 23046560.83 8243845.36 32 266
200118 22743459.08 120803299.124593 2146.84 40 4.480 22.415 10393994.97 23045877.55 8246795.29 32 266
200119 22743050.92 120803299.124593 2145.85 41 4.479 22.413 10393172.39 23045194.03 8249745.04 32 266
