199376 35984613.616126 187702415.826639 730.714722 47 2.505972 13.309176 -8615720.483040 31054292.991895 27261971.519858 76 325
199377 35984473.482152 187702415.826639 729.790955 46 2.505948 13.309015 -8616260.765100 31055179.152215 27260747.058684 76 325
199378 35984333.601207 187702415.826639 728.293701 46 2.505924 13.308854 -8616800.918064 31056065.391892 27259522.453034 76 325
199379 35984193.886038 187702415.826639 727.869629 46 2.505900 13.308693 -8617340.941921 31056951.710907 27258297.702912 76 325
199380 35984054.092344 187702415.826639 727.873962 46 2.505876 13.308532 -8617880.836661 31057838.109241 27257072.808324 76 325
199381 35983914.167773 187702415.826639 728.264221 46 2.505852 13.308371 -8618420.602271 31058724.586876 27255847.769276 76 325
199382 35983774.164676 187702415.826639 729.173401 46 2.505828 13.308210 -8618960.238740 31059611.143792 27254622.585775 76 325
199386 35983212.520693 187702415.826639 730.364685 46 2.505733 13.307566 -8621117.492951 31063158.163857 27249720.407400 76 325
199387 35983072.404170 187702415.826639 729.712463 47 2.505708 13.307405 -8621656.483539 31064045.116891 27248494.501725 76 325
199388 35982932.148045 187702415.826639 730.268433 47 2.505684 13.307244 -8622195.344916 31064932.149093 27247268.451633 76 325
199389 35982792.240924 187702415.826639 728.894409 46 2.505659 13.307083 -8622734.077069 31065819.260440 27246042.257132 76 325
199395 35981952.545171 187702415.826639 729.387756 46 2.505512 13.306117 -8625963.755639 31071143.589504 27238682.057915 76 325
199396 35981812.664226 187702415.826639 728.408813 46 2.505487 13.305956 -8626501.582907 31072031.254343 27237454.852719 76 325
199397 35981672.992683 187702415.826639 727.223267 46 2.505463 13.305795 -8627039.280859 31072918.998175 27236227.503164 76 325
199398 35981533.286240 187702415.826639 727.350525 46 2.505438 13.305634 -8627576.849484 31073806.820982 27235000.009254 76 325
199402 35980972.427517 187702415.826639 730.269836 46 2.505340 13.304990 -8629725.830461 31077358.901541 27230088.590239 76 325
199404 35980692.281721 187702415.826639 729.473877 47 2.505290 13.304667 -8630799.544693 31079135.415184 27227632.014747 76 325
199405 35980552.182648 187702415.826639 729.257507 47 2.505265 13.304506 -8631336.207702 31080023.790275 27226403.510531 76 325
199406 35980412.162101 187702415.826639 728.781921 47 2.505240 13.304345 -8631872.741292 31080912.244187 27225174.862012 76 325
199407 35980272.516733 187702415.826639 727.027344 46 2.505216 13.304185 -8632409.145448 31081800.776900 27223946.069196 76 325
199413 35979434.705604 187702415.826639 729.011902 46 2.505067 13.303218 -8635624.851656 31087133.626902 27216570.282437 76 325
199414 35979295.016611 187702415.826639 727.156067 46 2.505042 13.303057 -8636160.349467 31088022.710689 27215340.479709 76 325
199415 35979155.432320 187702415.826639 727.543152 46 2.505017 13.302896 -8636695.717754 31088911.873124 27214110.532733 76 325
199416 35979015.638625 187702415.826639 728.136963 47 2.504992 13.302734 -8637230.956506 31089801.114188 27212880.441514 76 325
199417 35978876.010708 187702415.826639 727.768372 47 2.504968 13.302573 -8637766.065710 31090690.433862 27211650.206059 76 325
199418 35978736.487492 187702415.826639 726.913269 47 2.504943 13.302413 -8638301.045355 31091579.832125 27210419.826376 76 325
199426 35977620.345390 187702415.826639 727.226868 47 2.504751 13.301124 -8642576.216991 31098697.845148 27200571.597435 76 325
199427 35977480.804724 187702415.826639 727.242371 47 2.504727 13.300962 -8643110.030087 31099587.949860 27199339.919965 76 325
199428 35977341.089556 187702415.826639 727.699524 46 2.504703 13.300801 -8643643.713509 31100478.132971 27198108.098327 76 325
199429 35977201.452913 187702415.826639 726.864746 46 2.504679 13.300640 -8644177.267246 31101368.394461 27196876.132528 76 325
199430 35977061.711570 187702415.826639 727.277466 46 2.504656 13.300479 -8644710.691285 31102258.734311 27195644.022573 76 325
199437 35976086.567227 187702415.826639 727.353210 46 2.504490 13.299351 -8648441.027048 31108493.305672 27187015.217142 76 325
199438 35975947.393015 187702415.826639 725.232849 46 2.504466 13.299190 -8648973.413095 31109384.271705 27185781.954176 76 325
199439 35975808.332230 187702415.826639 724.591370 47 2.504442 13.299028 -8649505.669341 31110275.315924 27184548.547112 76 325
199440 35975669.288895 187702415.826639 724.636597 47 2.504419 13.298867 -8650037.795775 31111166.438310 27183314.995955 76 325
199441 35975530.263011 187702415.826639 724.413818 47 2.504395 13.298706 -8650569.792385 31112057.638845 27182081.300712 76 325
199442 35975390.835771 187702415.826639 726.328003 47 2.504372 13.298545 -8651101.659160 31112948.917509 27180847.461388 76 325
199446 35974832.612030 187702415.826639 726.319458 47 2.504279 13.297900 -8653227.827662 31116514.813036 27175910.663461 76 325
199447 35974693.594871 187702415.826639 724.569824 46 2.504255 13.297739 -8653759.045089 31117406.482054 27174676.103832 76 325
199448 35974554.603887 187702415.826639 723.932861 46 2.504232 13.297578 -8654290.132612 31118298.229085 27173441.400161 76 325
199449 35974415.499476 187702415.826639 723.927612 46 2.504208 13.297417 -8654821.090219 31119190.054110 27172206.552453 76 325
199450 35974276.395065 187702415.826639 723.778931 46 2.504184 13.297256 -8655351.917900 31120081.957110 27170971.560715 76 325
199451 35974136.985276 187702415.826639 724.910950 45 2.504160 13.297094 -8655882.615643 31120973.938066 27169736.424952 76 325
199456 35973440.259157 187702415.826639 725.627197 45 2.504041 13.296288 -8658534.154860 31125435.011468 27163558.586050 76 325
199457 35973301.163471 187702415.826639 724.740112 45 2.504017 13.296127 -8659064.072732 31126327.459750 27162322.586278 76 325
199458 35973162.198662 187702415.826639 723.489319 45 2.503993 13.295966 -8659593.860585 31127219.985853 27161086.442526 76 325
199459 35973023.268754 187702415.826639 723.492065 45 2.503969 13.295805 -8660123.518408 31128112.589757 27159850.154801 76 325
199460 35972884.303945 187702415.826639 723.523315 46 2.503945 13.295644 -8660653.046190 31129005.271442 27158613.723108 76 325
199465 35972187.612727 187702415.826639 726.006042 46 2.503827 13.294837 -8663298.734063 31133469.845894 27152429.405391 76 325
199466 35972048.490866 187702415.826639 724.666931 46 2.503803 13.294676 -8663827.481357 31134362.993866 27151192.110025 76 325
199467 35971909.177053 187702415.826639 725.260559 46 2.503780 13.294515 -8664356.098530 31135256.219486 27149954.670734 76 325
199468 35971769.915590 187702415.826639 725.240906 47 2.503757 13.294353 -8664884.585571 31136149.522733 27148717.087526 76 325
199469 35971630.872255 187702415.826639 723.488281 46 2.503734 13.294192 -8665412.942467 31137042.903587 27147479.360408 76 325
199475 35970797.057226 187702416.326639 724.969116 46 2.503592 13.293224 -8668580.350158 31142404.817368 27140049.975969 76 325
199476 35970657.987716 187702416.326639 723.992310 46 2.503569 13.293063 -8669107.795727 31143298.740939 27138811.241649 76 325
199477 35970519.127608 187702416.326639 722.656311 46 2.503545 13.292902 -8669635.111059 31144192.741963 27137572.363469 76 325
199478 35970380.328576 187702416.326639 722.478577 46 2.503522 13.292741 -8670162.296146 31145086.820422 27136333.341435 76 325
199479 35970241.581895 187702416.326639 722.217041 46 2.503498 13.292580 -8670689.350973 31145980.976295 27135094.175553 76 325
199484 35969546.661874 187702416.326639 723.143127 45 2.503380 13.291773 -8673322.670828 31150452.916181 27128896.188679 76 325
199485 35969408.168221 187702416.326639 722.218811 45 2.503357 13.291612 -8673848.943869 31151347.536139 27127656.159840 76 325
199486 35969269.753093 187702416.326639 722.024231 46 2.503334 13.291451 -8674375.086572 31152242.233376 27126415.987197 76 325
199487 35969131.259440 187702416.326639 721.991272 46 2.503310 13.291289 -8674901.098926 31153137.007873 27125175.670755 76 325
199488 35968992.809413 187702416.326639 721.608887 46 2.503286 13.291128 -8675426.980920 31154031.859612 27123935.210522 76 325
199489 35968853.809703 187702416.326639 724.081360 46 2.503262 13.290966 -8675952.732544 31154926.788574 27122694.606501 76 325
199490 35968576.133114 187702416.326639 724.177734 46 2.503215 13.290644 -8677003.844610 31156716.878051 27120212.967176 76 325
199494 35968159.291037 187702416.326639 723.117493 46 2.503143 13.290159 -8678579.534669 31159402.590999 27116489.429881 76 325
199495 35968020.614157 187702416.326639 722.092468 46 2.503119 13.289998 -8679104.503824 31160297.982884 27115247.963280 76 325
199496 35967882.050703 187702416.326639 721.876526 46 2.503095 13.289837 -8679629.342528 31161193.451856 27114006.352938 76 325
199497 35967743.373823 187702416.326639 722.513855 46 2.503071 13.289676 -8680154.050770 31162088.997895 27112764.598861 76 325
199498 35967604.627141 187702415.826639 722.479736 46 2.503047 13.289515 -8680678.628538 31162984.620983 27111522.701054 76 325
199499 35967465.479105 187702415.826639 724.265625 46 2.503022 13.289353 -8681203.075822 31163880.321099 27110280.659522 76 325
199504 35966770.410757 187702415.826639 723.205444 46 2.502900 13.288547 -8683823.354551 31168359.976395 27104068.296297 76 325
199505 35966631.576825 187702415.826639 722.383850 46 2.502875 13.288384 -8684347.018687 31169256.138274 27102825.392563 76 325
199506 35966492.489864 187702415.826639 723.051086 46 2.502851 13.288223 -8684870.552260 31170152.377047 27101582.345149 76 325
199507 35966353.507605 187702415.826639 722.757080 46 2.502826 13.288062 -8685393.955256 31171048.692693 27100339.154064 76 325
199514 35965382.970120 187702415.826639 723.071960 46 2.502654 13.286933 -8689054.119151 31177325.053006 27091632.794228 76 325
199515 35965243.848259 187702415.826639 723.741882 46 2.502629 13.286771 -8689576.477138 31178221.982943 27090388.453991 76 325
199516 35965104.970701 187702415.826639 723.113464 46 2.502604 13.286610 -8690098.704448 31179118.989579 27089143.970139 76 325
199517 35964966.189120 187702415.826639 722.673279 46 2.502579 13.286448 -8690620.801070 31180016.072894 27087899.342678 76 325
199524 35963995.965738 187702415.826639 719.982971 46 2.502407 13.285318 -8694271.817182 31186297.801464 27079182.929973 76 325
199525 35963857.594237 187702415.826639 720.391479 46 2.502382 13.285157 -8694792.867891 31187195.497518 27077937.153866 76 325
199526 35963718.865006 187702415.826639 722.161621 46 2.502358 13.284996 -8695313.787812 31188093.270078 27076691.234205 76 325
199527 35963579.795496 187702415.826639 723.136108 46 2.502333 13.284834 -8695834.576932 31188991.119125 27075445.170997 76 325
199528 35963440.996464 187702415.826639 722.104797 46 2.502309 13.284673 -8696355.235240 31189889.044637 27074198.964250 76 325
199536 35962333.623096 187702415.826639 722.270142 46 2.502117 13.283381 -8700515.791096 31197075.199156 27064224.143656 76 325
199537 35962195.164343 187702415.826639 721.999146 46 2.502094 13.283220 -8701035.271589 31197973.811992 27062976.645335 76 325
199538 35962056.731766 187702415.826639 721.168518 46 2.502070 13.283058 -8701554.621158 31198872.501100 27061729.003538 76 324
199539 35961918.229388 187702415.826639 721.051270 46 2.502046 13.282897 -8702073.839792 31199771.266461 27060481.218270 76 324
199546 35960949.960431 187702415.826639 721.611755 46 2.501878 13.281767 -8705704.703072 31206064.757402 27051742.704809 76 324
199547 35960811.091598 187702415.826639 721.981445 46 2.501853 13.281606 -8706222.873819 31206964.132088 27050493.772004 76 324
199548 35960672.362367 187702415.826639 721.675415 46 2.501829 13.281444 -8706740.913530 31207863.582852 27049244.695787 76 324
199549 35960533.921065 187702415.826639 720.526978 46 2.501804 13.281282 -8707258.822192 31208763.109674 27047995.476163 76 324
199556 35959567.222628 187702415.826639 717.815918 46 2.501638 13.280151 -8710880.512542 31215061.925394 27039246.923988 76 324
199557 35959429.104154 187702415.826639 719.642395 46 2.501614 13.279990 -8711397.372422 31215962.059984 27037996.557337 76 324
199558 35959290.584326 187702416.326639 720.938171 46 2.501590 13.279829 -8711914.101156 31216862.270458 27036746.047334 76 324
199559 35959152.125573 187702416.326639 720.703674 46 2.501566 13.279667 -8712430.698730 31217762.556797 27035495.393987 76 324
199560 35959013.919849 187702416.326639 719.283936 46 2.501542 13.279506 -8712947.165133 31218662.918980 27034244.597304 76 324
199566 35958185.994268 187702416.326639 720.417603 46 2.501399 13.278537 -8716043.208334 31224066.683688 27026736.807527 76 324
199567 35958047.771093 187702416.326639 719.776001 46 2.501375 13.278375 -8716558.756234 31224967.576239 27025485.007659 76 324
199568 35957909.643895 187702416.326639 719.901733 46 2.501351 13.278214 -8717074.172875 31225868.544479 27024233.064505 76 324
199569 35957771.481796 187702416.326639 719.661377 47 2.501327 13.278051 -8717589.458245 31226769.588389 27022980.978071 76 324
199570 35957633.406948 187702416.326639 718.963318 47 2.501303 13.277890 -8718104.612333 31227670.707948 27021728.748362 76 324
199579 35956392.757542 187702416.326639 718.850525 46 2.501093 13.276436 -8722735.089601 31235784.184984 27010452.234760 76 324
199580 35956254.926998 187702416.326639 718.990540 46 2.501069 13.276275 -8723248.930262 31236686.059973 27009198.572662 76 324
199581 35956117.140078 187702416.326639 717.780029 46 2.501045 13.276114 -8723762.639520 31237588.010397 27007944.767359 76 324
199582 35955979.370609 187702416.326639 718.039856 46 2.501022 13.275951 -8724276.217362 31238490.036238 27006690.818859 76 324
199583 35955841.295761 187702416.326639 719.231018 46 2.500998 13.275790 -8724789.663780 31239392.137476 27005436.727166 76 324
199591 35954738.991682 187702416.326639 717.785400 46 2.500812 13.274497 -8728892.502432 31246611.659289 26995398.839552 76 324
199592 35954600.943010 187702416.326639 717.703857 46 2.500789 13.274335 -8729404.765518 31247514.438222 26994143.459422 76 324
199593 35954462.920512 187702416.326639 718.427490 45 2.500766 13.274174 -8729916.897067 31248417.292356 26992887.936165 76 324
199594 35954325.247019 187702416.326639 716.652161 45 2.500742 13.274013 -8730428.897068 31249320.221672 26991632.269787 76 324
199595 35954187.765479 187702416.326639 715.737366 46 2.500719 13.273850 -8730940.765510 31250223.226150 26990376.460295 76 324
199596 35954050.231588 187702416.326639 715.827332 46 2.500696 13.273688 -8731452.502382 31251126.305771 26989120.507695 76 324
199597 35953912.723872 187702416.326639 715.737671 46 2.500673 13.273527 -8731964.107673 31252029.460516 26987864.411992 76 324
199604 35952949.340976 187702416.326639 715.574097 46 2.500512 13.272395 -8735541.659506 31258353.645527 26979067.735783 76 324
199605 35952811.684934 187702416.326639 717.320862 46 2.500489 13.272234 -8736052.211754 31259257.400560 26977810.495490 76 324
199606 35952673.819488 187702416.326639 718.341675 46 2.500465 13.272072 -8736562.632323 31260161.230542 26976553.112150 76 324
199607 35952536.137270 187702416.326639 717.748108 46 2.500442 13.271911 -8737072.921200 31261065.135452 26975295.585773 76 324
199608 35952398.420152 187702416.326639 717.455078 46 2.500419 13.271749 -8737583.078375 31261969.115271 26974037.916364 76 324
199613 35951574.150392 187702416.326639 715.188293 46 2.500278 13.270779 -8740641.255041 31267394.566141 26966488.896641 76 324
199616 35951298.977908 187702416.326639 717.693848 46 2.500231 13.270455 -8741659.593155 31269203.648164 26963971.412746 76 324
199617 35951161.356766 187702416.326639 716.852905 46 2.500208 13.270294 -8742168.564516 31270108.301285 26962712.456334 76 324
199618 35951023.482596 187702416.326639 717.281982 46 2.500184 13.270132 -8742677.404065 31271013.029121 26961453.356951 76 324
199619 35950885.564800 187702416.326639 717.089783 46 2.500161 13.269971 -8743186.111791 31271917.831650 26960194.114606 76 324
199627 35949786.244708 187702416.326639 715.995544 46 2.499970 13.268677 -8747251.026628 31279158.938481 26950115.030044 76 324
199628 35949648.597390 187702416.326639 716.624634 46 2.499946 13.268516 -8747758.547453 31280064.412377 26948854.501329 76 324
199629 35949510.906447 187702416.326639 716.700134 46 2.499922 13.268353 -8748265.936345 31280969.960771 26947593.829715 76 324
199630 35949373.564509 187702416.326639 715.258362 46 2.499898 13.268191 -8748773.193292 31281875.583643 26946333.015211 76 324
199631 35949236.135319 187702416.326639 716.056335 46 2.499874 13.268030 -8749280.318285 31282781.280975 26945072.057822 76 324
199638 35948275.492107 187702416.326639 716.116943 46 2.499706 13.266898 -8752826.497567 31289123.245476 26936241.355893 76 324
199639 35948137.923315 187702416.326639 715.852478 46 2.499683 13.266736 -8753332.566529 31290029.537778 26934979.255649 76 324
199640 35948000.406875 187702416.326639 715.612793 46 2.499659 13.266574 -8753838.503439 31290935.904363 26933717.012578 76 324
199641 35947863.143462 187702416.326639 714.049927 46 2.499635 13.266413 -8754344.308284 31291842.345211 26932454.626686 76 324
199642 35947726.063276 187702416.326639 713.328735 46 2.499612 13.266251 -8754849.981054 31292748.860303 26931192.097981 76 324
199649 35946765.201937 187702416.326639 713.073181 46 2.499447 13.265119 -8758385.991413 31299096.543098 26922350.398800 76 324
199650 35946628.453306 187702416.326639 712.643738 46 2.499424 13.264956 -8758890.607190 31300003.651436 26921086.727805 76 324
199651 35946491.791925 187702416.326639 712.612122 46 2.499400 13.264794 -8759395.090795 31300910.833840 26919822.914054 76 324
199652 35946355.095645 187702416.326639 712.732605 46 2.499376 13.264633 -8759899.442215 31301818.090293 26918558.957552 76 324
199653 35946217.762431 187702416.326639 716.043640 46 2.499352 13.264471 -8760403.661442 31302725.420775 26917294.858302 76 324
199654 35946080.699696 187702415.826639 714.771179 46 2.499077 13.264310 -8760907.748463 31303632.825266 26916030.616316 76 324
199659 35945395.508171 187702415.826639 714.159241 46 2.499021 13.263501 -8763426.200082 31308170.957132 26909707.265583 76 324
199660 35945258.628663 187702415.826639 712.830200 46 2.499000 13.263339 -8763929.493640 31309078.805263 26908442.167303 76 324
199661 35945121.818956 187702415.826639 712.380371 46 2.498978 13.263177 -8764432.654917 31309986.727266 26907176.926330 76 324
199662 35944985.166301 187702415.826639 712.079651 46 2.498957 13.263015 -8764935.683900 31310894.723120 26905911.542671 76 324
199663 35944848.522371 187702415.826639 712.367065 46 2.498936 13.262854 -8765438.580580 31311802.792806 26904646.016331 76 324
199664 35944711.424735 187702415.826639 714.316956 46 2.498915 13.262691 -8765941.344946 31312710.936307 26903380.347316 76 324
199671 35943751.627859 187702415.826639 713.402832 46 2.498771 13.261559 -8769456.989779 31319070.005882 26894516.669923 76 324
199672 35943614.765802 187702416.326639 713.102417 46 2.498751 13.261397 -8769958.695240 31319978.739176 26893249.859747 76 324
199673 35943477.615815 187702416.326639 714.152405 46 2.498731 13.261235 -8770460.268289 31320887.546107 26891982.906955 76 324
199674 35943340.692682 187702416.326639 713.127258 46 2.498710 13.261073 -8770961.708915 31321796.426654 26890715.811553 76 324
199675 35943204.048752 187702416.326639 711.782715 46 2.498690 13.260911 -8771463.017108 31322705.380797 26889448.573549 76 324
199682 35942246.319726 187702416.326639 713.329041 46 2.498544 13.259778 -8774968.465389 31329070.118823 26880573.915214 76 324
199683 35942109.326792 187702416.326639 713.086853 46 2.498524 13.259617 -8775468.713724 31329979.661034 26879305.536614 76 324
199684 35941972.272782 187702416.326639 713.045227 46 2.498504 13.259455 -8775968.829528 31330889.276664 26878037.015468 76 324
199685 35941835.288573 187702416.326639 712.894165 46 2.498485 13.259293 -8776468.812791 31331798.965694 26876768.351784 76 324
199686 35941698.496316 187702416.326639 712.558411 46 2.498465 13.259130 -8776968.663501 31332708.728105 26875499.545567 76 324
199693 35940741.526375 187702416.326639 712.688416 46 2.498324 13.257998 -8780463.906077 31339079.117945 26866613.911732 76 324
199694 35940604.960971 187702416.326639 710.945190 46 2.498304 13.257835 -8780962.695979 31339989.466691 26865343.965488 76 324
199695 35940468.561344 187702416.326639 710.096436 46 2.498283 13.257673 -8781461.353232 31340899.888640 26864073.876770 76 324
199696 35940332.091916 187702416.326639 710.083984 46 2.498262 13.257512 -8781959.877824 31341810.383774 26862803.645584 76 324
199697 35940195.718465 187702416.326639 710.138550 47 2.498242 13.257350 -8782458.269745 31342720.952071 26861533.271936 76 324
199698 35940059.379913 187702416.326639 709.900391 47 2.498222 13.257188 -8782956.528984 31343631.593513 26860262.755833 76 324
199699 35939922.875585 187702416.326639 710.479309 46 2.498202 13.257026 -8783454.655532 31344542.308080 26858992.097281 76 324
199705 35939102.078418 187702416.326639 711.555176 46 2.498080 13.256054 -8786440.627656 31350008.129974 26851365.154944 76 324
199706 35938965.696242 187702416.326639 709.878662 46 2.498059 13.255893 -8786937.825055 31350919.355863 26850093.499431 76 324
199707 35938829.444942 187702416.326639 709.040161 46 2.498038 13.255731 -8787434.889675 31351830.654720 26848821.701521 76 324
199708 35938693.176191 187702416.326639 709.243591 46 2.498017 13.255569 -8787931.821506 31352742.026525 26847549.761220 76 324
199709 35938557.073218 187702416.326639 708.933838 46 2.497996 13.255406 -8788428.620538 31353653.471256 26846277.678536 76 324
199710 35938420.717216 187702416.326639 709.778992 46 2.497974 13.255244 -8788925.286759 31354564.988897 26845005.453473 76 323
199711 35938284.020936 187702416.326639 711.725281 45 2.497953 13.255083 -8789421.820159 31355476.579428 26843733.086038 76 323
199717 35937465.265445 187702416.326639 709.971924 46 2.497827 13.254111 -8792398.230692 31360947.652130 26836095.892040 76 323
199718 35937329.179922 187702416.326639 708.810120 46 2.497806 13.253949 -8792893.834042 31361859.752327 26834822.528188 76 323
199719 35937193.138024 187702416.326639 708.538940 46 2.497784 13.253787 -8793389.304486 31362771.925255 26833549.022016 76 323
199720 35937057.131027 187702416.326639 708.401367 46 2.497763 13.253625 -8793884.642011 31363684.170895 26832275.373531 76 323
199721 35936920.879727 187702416.326639 709.746277 46 2.497742 13.253463 -8794379.846609 31364596.489226 26831001.582739 76 323
199722 35936784.331773 187702416.326639 711.287842 46 2.497720 13.253302 -8794874.918268 31365508.880230 26829727.649644 76 323
199730 35935694.103244 187702416.326639 710.609558 47 2.497546 13.252006 -8798830.704431 31372810.622042 26819531.062914 76 323
199731 35935557.668717 187702416.326639 710.318115 46 2.497524 13.251843 -8799324.579158 31373723.666205 26818255.849408 76 323
199732 35935421.303991 187702416.326639 710.095093 46 2.497502 13.251681 -8799818.320840 31374636.782842 26816980.493667 76 323
199733 35935284.939264 187702416.326639 709.726990 46 2.497481 13.251519 -8800311.929464 31375549.971935 26815704.995698 76 323
199734 35935148.574537 187702416.326639 709.735046 46 2.497459 13.251357 -8800805.405022 31376463.233462 26814429.355505 76 323
199736 35934740.797849 187702416.326639 707.953674 46 2.497393 13.250872 -8802285.033165 31379203.452418 26810601.581710 76 323
199742 35934059.689676 187702416.326639 709.036316 46 2.497281 13.250061 -8804748.417769 31383771.930934 26804219.114782 76 323
199743 35933923.298774 187702416.326639 709.598999 46 2.497259 13.249899 -8805240.695244 31384685.843489 26802942.194877 76 323
199744 35933786.968948 187702415.826639 709.251465 46 2.497237 13.249738 -8805732.839546 31385599.828282 26801665.132814 76 323
199745 35933650.831074 187702415.826639 708.542480 46 2.497214 13.249576 -8806224.850663 31386513.885292 26800387.928600 76 323
199746 35933514.806627 187702415.826639 707.933960 46 2.497191 13.249413 -8806716.728585 31387428.014499 26799110.582242 76 323
199754 35932427.527185 187702415.826639 708.917114 46 2.497005 13.248116 -8810646.955659 31394743.644888 26788886.694991 76 323
199755 35932291.502738 187702415.826639 708.623230 46 2.496982 13.247954 -8811137.634352 31395658.422990 26787608.069621 76 323
199756 35932155.478290 187702415.826639 708.826599 46 2.496960 13.247792 -8811628.179743 31396573.273093 26786329.302170 76 323
199757 35932019.366592 187702415.826639 708.528198 46 2.496937 13.247630 -8812118.591824 31397488.195177 26785050.392646 76 323
199758 35931883.315969 187702415.826639 708.120850 46 2.496914 13.247468 -8812608.870582 31398403.189222 26783771.341055 76 323
199759 35931747.596901 187702415.826639 706.773987 46 2.496892 13.247307 -8813099.016008 31399318.255207 26782492.147404 76 323
199765 35930932.479780 187702415.826639 708.275146 46 2.496755 13.246334 -8816037.087967 31404810.160744 26774814.002639 76 323
199766 35930796.865413 187702415.826639 706.442566 46 2.496733 13.246172 -8816526.299768 31405725.729764 26773533.814747 76 323
199767 35930661.312121 187702415.826639 706.047913 46 2.496711 13.246010 -8817015.378153 31406641.370566 26772253.484847 76 323
199768 35930525.863531 187702415.826639 705.923889 46 2.496689 13.245848 -8817504.323109 31407557.083132 26770973.012945 76 323
199769 35930390.135738 187702415.826639 706.973877 46 2.496666 13.245686 -8817993.134628 31408472.867442 26769692.399046 76 323
199770 35930254.285793 187702415.826639 708.302917 46 2.496644 13.245523 -8818481.812698 31409388.723476 26768411.643157 76 323
199771 35930118.252620 187702415.826639 708.915588 46 2.496622 13.245361 -8818970.357309 31410304.651214 26767130.745286 76 323
199779 35929032.133618 187702416.326639 712.006897 46 2.496450 13.244064 -8822873.908378 31417634.652042 26756878.451777 76 323
199780 35928895.873593 187702415.826639 710.444458 46 2.496428 13.243902 -8823361.251382 31418551.224225 26755596.276354 76 323
199781 35928760.477353 187702415.826639 706.466614 46 2.496405 13.243740 -8823848.460819 31419467.867911 26754313.959017 76 323
199784 35928353.267797 187702415.826639 707.475586 46 2.496336 13.243254 -8825309.287623 31422218.227774 26750466.155611 76 323
199785 35928217.496378 187702415.826639 707.784058 46 2.496313 13.243092 -8825795.962698 31423135.157286 26749183.270667 76 323
199786 35928082.030338 187702415.826639 706.254456 46 2.496291 13.242929 -8826282.504155 31424052.158205 26747900.243840 76 323
199787 35927946.695174 187702415.826639 705.263550 46 2.496269 13.242767 -8826768.911984 31424969.230510 26746617.075135 76 323
199788 35927811.368736 187702415.826639 705.175049 46 2.496247 13.242605 -8827255.186175 31425886.374182 26745333.764558 76 323
199789 35927675.937596 187702415.826639 705.078857 46 2.496227 13.242443 -8827741.326718 31426803.589201 26744050.312116 76 323
199790 35927540.523906 187702415.826639 705.078552 46 2.496207 13.242281 -8828227.333601 31427720.875548 26742766.717814 76 323
199791 35927404.874638 187702415.826639 706.479492 46 2.496187 13.242119 -8828713.206815 31428638.233204 26741482.981659 76 323
199792 35927269.251546 187702415.826639 706.286743 46 2.496165 13.241957 -8829198.946349 31429555.662147 26740199.103659 76 323
199793 35927133.541203 187702415.826639 706.621277 46 2.496144 13.241795 -8829684.552192 31430473.162359 26738915.083818 76 323
199794 35926997.848310 187702415.826639 706.599121 46 2.496122 13.241632 -8830170.024335 31431390.733819 26737630.922145 76 323
199795 35926862.408445 187702415.826639 705.496094 46 2.496100 13.241356 -8830655.362765 31432308.376506 26736346.618647 76 323
199803 35925778.767373 187702415.826639 707.004944 45 2.495921 13.240058 -8834533.255314 31439652.079813 26726067.085747 77 323
199804 35925643.013404 187702415.826639 706.322021 46 2.495899 13.239896 -8835017.389870 31440570.362664 26724781.506105 77 323
199805 35925507.303061 187702415.826639 706.069702 46 2.495878 13.239734 -8835501.390609 31441488.716546 26723495.784701 77 323
199806 35925371.932997 187702415.826639 704.361450 46 2.495856 13.239572 -8835985.257521 31442407.141436 26722209.921545 77 323
199807 35925236.632734 187702415.826639 704.154968 46 2.495834 13.239409 -8836468.990595 31443325.637316 26720923.916641 77 323
199817 35923883.158945 187702415.826639 703.944702 46 2.495610 13.237786 -8841298.957985 31452514.496186 26708056.072949 77 323
199818 35923748.146611 187702415.826639 703.129700 46 2.495588 13.237624 -8841781.218162 31453433.771649 26706768.509250 77 323
199819 35923612.776547 187702415.826639 705.028503 46 2.495564 13.237462 -8842263.344378 31454353.117864 26705480.803880 77 323
199820 35923477.572259 187702415.826639 704.473755 46 2.495542 13.237300 -8842745.336620 31455272.534812 26704192.956848 77 323
199821 35923342.158570 187702415.826639 705.069458 46 2.495518 13.237138 -8843227.194880 31456192.022472 26702904.968159 77 323
199822 35923206.945558 187702415.826639 704.115051 46 2.495496 13.236976 -8843708.919146 31457111.580824 26701616.837820 77 323
199823 35923071.715095 187702415.826639 703.544739 46 2.495473 13.236814 -8844190.509409 31458031.209849 26700328.565838 77 323
199832 35921855.958425 187702415.826639 703.943237 46 2.495265 13.235353 -8848518.789861 31466311.048016 26688727.745185 77 323
199833 35921720.474935 187702415.826639 705.223206 46 2.495242 13.235190 -8848999.039514 31467231.382673 26687438.057128 77 323
199834 35921585.165946 187702415.826639 704.733276 46 2.495219 13.235028 -8849479.155048 31468151.787784 26686148.227501 77 323
199835 35921449.848233 187702415.826639 704.779114 46 2.495196 13.234866 -8849959.136454 31469072.263329 26684858.256309 77 323
199845 35920101.033653 187702415.826639 703.280640 46 2.494969 13.233243 -8854751.571150 31478280.888217 26671950.759839 77 323
199846 35919965.864266 187702415.826639 703.855713 46 2.494947 13.233081 -8855230.076460 31479202.137222 26670659.231868 77 323
199847 35919830.974083 187702415.826639 703.256592 46 2.494925 13.232919 -8855708.447517 31480123.456421 26669367.562412 77 323
199848 35919696.118800 187702415.826639 703.160339 46 2.494901 13.232757 -8856186.684311 31481044.845794 26668075.751477 77 323
199849 35919561.106466 187702415.826639 703.437378 46 2.494879 13.232594 -8856664.786832 31481966.305324 26666783.799068 77 323
199850 35919426.198832 187702415.826639 702.874695 46 2.494857 13.232431 -8857142.755070 31482887.834989 26665491.705194 77 323
199857 35918483.913250 187702415.826639 702.119263 46 2.494701 13.231296 -8860484.771905 31489340.504718 26656443.087622 77 323
199858 35918348.979441 187702415.826639 703.249390 46 2.494679 13.231133 -8860961.665503 31490262.594749 26655149.862253 77 323
199859 35918214.036907 187702415.826639 702.909973 46 2.494656 13.230970 -8861438.424725 31491184.754736 26653856.495476 77 323
199859 35918078.998397 187702415.826639 702.792175 46 2.494656 13.230970 -8861438.424725 31491184.754736 26653856.495476 77 323
199868 35917002.084385 187702415.826639 702.075684 46 2.494449 13.229509 -8865723.209069 31499487.339313 26642209.832303 77 322
199869 35916867.098226 187702415.826639 702.350220 46 2.494425 13.229347 -8866198.623962 31500410.197765 26640915.051816 77 322
199870 35916732.251668 187702415.826639 702.549133 46 2.494401 13.229185 -8866673.904366 31501333.125953 26639620.129993 77 322
199871 35916597.352760 187702415.826639 702.525391 46 2.494377 13.229023 -8867149.050270 31502256.123858 26638325.066842 77 322
199872 35916462.619629 187702415.826639 701.912598 46 2.494354 13.228860 -8867624.061665 31503179.191460 26637029.862371 77 322
199880 35915387.712391 187702415.826639 701.515259 47 2.494169 13.227561 -8871419.309210 31510566.238923 26626663.139864 77 322
199881 35915253.118862 187702415.826639 701.200928 47 2.494146 13.227399 -8871893.109555 31511489.932899 26625366.663793 77 322
199882 35915118.394456 187702415.826639 701.517883 46 2.494124 13.227237 -8872366.775287 31512413.696372 26624070.046466 77 322
199883 35914983.818376 187702415.826639 700.760071 46 2.494101 13.227074 -8872840.306396 31513337.529322 26622773.287890 77 322
199884 35914849.059070 187702415.826639 701.268677 46 2.494078 13.226912 -8873313.702873 31514261.431730 26621476.388070 77 322
199895 35913371.732361 187702415.826639 697.958740 45 2.493827 13.225125 -8878512.175412 31524428.936647 26607201.169993 77 322
199896 35913237.356959 187702415.826639 699.296448 45 2.493805 13.224962 -8878983.955499 31525353.670986 26605902.575777 77 322
199897 35913102.632553 187702415.826639 701.547363 46 2.493782 13.224800 -8879455.600822 31526278.474523 26604603.840402 77 322
199898 35912967.864522 187702415.826639 701.376892 46 2.493760 13.224638 -8879927.111369 31527203.347237 26603304.963877 77 322
199899 35912833.017964 187702415.826639 701.671021 46 2.493738 13.224475 -8880398.487131 31528128.289110 26602005.946207 77 322
199900 35912698.162682 187702415.826639 701.577576 46 2.493715 13.224313 -8880869.728096 31529053.300121 26600706.787401 77 322
199908 35911623.735325 187702415.826639 700.663269 46 2.493540 13.223013 -8884634.801924 31536455.874717 26590308.436872 77 322
199909 35911489.508250 187702415.826639 698.740112 46 2.493519 13.222851 -8885104.829268 31537381.507066 26589008.008130 77 322
199910 35911355.246275 187702415.826639 698.829224 46 2.493497 13.222689 -8885574.721715 31538307.208353 26587707.438318 77 322
199911 35911220.809798 187702415.826639 699.844543 46 2.493476 13.222526 -8886044.479254 31539232.978558 26586406.727441 77 322
199912 35911086.416946 187702415.826639 699.575256 46 2.493454 13.222363 -8886514.101876 31540158.817660 26585105.875505 77 322
199913 35910952.172421 187702415.826639 698.984924 46 2.493432 13.222201 -8886983.589569 31541084.725640 26583804.882520 77 322
199920 35910012.809749 187702415.826639 698.220581 46 2.493278 13.221064 -8890266.224572 31547568.008359 26574693.982791 77 322
199921 35909878.608850 187702415.826639 699.401611 46 2.493256 13.220901 -8890734.632477 31548494.466641 26573391.861633 77 322
199922 35909744.460301 187702415.826639 699.007996 46 2.493233 13.220738 -8891202.905363 31549420.993620 26572089.599484 77 322
199923 35909610.102349 187702415.826639 699.763794 46 2.493212 13.220576 -8891671.043221 31550347.589277 26570787.196349 77 322
199924 35909475.788024 187702415.826639 699.177490 46 2.493190 13.220413 -8892139.046039 31551274.253591 26569484.652236 77 322
199932 35908403.550669 187702415.826639 698.652893 46 2.493016 13.219113 -8895878.205938 31558690.037333 26559059.224960 77 322
199933 35908269.620248 187702415.826639 697.090759 46 2.492994 13.218951 -8896344.992948 31559617.318663 26557755.412341 77 322
199934 35908135.707277 187702415.826639 696.879639 46 2.492972 13.218788 -8896811.644818 31560544.668450 26556451.458809 77 322
199935 35908001.907733 187702415.826639 696.644226 46 2.492951 13.218626 -8897278.161538 31561472.086673 26555147.364372 77 322
199936 35907868.169264 187702415.826639 696.548462 46 2.492929 13.218463 -8897744.543097 31562399.573314 26553843.129037 77 322
199937 35907734.099241 187702415.826639 698.484619 46 2.492908 13.218301 -8898210.789486 31563327.128353 26552538.752808 77 322
199938 35907599.819816 187702415.826639 699.234497 46 2.492886 13.218139 -8898676.900695 31564254.751770 26551234.235692 77 322
199945 35906662.926350 187702415.826639 695.732849 46 2.492736 13.217000 -8901935.893240 31570750.028514 26542098.671704 77 322
199946 35906529.554336 187702415.826639 694.569031 46 2.492715 13.216838 -8902400.922643 31571678.198222 26540793.027745 77 322
199947 35906395.999095 187702415.826639 695.810364 46 2.492693 13.216676 -8902865.816774 31572606.436128 26539487.242960 77 322
199948 35906262.155925 187702415.826639 696.940491 46 2.492672 13.216513 -8903330.575626 31573534.742211 26538181.317355 77 322
199949 35906128.033551 187702415.826639 698.265259 46 2.492650 13.216351 -8903795.199187 31574463.116451 26536875.250935 77 322
199950 35905994.015879 187702415.826639 697.684937 46 2.492629 13.216187 -8904259.687446 31575391.558827 26535569.043710 77 322
199959 35904791.329422 187702415.826639 696.999268 46 2.492438 13.214725 -8908433.991562 31583750.602990 26523806.843576 77 322
199960 35904657.399001 187702415.826639 697.797180 46 2.492416 13.214561 -8908897.126260 31584679.725626 26522499.228657 77 322
199961 35904523.573281 187702415.826639 697.170410 46 2.492395 13.214399 -8909360.125547 31585608.916177 26521191.473005 77 322
199962 35904389.808637 187702415.826639 696.734558 46 2.492374 13.214236 -8909822.989413 31586538.174623 26519883.576627 77 322
199963 35904255.913116 187702415.826639 697.312195 46 2.492353 13.214074 -8910285.717849 31587467.500945 26518575.539529 77 322
199973 35902921.311738 187702415.826639 693.923645 47 2.492147 13.212448 -8914905.551268 31596764.492841 26505487.430505 77 322
199974 35902788.070601 187702415.826639 693.656067 47 2.492126 13.212285 -8915366.789301 31597694.564465 26504177.845934 77 322
199975 35902654.899264 187702415.826639 693.369690 46 2.492105 13.212123 -8915827.891783 31598624.703722 26502868.120723 77 322
199976 35902521.631951 187702415.826639 694.223755 46 2.492085 13.211960 -8916288.858705 31599554.910594 26501558.254879 77 322
199977 35902387.919658 187702415.826639 696.336853 46 2.492064 13.211798 -8916749.690056 31600485.185061 26500248.248406 77 322
199978 35902254.137563 187702415.826639 696.769226 46 2.492043 13.211635 -8917210.385827 31601415.527102 26498938.101313 77 322
199983 35901454.472610 187702415.826639 693.914063 46 2.491919 13.210659 -8919971.712681 31606998.997232 26491074.266180 77 322
199987 35901054.269317 187702415.826639 694.809570 46 2.491856 13.210171 -8921350.544973 31609791.642935 26487140.450760 77 322
199988 35900920.906028 187702415.826639 694.493774 46 2.491836 13.210009 -8921809.884390 31610722.659608 26485828.897838 77 322
199989 35900787.464213 187702415.826639 694.892456 46 2.491815 13.209846 -8922269.088117 31611653.743635 26484517.204370 77 322
199990 35900654.196900 187702415.826639 693.350525 46 2.491795 13.209683 -8922728.156145 31612584.894993 26483205.370363 77 322
199991 35900520.816161 187702415.826639 694.420044 46 2.491774 13.209520 -8923187.088462 31613516.113664 26481893.395822 77 322
199992 35900387.278369 187702415.826639 694.741882 46 2.491754 13.209357 -8923645.885061 31614447.399628 26480581.280754 77 322
199999 35899454.031999 187702415.826639 695.281250 46 2.491611 13.208220 -8926853.660248 31620968.283829 26471392.541160 77 322
200000 35899320.572734 187702415.826639 694.700012 46 2.491590 13.208056 -8927311.370733 31621900.107407 26470079.302122 77 322
200001 35899187.017493 187702415.826639 695.132446 46 2.491570 13.207893 -8927768.945409 31622831.998095 26468765.922618 77 322
200002 35899053.558227 187702415.826639 694.859802 46 2.491549 13.207731 -8928226.384267 31623763.955875 26467452.402654 77 322
200003 35898920.160038 187702415.826639 694.348267 46 2.491529 13.207568 -8928683.687296 31624695.980725 26466138.742238 77 322
200011 35897855.243050 187702416.326639 692.011902 46 2.491365 13.206266 -8932337.220499 31632154.591616 26455624.403466 77 322
200012 35897722.106614 187702416.326639 693.304504 46 2.491344 13.206104 -8932793.300628 31633087.219196 26454309.479275 77 322
200013 35897588.725875 187702416.326639 694.388489 46 2.491324 13.205941 -8933249.244830 31634019.913647 26452994.414698 77 321
200014 35897455.423661 187702416.326639 693.927429 46 2.491303 13.205778 -8933705.053095 31634952.674946 26451679.209742 77 321
200015 35897322.121448 187702416.326639 693.758850 46 2.491283 13.205616 -8934160.725414 31635885.503074 26450363.864413 77 321
200016 35897188.897761 187702416.326639 693.537598 46 2.491262 13.205453 -8934616.261775 31636818.398011 26449048.378718 77 321
200023 35896258.408525 187702416.326639 690.993469 46 2.491117 13.204314 -8937801.208678 31643350.531479 26439836.049231 77 321
200024 35896125.368065 187702416.326639 692.749634 46 2.491096 13.204151 -8938255.657033 31644283.960160 26438519.440851 77 321
200025 35895992.048402 187702416.326639 694.043884 46 2.491076 13.203989 -8938709.969343 31645217.455469 26437202.692164 77 321
200026 35895858.746188 187702416.326639 693.739685 46 2.491055 13.203826 -8939164.145599 31646151.017385 26435885.803178 77 321
200027 35895725.452700 187702416.326639 693.770203 46 2.491035 13.203663 -8939618.185790 31647084.645888 26434568.773899 77 321
200036 35894529.833581 187702416.326639 693.090271 46 2.490845 13.202199 -8943698.422966 31655490.295451 26422709.198417 77 321
200037 35894396.766946 187702416.326639 692.589539 46 2.490824 13.202036 -8944151.101972 31656424.588713 26421390.766585 77 321
200038 35894263.752661 187702416.326639 692.299255 46 2.490802 13.201873 -8944603.644806 31657358.948340 26420072.194536 77 321
200039 35894130.816903 187702416.326639 691.956665 46 2.490781 13.201711 -8945056.051458 31658293.374311 26418753.482275 77 321
200047 35893069.651712 187702416.326639 692.117615 46 2.490608 13.200408 -8948670.400929 31665771.168023 26408198.737429 77 321
200048 35892936.637427 187702416.326639 692.056641 46 2.490586 13.200246 -8949121.581504 31666706.190188 26406878.763563 77 321
200049 35892803.884895 187702416.326639 690.822021 46 2.490564 13.200083 -8949572.625798 31667641.278494 26405558.649554 77 321
200050 35892671.027663 187702415.826639 691.685547 46 2.490542 13.199920 -8950023.533804 31668576.432924 26404238.395407 77 321
200051 35892538.423458 187702415.826639 690.481506 46 2.490520 13.199758 -8950474.305510 31669511.653455 26402918.001130 77 321
200052 35892405.740728 187702415.826639 690.822205 46 2.490498 13.199594 -8950924.940908 31670446.940068 26401597.466728 77 321
200059 35891477.598546 187702415.826639 691.675476 46 2.490347 13.198455 -8954075.571210 31676995.794922 26392349.803045 77 321
200060 35891344.793664 187702415.826639 690.658081 46 2.490326 13.198292 -8954525.115788 31677931.609464 26391028.147889 77 321
200061 35891212.285436 187702415.826639 689.385986 46 2.490305 13.198129 -8954974.523969 31678867.489906 26389706.352669 77 321
200062 35891079.916809 187702415.826639 688.991394 45 2.490283 13.197967 -8955423.795743 31679803.436226 26388384.417394 77 321
200063 35890947.670334 187702415.826639 688.360840 45 2.490262 13.197803 -8955872.931102 31680739.448406 26387062.342068 77 321
200068 35890284.134530 187702415.826639 691.371033 46 2.490156 13.196989 -8958116.561310 31685420.496463 26380449.864957 77 321
200069 35890151.390723 187702415.826639 690.708008 46 2.490134 13.196826 -8958564.877972 31686356.903377 26379126.949468 77 321
200070 35890018.803969 187702415.826639 690.282410 46 2.490113 13.196664 -8959013.058151 31687293.376009 26377803.893975 77 321
200071 35889886.557494 187702415.826639 688.814148 46 2.490092 13.196501 -8959461.101836 31688229.914337 26376480.698488 77 321
200078 35888961.059021 187702415.826639 688.861145 46 2.489942 13.195361 -8962593.584994 31694787.520434 26367214.410787 77 321
200079 35888828.672944 187702415.826639 689.187012 46 2.489920 13.195198 -8963040.536386 31695724.583616 26365890.095568 77 321
200080 35888696.269417 187702415.826639 689.626953 46 2.489899 13.195035 -8963487.351199 31696661.712313 26364565.640414 77 321
200081 35888563.813539 187702415.826639 689.750732 46 2.489877 13.194872 -8963934.029421 31697598.906505 26363241.045329 77 321
200082 35888431.741566 187702415.826639 688.082397 45 2.489856 13.194710 -8964380.571044 31698536.166171 26361916.310324 77 321
200091 35887242.788430 187702415.826639 689.230286 46 2.489668 13.193243 -8968393.297070 31706974.446163 26349987.399929 77 321
200092 35887110.358728 187702415.826639 689.158936 46 2.489647 13.193081 -8968838.472169 31707912.359466 26348661.266068 77 321
200093 35886977.990101 187702415.826639 688.807190 46 2.489627 13.192918 -8969283.510564 31708850.338020 26347334.992359 77 321
200094 35886845.534224 187702415.826639 689.302124 46 2.489607 13.192755 -8969728.412243 31709788.381806 26346008.578809 77 321
200102 35885789.167842 187702415.826639 686.433411 46 2.489445 13.191452 -8973282.702771 31717295.077962 26335392.236985 77 321
200103 35885657.471049 187702415.826639 685.967712 45 2.489424 13.191289 -8973726.373583 31718233.707920 26334064.565169 77 321
200104 35885525.713180 187702415.826639 685.925293 46 2.489404 13.191126 -8974169.907585 31719172.402906 26332736.753578 77 321
200105 35885393.981486 187702415.826639 685.844971 46 2.489383 13.190963 -8974613.304767 31720111.162902 26331408.802219 77 321
200106 35885261.769912 187702415.826639 688.220398 46 2.489363 13.190801 -8975056.565119 31721049.987887 26330080.711099 77 321
200106 35885129.366385 187702415.826639 688.958862 46 2.489363 13.190801 -8975056.565119 31721049.987887 26330080.711099 77 321
200108 35884996.910507 187702415.826639 689.885620 46 2.489322 13.190475 -8975942.675296 31722927.832742 26327424.109601 77 321
200117 35883810.845382 187702415.826639 687.028625 45 2.489134 13.189009 -8979923.395461 31731381.346103 26315462.486583 77 321
200118 35883678.721059 187702415.826639 687.788330 45 2.489113 13.188846 -8980365.013109 31732320.949365 26314132.718865 77 321
200119 35883546.666536 187702415.826639 686.978149 45 2.489091 13.188683 -8980806.493802 31733260.617352 26312802.811476 77 321
