199376 22720184.142720 118828367.146219 1186.350220 45 3.249922 16.353519 3066983.511372 17112448.696718 21893616.519089 48 320
199377 22719956.539530 118828367.146219 1185.429688 45 3.249782 16.352737 3064687.726565 17111495.882936 21894685.366117 48 320
199378 22719729.232994 118828366.646219 1183.864746 45 3.249642 16.351954 3062391.763210 17110543.182886 21895753.813732 48 320
199379 22719502.013709 118828366.646219 1183.449707 45 3.249503 16.351171 3060095.621350 17109590.596606 21896821.861915 48 320
199380 22719274.811874 118828366.646219 1183.473267 45 3.249364 16.350389 3057799.301031 17108638.124133 21897889.510647 48 320
199381 22719047.418086 118828366.646219 1183.832153 45 3.249225 16.349607 3055502.802298 17107685.765506 21898956.759910 48 320
199382 22718819.867247 118828366.646219 1184.759644 45 3.249086 16.348824 3053206.125197 17106733.520763 21900023.609684 48 320
199386 22717908.145721 118828366.646219 1185.923828 45 3.248531 16.345589 3044017.634134 17102925.681437 21904287.013461 48 320
199387 22717680.577431 118828366.646219 1185.240234 46 3.248391 16.344807 3041720.065897 17101974.006692 21905351.865497 48 320
199388 22717452.869540 118828366.646219 1185.799316 46 3.248252 16.344025 3039422.319570 17101022.446062 21906416.317928 48 320
199389 22717225.353601 118828366.646219 1184.411621 46 3.248112 16.343243 3037124.395202 17100070.999586 21907480.370733 48 320
199395 22715860.737849 118828366.646219 1184.864624 45 3.247274 16.338448 3023333.112802 17094364.720127 21913856.294319 48 320
199396 22715633.344061 118828366.646219 1183.897095 45 3.247135 16.337666 3021033.943440 17093414.073796 21914917.549209 48 320
199397 22715406.133501 118828366.646219 1182.717651 45 3.246995 16.336884 3018734.596408 17092463.541925 21915978.404319 48 320
199398 22715178.940391 118828366.646219 1182.801392 45 3.246856 16.335997 3016435.071752 17091513.124552 21917038.859631 48 320
199402 22714267.943049 118828366.646219 1185.692383 45 3.246298 16.332872 3007235.197881 17087712.600832 21921276.682476 48 320
199404 22713812.806470 118828366.646219 1184.895630 45 3.246017 16.331312 3002634.196365 17085813.026937 21923393.194627 48 320
199405 22713585.203280 118828366.646219 1184.644531 45 3.245878 16.330423 3000333.429635 17084863.412118 21924450.850812 48 320
199406 22713357.678616 118828366.646219 1184.233765 45 3.245738 16.329643 2998032.485652 17083913.912103 21925508.107045 48 320
199407 22713130.468056 118828366.646219 1182.408203 45 3.245599 16.328863 2995731.364465 17082964.526931 21926564.963306 48 320
199413 22711767.719477 118828366.646219 1184.411255 46 3.244761 16.324076 2981920.918707 17077270.629754 21932897.700353 48 320
199414 22711540.604893 118828366.646219 1182.507568 46 3.244620 16.323296 2979618.558379 17076322.049544 21933951.756277 48 320
199415 22711313.481584 118828366.646219 1182.876343 45 3.244481 16.322515 2977316.021216 17075373.584481 21935005.412076 48 320
199416 22711086.244849 118828366.646219 1183.470825 45 3.244341 16.321737 2975013.307266 17074425.234603 21936058.667732 48 320
199417 22710859.156440 118828366.646219 1183.105591 45 3.244202 16.320957 2972710.416575 17073476.999949 21937111.523224 48 320
199418 22710632.225083 118828366.646219 1182.220093 45 3.244063 16.320179 2970407.349191 17072528.880557 21938163.978533 48 320
199426 22708817.158135 118828366.646219 1182.529175 45 3.242954 16.313839 2951976.454802 17064948.079438 21946569.212126 48 320
199427 22708590.165703 118828366.646219 1182.518188 45 3.242815 16.312952 2949671.799265 17064000.999112 21947618.064939 48 320
199428 22708363.173271 118828366.646219 1182.956543 45 3.242677 16.312174 2947366.967500 17063054.034427 21948666.517380 48 320
199429 22708136.215739 118828366.646219 1182.131348 45 3.242539 16.311394 2945061.959553 17062107.185423 21949714.569428 48 320
199430 22707909.136055 118828366.646219 1182.525513 45 3.242401 16.310616 2942756.775471 17061160.452137 21950762.221067 48 320
199437 22706322.213254 118828366.646219 1182.553345 46 3.241436 16.305061 2926615.559147 17054536.562470 21958084.569389 48 320
199438 22706095.604727 118828366.646219 1180.437622 46 3.241298 16.304285 2924308.967670 17053590.756297 21959129.017055 48 320
199439 22705869.083450 118828366.646219 1179.785156 46 3.241160 16.303507 2922002.200479 17052645.066183 21960173.064140 48 320
199440 22705642.597074 118828366.646219 1179.826782 45 3.241022 16.302729 2919695.257621 17051699.492166 21961216.710625 48 320
199441 22705416.084523 118828366.646219 1179.611816 45 3.240885 16.301844 2917388.139142 17050754.034285 21962259.956489 48 320
199442 22705189.249142 118828366.646219 1181.518188 45 3.240748 16.301065 2915080.845086 17049808.692577 21963302.801717 48 320
199446 22704281.602242 118828366.646219 1181.473389 46 3.240198 16.297958 2905849.914141 17046028.488269 21967470.175826 48 320
199447 22704055.072240 118828366.646219 1179.709961 46 3.240061 16.297180 2903541.742918 17045083.727997 21968511.017576 48 320
199448 22703828.830167 118828366.646219 1179.078003 45 3.239923 16.296295 2901233.396404 17044139.084126 21969551.458574 48 320
199449 22703602.352516 118828366.646219 1179.089111 45 3.239786 16.295517 2898924.874641 17043194.556693 21970591.498802 48 320
199450 22703375.857415 118828366.646219 1178.905518 45 3.239648 16.294741 2896616.177678 17042250.145736 21971631.138240 48 320
199451 22703148.803907 118828366.646219 1181.503662 45 3.239510 16.293964 2894307.305558 17041305.851291 21972670.376872 48 320
199456 22702014.914934 118828366.646219 1180.739868 45 3.238820 16.289974 2882760.319403 17036586.128143 21977860.557198 48 320
199457 22701788.358757 118828366.646219 1179.820923 45 3.238682 16.289198 2880450.397352 17035642.533578 21978897.390581 48 320
199458 22701561.985807 118828366.646219 1178.553955 46 3.238544 16.288422 2878140.300479 17034699.055793 21979933.823023 48 320
199459 22701335.604132 118828366.646219 1178.618042 46 3.238406 16.287645 2875830.028827 17033755.694824 21980969.854506 48 320
199460 22701109.205007 118828366.646219 1178.581421 46 3.238268 16.286871 2873519.582444 17032812.450709 21982005.485011 48 320
199465 22699975.281134 118828366.646219 1181.043945 45 3.237581 16.282885 2861964.731279 17028097.984298 21987177.622176 48 320
199466 22699748.707506 118828366.646219 1179.714355 45 3.237444 16.282108 2859653.237493 17027155.442099 21988210.846419 48 320
199467 22699522.011728 118828366.646219 1180.312378 45 3.237307 16.281334 2857341.569304 17026213.017019 21989243.669553 48 320
199468 22699295.246148 118828366.646219 1180.282837 45 3.237170 16.280558 2855029.726759 17025270.709094 21990276.091559 48 320
199469 22699068.855748 118828366.646219 1178.465576 45 3.237033 16.279783 2852717.709908 17024328.518364 21991308.112418 48 320
199475 22697710.399923 118828367.146219 1179.974487 45 3.236210 16.275024 2838841.951040 17018677.837193 21997491.812394 48 321
199476 22697483.878646 118828367.146219 1178.993408 45 3.236072 16.274250 2836528.715344 17017736.467872 21998521.024700 48 321
199477 22697257.688924 118828367.146219 1177.639160 45 3.235935 16.273365 2834215.305718 17016795.216046 21999549.835709 48 321
199478 22697031.534102 118828367.146219 1177.438477 45 3.235798 16.272593 2831901.722206 17015854.081752 22000578.245402 48 321
199479 22696805.422906 118828367.146219 1177.218140 45 3.235661 16.271818 2829587.964856 17014913.065029 22001606.253762 48 321
199484 22695673.340030 118828367.146219 1178.090820 45 3.234975 16.267838 2818016.572255 17010209.746305 22006740.274863 48 321
199485 22695447.359710 118828367.146219 1177.202515 45 3.234839 16.267063 2815701.772864 17009269.435790 22007765.874828 48 321
199486 22695221.553893 118828367.146219 1176.981689 45 3.234702 16.266291 2813386.799966 17008329.243108 22008791.073327 48 321
199487 22694995.686999 118828367.146219 1176.924805 45 3.234565 16.265516 2811071.653605 17007389.168296 22009815.870343 48 321
199488 22694769.863732 118828367.146219 1176.550537 45 3.234427 16.264744 2808756.333830 17006449.211392 22010840.265858 48 321
199489 22694543.534408 118828367.146219 1179.006470 45 3.234290 16.263969 2806440.840683 17005509.372432 22011864.259855 48 321
199490 22694091.163688 118828367.146219 1179.099854 45 3.234015 16.262423 2801809.334567 17003630.048534 22013911.043173 48 321
199494 22693412.437469 118828367.146219 1178.028320 45 3.233603 16.259993 2794860.776181 17000811.948159 22016978.206344 48 321
199495 22693186.448424 118828367.146219 1177.021606 46 3.233465 16.259220 2792544.243822 16999872.817659 22017999.790829 48 321
199496 22692960.537905 118828367.146219 1176.747803 45 3.233328 16.258448 2790227.538427 16998933.805366 22019020.973663 48 321
199497 22692734.496510 118828367.146219 1177.410156 45 3.233190 16.257675 2787910.660040 16997994.911318 22020041.754829 48 321
199498 22692508.455114 118828366.646219 1177.377319 45 3.233053 16.256903 2785593.608710 16997056.135552 22021062.134309 48 321
199499 22692282.012364 118828366.646219 1179.172485 45 3.232915 16.256020 2783276.384481 16996117.478105 22022082.112083 48 321
199504 22691150.374469 118828366.646219 1178.087280 45 3.232224 16.252157 2771687.671646 16991425.967015 22027175.974685 48 321
199505 22690924.254547 118828366.646219 1177.224976 45 3.232086 16.251387 2769369.411037 16990488.020274 22028193.541836 48 321
199506 22690697.907773 118828366.646219 1177.905396 45 3.231948 16.250504 2767050.977860 16989550.192113 22029210.707154 48 321
199507 22690471.665700 118828366.646219 1177.602417 45 3.231811 16.249731 2764732.372167 16988612.482572 22030227.470617 48 321
199514 22688890.039040 118828366.646219 1177.877563 45 3.230844 16.244221 2748497.305889 16982051.840291 22037333.561368 48 321
199515 22688663.570114 118828366.646219 1178.542236 45 3.230705 16.243448 2746177.321753 16981115.081044 22038347.109340 48 321
199516 22688437.336766 118828366.646219 1177.947876 45 3.230567 16.242678 2743857.165527 16980178.440753 22039360.255292 48 321
199517 22688211.216844 118828366.646219 1177.485229 45 3.230429 16.241905 2741536.837257 16979241.919454 22040372.999206 48 321
199524 22686629.808312 118828366.646219 1174.777466 45 3.229463 16.236401 2725289.726190 16972689.605307 22047450.947963 48 321
199525 22686404.054845 118828366.646219 1175.155151 45 3.229325 16.235630 2722968.023270 16971754.037286 22048460.474914 48 321
199526 22686178.065800 118828366.646219 1176.906738 46 3.229187 16.234861 2720646.148729 16970818.588591 22049469.599662 48 321
199527 22685951.701576 118828366.646219 1177.926880 46 3.229050 16.234091 2718324.102615 16969883.259260 22050478.322190 48 321
199528 22685725.529304 118828366.646219 1176.845947 45 3.228913 16.233208 2716001.884979 16968948.049330 22051486.642478 48 321
199536 22683919.457943 118828366.646219 1176.970825 45 3.227817 16.226938 2697417.974848 16961470.672848 22059538.721917 49 321
199537 22683693.599775 118119943.248607 1176.698853 45 3.227680 16.226170 2695094.215637 16960536.539204 22060543.421226 49 321
199538 22683467.846308 118118767.372131 1175.876709 45 3.227544 16.225401 2692770.285379 16959602.525332 22061547.718112 49 321
199539 22683242.023040 118118767.372131 1175.749268 45 3.227407 16.224630 2690446.184118 16958668.631271 22062551.612559 49 321
199546 22681662.158852 118116414.365466 1176.267456 45 3.226448 16.219137 2674172.691347 16952134.730664 22069567.603781 49 321
199547 22681436.004030 118116414.365466 1176.673828 45 3.226311 16.218369 2671847.223785 16951201.796413 22070568.278051 49 321
199548 22681209.927734 118116414.365466 1176.334839 45 3.226174 16.217600 2669521.585650 16950268.982306 22071568.549715 49 321
199549 22680984.130642 118116414.365466 1175.209106 45 3.226036 16.216833 2667195.776991 16949336.288380 22072568.418757 49 321
199556 22679406.247053 118116414.365466 1172.484375 45 3.225081 16.211344 2650910.345766 16942810.799091 22079556.227054 49 321
199557 22679180.772790 118116414.365466 1174.278809 45 3.224945 16.210463 2648583.174618 16941879.067937 22080552.874464 49 321
199558 22678954.949522 118116414.865466 1175.588623 45 3.224808 16.209696 2646255.833369 16940947.457296 22081549.119090 49 321
199559 22678729.108804 118116414.865466 1175.359009 45 3.224672 16.208929 2643928.322071 16940015.967204 22082544.960912 49 321
199560 22678503.590915 118116414.865466 1173.930542 45 3.224535 16.208160 2641600.640773 16939084.597700 22083540.399912 49 321
199566 22677151.809798 118116414.865466 1175.018311 45 3.223716 16.203445 2627630.985718 16933498.915096 22089504.573607 49 321
199567 22676926.318084 118116414.865466 1174.367554 45 3.223580 16.202679 2625302.115743 16932568.390730 22090497.192351 49 321
199568 22676700.861271 118116414.865466 1174.497681 45 3.223444 16.201912 2622973.076148 16931637.987246 22091489.408129 49 321
199569 22676475.378282 118116414.865466 1174.294800 45 3.223307 16.201145 2620643.866980 16930707.704680 22092481.220923 49 321
199570 22676249.999995 118116414.865466 1173.553345 45 3.223171 16.200378 2618314.488289 16929777.543069 22093472.630716 49 321
199579 22674224.116967 118116414.865466 1173.444214 45 3.221950 16.193256 2597342.459440 16921411.537668 22102377.180754 49 321
199580 22673998.913182 118116414.865466 1173.548950 45 3.221814 16.192492 2595011.388130 16920482.587632 22103364.559540 49 321
199581 22673773.883899 118116414.865466 1172.334351 45 3.221678 16.191725 2592680.147822 16919553.758956 22104351.535126 49 321
199582 22673548.837166 118116414.865466 1172.583618 45 3.221543 16.190960 2590348.738563 16918625.051676 22105338.107494 49 322
199583 22673323.502504 118116414.865466 1173.796631 45 3.221407 16.190193 2588017.160398 16917696.465829 22106324.276629 49 322
199591 22671523.041388 118116414.865466 1172.315186 45 3.220324 16.183960 2569358.460406 16910272.155079 22114199.111048 49 322
199592 22671297.741627 118116414.865466 1172.263428 45 3.220189 16.183193 2567025.364265 16909344.663778 22115181.650262 49 322
199593 22671072.398240 118116414.865466 1172.938110 45 3.220053 16.182316 2564692.099700 16908417.294277 22116163.786062 49 322
199594 22670847.456209 118116414.865466 1171.182373 45 3.219918 16.181551 2562358.666760 16907490.046614 22117145.518429 49 322
199595 22670622.793380 118116414.865466 1170.255615 45 3.219783 16.180786 2560025.065494 16906562.920824 22118126.847346 49 322
199596 22670397.999675 118116414.865466 1170.350952 45 3.219648 16.180021 2557691.295947 16905635.916943 22119107.772796 49 322
199597 22670173.214696 118116414.865466 1170.244873 45 3.219513 16.179258 2555357.358167 16904709.035008 22120088.294761 49 322
199604 22668598.899677 118116414.865466 1170.064209 46 3.218570 16.173796 2539015.087298 16898224.279052 22126940.649407 49 322
199605 22668373.940195 118116414.865466 1171.817505 46 3.218435 16.173031 2536679.805381 16897298.374000 22127917.942852 49 322
199606 22668148.806210 118116414.865466 1172.843262 45 3.218299 16.172268 2534344.355661 16896372.591222 22128894.832653 49 322
199607 22667923.803103 118116414.865466 1172.242798 45 3.218164 16.171505 2532008.738190 16895446.930756 22129871.318791 49 322
199608 22667698.826171 118116414.865466 1171.961548 46 3.218029 16.170628 2529672.953014 16894521.392638 22130847.401248 49 322
199613 22666350.857926 118116414.865466 1169.661865 45 3.217218 16.166048 2515654.722951 16888970.735317 22136695.417671 49 322
199616 22665901.087289 118116414.865466 1172.113770 45 3.216947 16.164408 2510980.640103 16887121.496632 22138641.526248 49 322
199617 22665676.119082 118116414.865466 1171.324219 45 3.216812 16.163645 2508643.347746 16886197.061285 22139613.974786 49 322
199618 22665451.019998 118116414.865466 1171.706665 45 3.216676 16.162882 2506305.888163 16885272.748650 22140586.019467 49 322
199619 22665225.842388 118116414.865466 1171.553833 45 3.216541 16.162119 2503968.261404 16884348.558763 22141557.660274 49 322
199627 22663427.815578 118116414.865466 1170.427734 45 3.215457 16.155907 2485261.234885 16876959.463029 22149316.245071 49 322
199628 22663202.803745 118116414.865466 1171.073975 45 3.215321 16.155146 2482922.105709 16876036.379517 22150284.250211 49 322
199629 22662977.774463 118116414.865466 1171.138184 45 3.215185 16.154268 2480582.809839 16875113.419117 22151251.851301 49 322
199630 22662753.120359 118116414.865466 1169.707764 45 3.215049 16.153507 2478243.347325 16874190.581867 22152219.048320 49 322
199631 22662528.413905 118116414.865466 1170.484009 45 3.214914 16.152746 2475903.718212 16873267.867801 22153185.841254 49 322
199638 22660957.135224 118116414.865466 1170.522095 45 3.213964 16.147301 2459521.653829 16866812.321599 22159942.075871 49 322
199639 22660732.376420 118116414.865466 1170.252441 45 3.213829 16.146540 2457180.693667 16865890.594316 22160905.635487 49 322
199640 22660507.626341 118116414.865466 1169.989258 45 3.213694 16.145781 2454839.567341 16864968.990544 22161868.790859 49 322
199641 22660283.225266 118116414.865466 1168.498291 45 3.213559 16.145020 2452498.274902 16864047.510320 22162831.541969 49 322
199642 22660058.920167 118116414.865466 1167.740479 45 3.213424 16.144258 2450156.816396 16863126.153680 22163793.888800 49 322
199649 22658487.222680 118116414.865466 1167.477539 46 3.212479 16.138821 2433761.961104 16856680.120604 22170518.995320 49 322
199650 22658263.161885 118116414.865466 1167.044678 46 3.212345 16.138062 2431419.175800 16855759.753934 22171478.107294 49 322
199651 22658039.197065 118116414.865466 1167.010742 46 3.212210 16.137184 2429076.224864 16854839.511173 22172436.814832 49 322
199652 22657815.197345 118116414.865466 1167.081543 45 3.212075 16.136425 2426733.108344 16853919.392356 22173395.117917 49 322
199653 22657590.935872 118116414.865466 1168.476563 45 3.211939 16.135666 2424389.826285 16852999.397520 22174353.016533 49 322
199654 22657366.508621 118116414.865466 1169.130005 45 3.211481 16.134907 2422046.378738 16852079.526700 22175310.510662 49 322
199659 22656244.878426 118116414.865466 1168.531250 45 3.210886 16.130993 2410326.660479 16847482.034156 22180091.913345 49 322
199660 22656020.634403 118116414.865466 1167.197754 45 3.210755 16.130234 2407982.221025 16846562.908197 22181046.980183 49 322
199661 22655796.442731 118116414.865466 1166.767578 45 3.210623 16.129475 2405637.616422 16845643.906507 22182001.642411 49 322
199662 22655572.390660 118116414.865466 1166.462646 45 3.210491 16.128716 2403292.846721 16844725.029123 22182955.900013 49 322
199663 22655348.347314 118116414.865466 1166.752319 45 3.210359 16.127956 2400947.911967 16843806.276081 22183909.752971 49 322
199664 22655123.937514 118116414.865466 1168.682251 45 3.210228 16.127199 2398602.812208 16842887.647414 22184863.201269 49 322
199671 22653553.112539 118116414.865466 1167.767944 45 3.209312 16.121773 2382182.497959 16836460.732380 22191526.007355 49 322
199672 22653328.920866 118116414.865466 1167.484619 45 3.209182 16.121014 2379836.079920 16835543.100029 22192476.217741 49 322
199673 22653104.511066 118116414.865466 1168.483276 45 3.209052 16.120138 2377489.497312 16834625.592380 22193426.023311 49 322
199674 22652880.284493 118116414.865466 1167.476685 45 3.208921 16.119381 2375142.750186 16833708.209467 22194375.424047 49 322
199675 22652656.310949 118116414.865466 1166.112427 45 3.208791 16.118624 2372795.838593 16832790.951329 22195324.419932 49 322
199682 22651087.859203 118116414.865466 1167.644897 45 3.207873 16.113203 2356362.856443 16826373.641051 22201956.053813 49 322
199683 22650863.754782 118116414.865466 1167.442139 45 3.207743 16.112446 2354014.630837 16825457.382388 22202901.810271 49 322
199684 22650639.519484 118116414.865466 1167.386597 46 3.207614 16.111689 2351666.241197 16824541.248820 22203847.161722 49 322
199685 22650415.353987 118116414.865466 1167.249390 46 3.207485 16.110931 2349317.687573 16823625.240384 22204792.108151 49 322
199686 22650191.310641 118116414.865466 1166.896851 46 3.207355 16.110174 2346968.970014 16822709.357115 22205736.649539 49 322
199693 22648624.228737 118116414.865466 1167.014648 45 3.206445 16.104759 2330523.361088 16816301.681969 22212337.096657 49 323
199694 22648400.499496 118116414.865466 1165.269043 46 3.206315 16.104004 2328173.333797 16815386.801329 22213278.397108 49 323
199695 22648176.857505 118116414.865466 1164.443726 46 3.206184 16.103130 2325823.143009 16814472.046179 22214219.292364 49 323
199696 22647953.241690 118116414.865466 1164.389282 46 3.206054 16.102375 2323472.788771 16813557.416554 22215159.782409 49 323
199697 22647729.599699 118116414.865466 1164.468994 46 3.205924 16.101618 2321122.271133 16812642.912489 22216099.867226 49 323
199698 22647506.027510 118116414.865466 1164.238281 46 3.205794 16.100863 2318771.590144 16811728.534022 22217039.546797 49 323
199699 22647282.359344 118116414.865466 1164.763184 46 3.205664 16.100105 2316420.745851 16810814.281186 22217978.821106 49 323
199705 22645938.142896 118116414.865466 1165.875366 45 3.204883 16.095453 2302312.253526 16805331.404472 22223605.955470 49 323
199706 22645714.527081 118116414.865466 1164.186401 45 3.204753 16.094698 2299960.267475 16804418.032061 22224542.392466 49 323
199707 22645490.981066 118116414.865466 1163.337280 45 3.204622 16.093943 2297608.118512 16803504.785567 22225478.424063 49 323
199708 22645267.382701 118116414.865466 1163.557861 45 3.204491 16.093187 2295255.806684 16802591.665026 22226414.050245 49 323
199709 22645043.993739 118116414.865466 1163.267944 45 3.204359 16.092432 2292903.332042 16801678.670474 22227349.270994 49 323
199710 22644820.439000 118116414.865466 1164.065918 46 3.204228 16.091560 2290550.694631 16800765.801946 22228284.086293 49 323
199711 22644596.421829 118116414.865466 1166.047241 46 3.204097 16.090805 2288197.894499 16799853.059477 22229218.496128 49 323
199717 22643253.898053 118116414.865466 1164.307007 45 3.203312 16.086159 2274077.679459 16794379.253950 22234816.439354 49 323
199718 22643030.561441 118116414.865466 1163.129639 45 3.203181 16.085403 2271723.741671 16793467.394898 22235748.010448 49 323
199719 22642807.259730 118116414.865466 1162.848877 45 3.203050 16.084650 2269369.641557 16792555.662191 22236679.175939 49 323
199720 22642583.975469 118116414.865466 1162.695557 46 3.202919 16.083895 2267015.379163 16791644.055863 22237609.935812 49 323
199721 22642360.446904 118116414.865466 1164.064209 46 3.202788 16.083141 2264660.954538 16790732.575950 22238540.290050 49 323
199722 22642136.621687 118116414.865466 1165.595581 46 3.202656 16.082386 2262306.367730 16789821.222486 22239470.238637 49 323
199730 22640348.454249 118116414.865466 1164.894043 46 3.201604 16.076239 2243463.840722 16782534.951310 22246895.221771 49 323
199731 22640124.786083 118116414.865466 1164.629395 46 3.201471 16.075485 2241107.796486 16781624.737501 22247821.518725 49 323
199732 22639901.196443 118116414.865466 1164.358765 45 3.201340 16.074615 2238751.590559 16780714.650497 22248747.409859 49 323
199733 22639677.624254 118116414.865466 1164.043457 45 3.201208 16.073860 2236395.222989 16779804.690334 22249672.895154 49 323
199734 22639454.052064 118116414.865466 1164.048828 46 3.201077 16.073107 2234038.693825 16778894.857048 22250597.974595 49 323
199736 22638784.487209 118116414.865466 1162.245483 46 3.200682 16.070848 2226968.137357 16776166.118837 22253370.777584 49 323
199742 22637667.132317 118116414.865466 1163.311523 45 3.200021 16.066967 2215180.649108 16771620.762579 22257983.997306 49 323
199743 22637443.481602 118116414.865466 1163.900879 45 3.199889 16.066214 2212822.667802 16770712.072769 22258905.423302 49 323
199744 22637219.900687 118116414.365466 1163.543579 45 3.199756 16.065462 2210464.525392 16769803.510188 22259826.443275 49 323
199745 22636996.407023 118116414.365466 1162.852905 45 3.199624 16.064711 2208106.221927 16768895.074872 22260747.057209 49 323
199746 22636773.114037 118116414.365466 1162.227051 45 3.199491 16.063839 2205747.757458 16767986.766858 22261667.265087 49 323
199754 22634987.668834 118116414.365466 1163.698608 45 3.198426 16.057705 2186874.251477 16760724.889813 22269014.308072 49 323
199755 22634764.419473 118116414.365466 1162.950562 45 3.198292 16.056953 2184514.340163 16759817.729086 22269930.860699 49 323
199756 22634541.135212 118116414.365466 1163.104126 45 3.198160 16.056202 2182154.268333 16758910.696011 22270847.007105 49 323
199757 22634317.885851 118116414.365466 1162.826660 45 3.198027 16.055450 2179794.036037 16758003.790625 22271762.747271 49 323
199758 22634094.671391 118116414.365466 1162.432251 45 3.197895 16.054699 2177433.643325 16757097.012961 22272678.081182 49 323
199759 22633871.727409 118116414.365466 1161.072998 45 3.197763 16.053949 2175073.090248 16756190.363056 22273593.008820 49 323
199765 22632533.278258 118116414.365466 1162.578613 46 3.196968 16.049324 2160906.406894 16750753.148547 22279074.041972 49 323
199766 22632310.369177 118116414.365466 1160.723022 46 3.196836 16.048574 2158544.732619 16749847.393932 22279986.125241 49 323
199767 22632087.599697 118116414.365466 1160.346680 46 3.196705 16.047823 2156182.898370 16748941.767358 22280897.802105 49 323
199768 22631864.882568 118116414.365466 1160.194336 46 3.196573 16.046953 2153820.904196 16748036.268857 22281809.072547 49 323
199769 22631641.982212 118116414.365466 1161.277344 46 3.196441 16.046204 2151458.750145 16747130.898466 22282719.936552 49 323
199770 22631418.846278 118116414.365466 1162.579956 46 3.196310 16.045452 2149096.436265 16746225.656218 22283630.394104 49 323
199771 22631195.605642 118116414.365466 1163.196533 45 3.196178 16.044703 2146733.962607 16745320.542149 22284540.445185 49 323
199779 22629411.443030 118116414.365466 1166.322388 45 3.195133 16.038584 2127828.427361 16738084.248301 22291806.218863 49 323
199780 22629188.743351 118116414.365466 1160.336060 45 3.195001 16.037834 2125464.517925 16737180.289425 22292712.610963 49 323
199781 22628965.965146 118116414.365466 1160.665649 45 3.194869 16.037085 2123100.449203 16736276.459078 22293618.596427 49 323
199784 22628296.792921 118116414.365466 1161.778320 46 3.194472 16.034718 2116007.287905 16733565.739597 22296334.112809 49 323
199785 22628073.779139 118116414.365466 1162.076172 46 3.194339 16.033968 2113642.582535 16732662.423717 22297238.471567 49 323
199786 22627850.983484 118116414.365466 1160.579590 46 3.194207 16.033220 2111277.718127 16731759.236542 22298142.423607 49 323
199787 22627628.440857 118116414.365466 1159.566650 46 3.194075 16.032471 2108912.694733 16730856.178108 22299045.968911 49 323
199788 22627405.863330 118116414.365466 1159.493042 46 3.193945 16.031723 2106547.512399 16729953.248447 22299949.107465 49 323
199789 22627183.224727 118116414.365466 1159.390503 46 3.193816 16.030973 2104182.171174 16729050.447596 22300851.839252 49 323
199790 22626960.577398 118116414.365466 1159.384888 46 3.193688 16.030104 2101816.671108 16728147.775588 22301754.164256 49 323
199791 22626737.738118 118116414.365466 1160.763428 46 3.193559 16.029356 2099451.012249 16727245.232458 22302656.082461 49 323
199792 22626514.863937 118116414.365466 1160.611206 46 3.193429 16.028606 2097085.194647 16726342.818243 22303557.593850 49 323
199793 22626291.867604 118116414.365466 1160.940186 46 3.193298 16.027859 2094719.218351 16725440.532975 22304458.698406 49 323
199794 22626068.932348 118116414.365466 1160.885986 45 3.193167 16.027109 2092353.083412 16724538.376691 22305359.396114 49 323
199795 22625846.215219 118116414.365466 1159.811401 45 3.193036 16.026363 2089986.789881 16723636.349426 22306259.686956 49 323
199803 22624064.399661 118116414.365466 1161.284180 46 3.191984 16.020258 2071050.738262 16716424.780178 22313447.364551 49 324
199804 22623841.473129 118116414.365466 1160.647949 46 3.191853 16.019510 2068683.019606 16715523.915643 22314343.992872 49 324
199805 22623618.529147 118116414.365466 1160.377686 46 3.191723 16.018642 2066315.142850 16714623.180476 22315240.214165 49 324
199806 22623395.881819 118116414.365466 1158.671753 46 3.191592 16.017897 2063947.108046 16713722.574710 22316136.028413 49 324
199807 22623173.243216 118116414.365466 1158.476685 45 3.191461 16.017149 2061578.915241 16712822.098380 22317031.435601 49 324
199817 22620947.136389 118116414.365466 1158.290039 45 3.190148 16.009560 2037888.308128 16703824.461722 22325963.115525 49 324
199818 22620724.864241 118116414.365466 1157.463623 45 3.190016 16.008812 2035518.380584 16702925.411477 22326854.043972 49 324
199819 22620502.269263 118116414.365466 1159.372192 45 3.189883 16.008066 2033148.295631 16702026.491084 22327744.565164 49 324
199820 22620279.866238 118116414.365466 1158.796875 46 3.189752 16.007198 2030778.053323 16701127.700578 22328634.679085 49 324
199821 22620057.236360 118116414.365466 1159.426636 46 3.189620 16.006453 2028407.653705 16700229.039992 22329524.385719 49 324
199822 22619834.754809 118116414.365466 1158.452271 46 3.189488 16.005707 2026037.096831 16699330.509363 22330413.685048 49 324
199823 22619612.325609 118116414.365466 1157.860474 46 3.189356 16.004961 2023666.382749 16698432.108725 22331302.577058 49 324
199832 22617611.186989 118116414.365466 1158.270752 45 3.188167 15.998129 2002322.889920 16690352.358293 22339284.273055 49 324
199833 22617388.443685 118116414.365466 1159.586426 45 3.188035 15.997384 1999950.606482 16689455.259460 22340169.090981 49 324
199834 22617165.839982 118116414.365466 1159.071777 45 3.187903 15.996517 1997578.166383 16688558.290998 22341053.501410 49 324
199835 22616943.297355 118116414.365466 1159.155640 46 3.187771 15.995772 1995205.569672 16687661.452941 22341937.504325 49 324
199845 22614722.486669 118116414.365466 1157.662109 45 3.186456 15.988205 1971470.999926 16678700.252276 22350755.116694 49 324
199846 22614500.118545 118116414.365466 1158.194214 45 3.186326 15.987461 1969096.683758 16677804.850949 22351634.635909 49 324
199847 22614277.916197 118116414.365466 1157.624146 46 3.186195 15.986716 1966722.211575 16676909.580441 22352513.747419 49 324
199848 22614055.713850 118116414.365466 1157.528320 46 3.186064 15.985972 1964347.583426 16676014.440785 22353392.451207 49 324
199849 22613833.398076 118116414.365466 1157.821533 46 3.185933 15.985106 1961972.799360 16675119.432015 22354270.747260 49 324
199850 22613611.204453 118116414.365466 1157.238647 46 3.185802 15.984364 1959597.859428 16674224.554168 22355148.635559 49 324
199857 22612057.882046 118116414.365466 1156.493408 46 3.184887 15.979036 1942968.919930 16667964.077957 22361282.435196 49 324
199858 22611835.679699 118116414.365466 1157.645142 46 3.184756 15.978293 1940592.734858 16667070.248716 22362157.060900 49 324
199859 22611613.451176 118116414.365466 1157.310181 46 3.184625 15.977551 1938216.394368 16666176.550705 22363031.278707 49 324
199859 22611391.179027 118116414.365466 1157.183350 46 3.184625 15.977551 1938216.394368 16666176.550705 22363031.278707 49 324
199868 22609615.924751 118116414.365466 1156.496582 46 3.183440 15.970743 1916822.344471 16658139.179658 22370880.881003 49 324
199869 22609393.652603 118116414.365466 1156.748291 46 3.183308 15.970001 1914444.452540 16657246.795832 22371751.018980 49 324
199870 22609171.528781 118116414.365466 1156.951416 46 3.183175 15.969258 1912066.405741 16656354.543613 22372620.748886 49 324
199871 22608949.396234 118116414.365466 1156.937012 46 3.183043 15.968394 1909688.204123 16655462.423035 22373490.070707 49 324
199872 22608727.412014 118116414.365466 1156.340576 45 3.182911 15.967652 1907309.847736 16654570.434133 22374358.984425 49 324
199880 22606954.382641 118116414.365466 1155.938110 46 3.181859 15.961596 1888277.431039 16647439.267348 22381295.600584 49 324
199881 22606732.529298 118116414.365466 1155.634277 46 3.181728 15.960854 1885897.683974 16646548.465056 22382160.840679 49 324
199882 22606510.597428 118116414.865466 1155.930786 46 3.181597 15.960113 1883517.782638 16645657.794780 22383025.672515 49 324
199883 22606288.717910 118116414.865466 1155.207886 46 3.181466 15.959372 1881137.727083 16644767.256554 22383890.096076 49 324
199884 22606066.742415 118116414.865466 1155.701660 46 3.181335 15.958631 1878757.517358 16643876.850412 22384754.111348 49 324
199895 22603629.165125 118116414.865466 1152.405518 45 3.179894 15.950236 1852565.049597 16634091.110184 22394231.327644 50 324
199896 22603407.503734 118116414.865466 1153.772949 46 3.179763 15.949496 1850182.993739 16633202.291706 22395090.442209 50 324
199897 22603185.379912 118116414.865466 1156.032959 46 3.179633 15.948756 1847800.784358 16632313.605753 22395949.148282 50 324
199898 22602963.308441 118116414.865466 1155.837158 46 3.179503 15.948017 1845418.421508 16631425.052360 22396807.445845 50 324
199899 22602741.140994 118116414.865466 1156.119995 46 3.179372 15.947276 1843035.905239 16630536.631560 22397665.334884 50 324
199900 22602518.964822 118116414.865466 1156.064697 46 3.179242 15.946536 1840653.235601 16629648.343388 22398522.815383 50 324
199908 22600746.127401 118116414.865466 1155.175781 45 3.178204 15.940373 1821586.363372 16622546.816728 22405367.950007 50 325
199909 22600524.710313 118116414.865466 1153.241699 46 3.178075 15.939634 1819202.315679 16621659.723733 22406221.752941 50 325
199910 22600303.267050 118116414.865466 1153.328491 46 3.177947 15.938895 1816818.115118 16620772.763704 22407075.147179 50 325
199911 22600081.570759 118116414.865466 1154.339844 45 3.177818 15.938156 1814433.761739 16619885.936675 22407928.132707 50 325
199912 22599859.944268 118116414.365466 1154.098389 45 3.177688 15.937418 1812049.255594 16618999.242680 22408780.709508 50 325
199913 22599638.439929 118116414.365466 1153.508911 45 3.177558 15.936679 1809664.596734 16618112.681753 22409632.877566 50 325
199920 22598088.389438 118116414.365466 1152.752686 45 3.176650 15.931385 1792967.712966 16611910.484033 22415586.607866 50 325
199921 22597866.885099 118116414.365466 1153.942261 46 3.176521 15.930647 1790581.834183 16611024.988863 22416435.505432 50 325
199922 22597645.459286 118116414.365466 1153.531250 46 3.176391 15.929909 1788195.803137 16610139.627065 22417283.994117 50 325
199923 22597423.885147 118116414.365466 1154.275391 45 3.176261 15.929047 1785809.619876 16609254.398672 22418132.073906 50 325
199924 22597202.337182 118116414.365466 1153.720703 45 3.176132 15.928308 1783423.284451 16608369.303718 22418979.744782 50 325
199932 22595432.091118 118116414.365466 1153.222534 46 3.175098 15.922283 1764327.129313 16601293.351962 22425746.389089 50 325
199933 22595210.900884 118116414.365466 1151.656616 46 3.174969 15.921546 1761939.426683 16600409.459473 22426590.379068 50 325
199934 22594989.797900 118116414.365466 1151.427490 46 3.174840 15.920809 1759551.572395 16599525.700760 22427433.959980 50 325
199935 22594768.729816 118116414.365466 1151.244629 45 3.174711 15.920072 1757163.566496 16598642.075855 22428277.131812 50 325
199936 22594547.705358 118116414.365466 1151.064697 45 3.174582 15.919334 1754775.409039 16597758.584793 22429119.894548 50 325
199937 22594326.296996 118116414.365466 1153.066528 46 3.174454 15.918597 1752387.100069 16596875.227606 22429962.248174 50 325
199938 22594104.722856 118116414.365466 1153.823608 46 3.174325 15.917736 1749998.639640 16595992.004328 22430804.192674 50 325
199945 22592556.696590 118116414.365466 1150.332886 46 3.173424 15.912455 1733275.180139 16589813.193708 22436686.347308 50 325
199946 22592335.960061 118116414.365466 1149.161377 46 3.173295 15.911718 1730885.509861 16588931.042916 22437525.018245 50 325
199947 22592115.066479 118116414.365466 1150.421997 46 3.173167 15.910982 1728495.688578 16588049.026334 22438363.279917 50 325
199948 22591893.937320 118116414.365466 1151.568970 46 3.173038 15.910247 1726105.716338 16587167.143997 22439201.132312 50 325
199949 22591672.537683 118116414.365466 1152.879150 46 3.172910 15.909511 1723715.593192 16586285.395936 22440038.575413 50 325
199950 22591451.312547 118116414.365466 1152.296875 46 3.172782 15.908775 1721325.319194 16585403.782188 22440875.609205 50 325
199959 22589462.825335 118116414.365466 1151.639526 46 3.171627 15.902030 1699806.073246 16577475.308033 22448390.491863 50 325
199960 22589241.539124 118116414.365466 1152.432373 46 3.171498 15.901169 1697414.293490 16576595.039239 22449223.431726 50 325
199961 22589020.366340 118116414.365466 1151.858276 46 3.171371 15.900434 1695022.363437 16575714.905123 22450055.962114 50 325
199962 22588799.254631 118116414.365466 1151.360229 46 3.171242 15.899699 1692630.283137 16574834.905721 22450888.083010 50 325
199963 22588577.968419 118116414.365466 1151.980347 46 3.171115 15.898964 1690238.052639 16573955.041063 22451719.794400 50 325
199973 22586369.503763 118116414.365466 1148.620239 46 3.169842 15.891494 1666307.498095 16565163.812869 22460014.382098 50 325
199974 22586148.915560 118116414.365466 1148.354492 46 3.169714 15.890760 1663913.618777 16564285.432612 22460841.587923 50 325
199975 22585928.362258 118116414.365466 1148.076416 46 3.169587 15.889900 1661519.589871 16563407.187501 22461668.384061 50 325
199976 22585707.712980 118116414.365466 1148.949951 46 3.169460 15.889166 1659125.411424 16562529.077567 22462494.770497 50 325
199977 22585486.644897 118116414.365466 1151.065063 46 3.169332 15.888432 1656731.083486 16561651.102844 22463320.747218 50 325
199978 22585265.524462 118116414.365466 1151.478394 46 3.169205 15.887699 1654336.606111 16560773.263365 22464146.314207 50 325
199983 22583942.274451 118116414.365466 1148.644287 46 3.168441 15.883171 1639966.606625 16555509.068528 22469091.110891 50 325
199987 22583280.187015 118116414.365466 1149.545532 46 3.168059 15.880972 1632779.593533 16552878.799578 22471557.976657 50 325
199988 22583059.529012 118116414.365466 1149.251587 46 3.167932 15.880239 1630383.624573 16552002.314370 22472379.445503 50 325
199989 22582838.766307 118116414.365466 1149.631470 46 3.167805 15.879380 1627987.506733 16551125.964770 22473200.504453 50 325
199990 22582618.291531 118116414.365466 1148.091187 45 3.167678 15.878647 1625591.240066 16550249.750813 22474021.153491 50 325
199991 22582397.537551 118116414.365466 1149.171509 45 3.167551 15.877915 1623194.824619 16549373.672531 22474841.392604 50 325
199992 22582176.774847 118116414.365466 1149.502441 46 3.167424 15.877182 1620798.260444 16548497.729957 22475661.221775 50 325
199999 22580631.819819 118116414.365466 1150.086548 45 3.166537 15.871929 1604018.151208 16542369.934582 22481388.546349 50 325
200000 22580410.978589 118116414.365466 1149.491943 45 3.166410 15.871198 1601620.399040 16541495.078863 22482205.095458 50 325
200001 22580190.023932 118116414.365466 1149.920532 46 3.166283 15.870465 1599222.498601 16540620.359150 22483021.234493 50 325
200002 22579969.200151 118116414.365466 1149.668701 46 3.166156 15.869734 1596824.449943 16539745.775476 22483836.963438 50 325
200003 22579748.437447 118116414.365466 1149.180908 46 3.166030 15.869002 1594426.253117 16538871.327873 22484652.282279 50 325
200011 22577984.560712 118116414.865466 1146.854126 46 3.165016 15.863024 1575235.350642 16531880.649616 22491160.067442 50 326
200012 22577764.112112 118116414.865466 1148.191895 46 3.164889 15.862165 1572835.822588 16531007.428139 22491971.694679 50 326
200013 22577543.471559 118116414.865466 1149.231812 46 3.164762 15.861434 1570436.146872 16530134.343062 22492782.911665 50 326
200014 22577322.900806 118116414.865466 1148.795654 46 3.164636 15.860704 1568036.323547 16529261.394419 22493593.718383 50 326
200015 22577102.364955 118116414.865466 1148.633301 46 3.164509 15.859973 1565636.352664 16528388.582243 22494404.114821 50 326
200016 22576881.890178 118116414.865466 1148.423096 46 3.164382 15.859242 1563236.234275 16527515.906565 22495214.100962 50 326
200023 22575340.643322 118116414.865466 1145.873901 46 3.163495 15.854002 1546431.279727 16521411.001597 22500872.514393 50 326
200024 22575120.325598 118116414.865466 1147.643799 46 3.163368 15.853272 1544029.983113 16520539.419095 22501679.217638 50 326
200025 22574899.719945 118116414.865466 1148.944580 46 3.163241 15.852542 1541628.539449 16519667.973387 22502485.510455 50 326
200026 22574679.140468 118116414.865466 1148.677246 46 3.163115 15.851812 1539226.948786 16518796.664505 22503291.392829 50 326
200027 22574458.526090 118116414.865466 1148.678345 46 3.162988 15.850955 1536825.211176 16517925.492484 22504096.864746 50 326
200036 22572476.652511 118116414.865466 1148.044434 46 3.161843 15.844262 1515202.968618 16510091.108426 22511327.638974 50 326
200037 22572256.160285 118116414.865466 1147.545410 46 3.161716 15.843533 1512799.764346 16509221.306803 22512129.005515 50 326
200038 22572035.729134 118116414.865466 1147.264648 46 3.161588 15.842803 1510396.413690 16508351.642399 22512929.961438 50 326
200039 22571815.376510 118116414.865466 1146.938354 46 3.161460 15.842074 1507992.916699 16507482.115247 22513730.506729 50 326
200047 22570054.649540 118116414.865466 1147.128540 46 3.160438 15.836118 1488759.678974 16500530.843062 22520120.084520 50 326
200048 22569834.270740 118116414.865466 1147.065308 46 3.160310 15.835389 1486354.867272 16499662.552647 22520916.933468 50 326
200049 22569614.066442 118116414.865466 1145.847900 45 3.160182 15.834533 1483949.909748 16498794.399809 22521713.371639 50 326
200050 22569393.783619 118116414.365466 1146.668091 45 3.160054 15.833805 1481544.806452 16497926.384582 22522509.399018 50 326
200051 22569173.675297 118116414.365466 1145.503296 45 3.159926 15.833077 1479139.557436 16497058.506998 22523305.015591 50 326
200052 22568953.566976 118116414.365466 1145.850952 46 3.159798 15.832349 1476734.162749 16496190.767090 22524100.221343 50 326
200059 22567413.611436 118116414.365466 1146.714844 46 3.158905 15.827127 1459892.325583 16490120.445411 22529655.157391 50 326
200060 22567193.337337 118116414.365466 1145.728638 46 3.158778 15.826400 1457485.767378 16489253.808076 22530447.076061 50 326
200061 22566973.464593 118116414.365466 1144.464355 46 3.158652 15.825673 1455079.063967 16488387.308710 22531238.583780 50 326
200062 22566753.714002 118116414.365466 1144.067627 46 3.158524 15.824945 1452672.215399 16487520.947344 22532029.680534 50 326
200063 22566534.085561 118116414.365466 1143.441772 46 3.158397 15.824219 1450265.221725 16486654.724010 22532820.366308 50 326
200068 22565433.587579 118116414.365466 1146.468628 45 3.157762 15.820456 1438228.078620 16482325.678993 22536767.629973 50 326
200069 22565213.435632 118116414.365466 1145.842651 45 3.157635 15.819729 1435820.215377 16481460.284533 22537555.849575 50 326
200070 22564993.397112 118116414.365466 1145.400146 46 3.157508 15.819002 1433412.207387 16480595.028333 22538343.658097 50 326
200071 22564773.716321 118116414.365466 1143.942505 46 3.157380 15.818147 1431004.054704 16479729.910426 22539131.055526 50 326
200078 22563236.256161 118116414.365466 1144.013306 46 3.156490 15.813064 1414142.938811 16473677.959984 22544631.325676 50 326
200079 22563016.540470 118116414.365466 1144.342896 45 3.156363 15.812209 1411733.630400 16472813.949571 22545415.433843 50 326
200080 22562796.816053 118116414.365466 1144.798462 46 3.156236 15.811483 1409324.177754 16471950.077740 22546199.130789 50 326
200081 22562577.091637 118116414.365466 1144.942749 46 3.156109 15.810758 1406914.580924 16471086.344524 22546982.416498 50 326
200082 22562357.620248 118116414.365466 1143.276489 46 3.155982 15.810032 1404504.839964 16470222.749955 22547765.290956 50 326
200091 22560382.735481 118116414.365466 1144.439331 46 3.154845 15.803375 1382810.693945 16462456.643278 22554792.652450 50 326
200092 22560162.906363 118116414.365466 1144.376831 46 3.154719 15.802650 1380399.514486 16461594.436945 22555571.413627 50 326
200093 22559943.120871 118116414.365466 1144.058960 45 3.154594 15.801926 1377988.191460 16460732.369612 22556349.763398 50 326
200094 22559723.274302 118116414.365466 1144.541260 45 3.154468 15.801071 1375576.724918 16459870.441312 22557127.701749 50 326
200102 22557967.363593 118116414.365466 1141.706299 46 3.153465 15.795148 1356279.832315 16452980.023978 22563336.395698 50 326
200103 22557748.127782 118116414.365466 1141.303711 46 3.153339 15.794424 1353867.076454 16452119.348417 22564110.630631 50 326
200104 22557528.900696 118116414.365466 1141.202271 46 3.153214 15.793700 1351454.177592 16451258.812210 22564884.454003 50 326
200105 22557309.673611 118116414.365466 1141.167725 46 3.153088 15.792975 1349041.135781 16450398.415388 22565657.865799 50 326
200106 22557089.940469 118116414.365466 1143.523560 46 3.152962 15.792253 1346627.951069 16449538.157982 22566430.866008 50 326
200106 22556870.024100 118116414.365466 1144.247925 46 3.152962 15.792253 1346627.951069 16449538.157982 22566430.866008 50 326
200108 22556650.125181 118116414.365466 1144.490601 46 3.152711 15.790805 1341801.153153 16447818.061550 22567975.631603 50 326
200117 22554676.819659 118116414.365466 1142.415039 46 3.151576 15.784036 1320073.502836 16440084.537255 22574906.699376 50 327
200118 22554457.243569 118116414.365466 1143.165283 45 3.151450 15.783313 1317658.607371 16439225.955352 22575674.759423 50 327
200119 22554237.789631 118116414.365466 1142.342285 45 3.151324 15.782590 1315243.569679 16438367.513282 22576442.407698 50 327
