199376 23050964.990825 119770419.483957 -626.358643 44 3.364858 16.787973 -16870296.969418 8063389.664313 20750170.203527 46 48
199377 23051085.528204 119770419.483957 -627.341980 44 3.365016 16.788589 -16872472.783540 8062470.760805 20748756.314685 46 48
199378 23051206.292436 119770419.483957 -628.862549 44 3.365173 16.789206 -16874648.512811 8061552.070044 20747342.046323 46 48
199379 23051327.248620 119770419.483957 -629.302246 44 3.365331 16.789824 -16876824.157172 8060633.592029 20745927.398466 46 48
199380 23051448.135004 119770419.483957 -629.305725 44 3.365489 16.790293 -16878999.716566 8059715.326758 20744512.371139 46 48
199381 23051568.899235 119770419.483957 -628.934631 44 3.365647 16.790909 -16881175.190933 8058797.274231 20743096.964368 46 48
199382 23051689.532591 119770419.483957 -628.028748 44 3.365805 16.791527 -16883350.580215 8057879.434448 20741681.178178 46 48
199386 23052170.478042 119770419.483957 -626.907349 44 3.366438 16.793997 -16892051.285218 8054210.202773 20736014.239799 46 49
199387 23052291.015421 119770419.483957 -627.615051 44 3.366596 16.794466 -16894226.248179 8053293.426701 20734596.556906 46 49
199388 23052411.413198 119770419.483957 -627.066467 44 3.366753 16.795084 -16896401.125697 8052376.863368 20733178.494748 46 49
199389 23052532.116354 119770419.483957 -628.466858 44 3.366910 16.795702 -16898575.917712 8051460.512776 20731760.053355 46 49
199395 23053256.317841 119770419.483957 -628.079529 44 3.367855 16.799261 -16911622.870866 8045966.876762 20723241.442521 46 49
199396 23053377.029722 119770419.983957 -629.048340 44 3.368012 16.799879 -16913797.062710 8045052.015331 20721820.347192 46 49
199397 23053498.038257 119770419.983957 -630.262268 44 3.368170 16.800497 -16915971.168576 8044137.366635 20720398.872836 46 49
199398 23053619.107867 119770419.983957 -630.182190 44 3.368327 16.801115 -16918145.188406 8043222.930674 20718977.019475 46 49
199402 23054101.379535 119770419.983957 -627.333557 44 3.368958 16.803442 -16926840.406121 8039567.314183 20713285.816557 46 49
199404 23054342.620070 119770419.983957 -628.179382 44 3.369272 16.804678 -16931187.497267 8037740.782304 20710437.941722 46 49
199405 23054463.131274 119770419.983957 -628.404968 44 3.369429 16.805298 -16933360.913195 8036827.835457 20709013.436057 46 49
199406 23054583.816980 119770419.983957 -628.860840 44 3.369586 16.805916 -16935534.242612 8035915.101339 20707588.551597 46 49
199407 23054704.781889 119770419.983957 -630.678833 44 3.369744 16.806536 -16937707.485459 8035002.579949 20706163.288368 46 49
199413 23055430.841824 119770419.983957 -628.785645 44 3.370689 16.810102 -16950745.121196 8029531.918864 20697603.756330 46 49
199414 23055551.893984 119770419.983957 -630.677917 44 3.370846 16.810722 -16952917.756403 8028620.886539 20696175.842438 46 49
199415 23055672.919969 119770419.983957 -630.278503 44 3.371003 16.811192 -16955090.304567 8027710.066935 20694747.549984 46 49
199416 23055793.841253 119770419.983957 -629.744934 44 3.371161 16.811811 -16957262.765630 8026799.460049 20693318.878993 46 49
199417 23055914.858513 119770419.983957 -630.118347 44 3.371319 16.812431 -16959435.139530 8025889.065882 20691889.829492 46 49
199418 23056036.015375 119770419.983957 -630.986145 44 3.371476 16.813051 -16961607.426210 8024978.884433 20690460.401508 46 49
199426 23057006.046804 119770419.983957 -630.819519 44 3.372745 16.817863 -16978982.572507 8017705.090585 20679011.355407 46 49
199427 23057127.256016 119770419.983957 -630.811890 44 3.372904 16.818483 -16981154.071535 8016796.823548 20677578.522243 46 49
199428 23057248.439053 119770419.983957 -630.388000 44 3.373064 16.819103 -16983325.482750 8015888.769219 20676145.310856 46 49
199429 23057369.648266 119770419.983957 -631.228088 44 3.373223 16.819574 -16985496.806092 8014980.927595 20674711.721272 46 49
199430 23057490.735327 119770419.983957 -630.826721 44 3.373382 16.820196 -16987668.041505 8014073.298677 20673277.753518 46 49
199437 23058340.953561 119770419.983957 -630.900024 44 3.374497 16.824392 -17002864.222230 8007725.851946 20663229.392726 46 49
199438 23058462.651379 119770419.983957 -633.056152 44 3.374657 16.825014 -17005034.752054 8006819.924632 20661792.400553 46 49
199439 23058584.331747 119770419.983957 -633.686096 44 3.374816 16.825636 -17007205.193412 8005914.210013 20660355.030444 46 49
199440 23058706.142992 119770419.983957 -633.679260 44 3.374976 16.826256 -17009375.546246 8005008.708088 20658917.282428 46 49
199441 23058827.945512 119770419.983957 -633.900879 44 3.375136 16.826878 -17011545.810498 8004103.418855 20657479.156530 46 49
199442 23058949.433928 119770419.983957 -632.024231 44 3.375296 16.827499 -17013715.986109 8003198.342313 20656040.652773 46 49
199446 23059434.776834 119770419.983957 -632.117432 44 3.375936 16.829836 -17022395.800867 7999580.163069 20650282.859764 46 49
199447 23059556.483378 119770419.983957 -633.873474 44 3.376096 16.830458 -17024565.532377 7998676.149967 20648842.467123 46 49
199448 23059678.530200 119770419.983957 -634.557800 44 3.376256 16.831079 -17026735.174887 7997772.349549 20647401.696784 46 49
199449 23059800.262919 119770419.983957 -634.549255 43 3.376415 16.831701 -17028904.728342 7996868.761814 20645960.548771 46 49
199450 23059922.039264 119770419.983957 -634.712708 44 3.376575 16.832172 -17031074.192681 7995965.386760 20644519.023113 46 49
199451 23060043.135050 119770419.983957 -631.627991 44 3.376734 16.832796 -17033243.567850 7995062.224384 20643077.119832 46 49
199456 23060650.969759 119770419.983957 -632.970825 44 3.377531 16.835909 -17044089.103891 7990549.602701 20635861.940118 46 49
199457 23060772.685028 119770419.983957 -633.868103 44 3.377691 16.836380 -17046257.942761 7989647.716380 20634417.771674 46 49
199458 23060894.644600 119770419.983957 -635.200134 44 3.377850 16.837002 -17048426.692038 7988746.042730 20632973.225797 46 49
199459 23061016.604172 119770419.983957 -635.130432 44 3.378010 16.837626 -17050595.351667 7987844.581748 20631528.302510 46 49
199460 23061138.624819 119770419.983957 -635.173401 44 3.378169 16.838247 -17052763.921587 7986943.333435 20630083.001841 46 49
199465 23061746.398453 119770419.983957 -632.752075 44 3.378969 16.841211 -17063605.423429 7982440.281864 20622850.838723 46 49
199466 23061868.200973 119770419.983957 -634.126465 44 3.379129 16.841835 -17065773.453859 7981540.309527 20621403.274311 46 49
199467 23061989.959867 119770419.983957 -633.581970 44 3.379290 16.842459 -17067941.394167 7980640.549847 20619955.332700 46 49
199468 23062111.614060 119770419.983957 -633.596191 44 3.379451 16.843082 -17070109.244294 7979741.002823 20618507.013918 46 49
199469 23062233.660883 119770419.983957 -635.389282 44 3.379611 16.843706 -17072277.004177 7978841.668455 20617058.317993 46 49
199475 23062965.976720 119770419.983957 -633.993713 44 3.380573 16.847296 -17085281.665021 7973450.127938 20608358.223930 46 49
199476 23063087.805416 119770419.983957 -634.953491 44 3.380733 16.847921 -17087448.791562 7972552.282108 20606906.888728 46 49
199477 23063209.895864 119770419.983957 -636.369995 44 3.380893 16.848545 -17089615.827388 7971654.648920 20605455.176594 46 49
199478 23063332.056113 119770419.983957 -636.522583 44 3.381054 16.849018 -17091782.772439 7970757.228373 20604003.087554 46 49
199479 23063454.251263 119770419.983957 -636.787476 44 3.381214 16.849642 -17093949.626657 7969860.020464 20602550.621633 46 49
199484 23064064.624979 119770419.983957 -636.015381 44 3.382016 16.852764 -17104782.533110 7965377.170479 20595282.639802 46 49
199485 23064187.291285 119770419.983957 -636.911987 44 3.382177 16.853235 -17106948.841086 7964481.238370 20593827.913158 46 49
199486 23064309.992491 119770419.983957 -637.141968 44 3.382338 16.853861 -17109115.057815 7963585.518888 20592372.809818 46 49
199487 23064432.658796 119770419.983957 -637.196533 44 3.382498 16.854485 -17111281.183238 7962690.012031 20590917.329811 46 49
199488 23064555.325102 119770419.983957 -637.583069 44 3.382658 16.855110 -17113447.217297 7961794.717798 20589461.473161 46 49
199489 23064677.485351 119770419.983957 -635.129028 44 3.382819 16.855736 -17115613.159934 7960899.636185 20588005.239894 46 49
199490 23064921.980352 119770419.983957 -635.078735 44 3.383139 16.856985 -17119944.770615 7959110.110852 20585091.643677 46 49
199494 23065288.356399 119770419.983957 -636.186890 44 3.383619 16.858709 -17126441.499602 7956427.417420 20580718.425317 46 49
199495 23065410.647524 119770419.983957 -637.227844 44 3.383780 16.859335 -17128606.892450 7955533.611501 20579259.932918 46 49
199496 23065533.104427 119770419.983957 -637.483093 44 3.383940 16.859961 -17130772.193458 7954640.018192 20577801.064090 46 49
199497 23065655.439179 119770419.983957 -636.853333 44 3.384099 16.860586 -17132937.402569 7953746.637490 20576341.818860 46 50
199498 23065777.747755 119770419.483957 -636.882690 44 3.384260 16.861212 -17135102.519724 7952853.469394 20574882.197253 46 50
199499 23065899.698602 119770419.483957 -635.127625 44 3.384419 16.861683 -17137267.544866 7951960.513900 20573422.199296 46 50
199504 23066509.819290 119770419.483957 -636.261719 44 3.385217 16.864815 -17148091.288180 7947498.925458 20566116.565261 46 50
199505 23066632.058065 119770419.483957 -637.130066 44 3.385377 16.865288 -17150255.759982 7946607.245548 20564654.309769 46 50
199506 23066754.035087 119770419.483957 -636.487549 44 3.385536 16.865913 -17152420.139356 7945715.778228 20563191.678114 46 50
199507 23066876.099360 119770419.483957 -636.778625 44 3.385696 16.866539 -17154584.426241 7944824.523496 20561728.670323 46 50
199514 23067732.974852 119770419.483957 -636.598022 44 3.386812 16.870773 -17169731.839671 7938591.692729 20551477.086293 46 50
199515 23067854.925699 119770419.483957 -635.954651 44 3.386972 16.871399 -17171895.384515 7937702.138633 20550011.070376 46 50
199516 23067977.155749 119770419.483957 -636.590942 44 3.387132 16.872026 -17174058.836336 7936812.797109 20548544.678564 46 50
199517 23068099.490500 119770419.483957 -637.048279 43 3.387291 16.872654 -17176222.195076 7935923.668154 20547077.910885 46 50
199524 23068957.151252 119770419.483957 -639.859924 44 3.388409 16.876892 -17191363.094948 7929705.717242 20536800.015119 45 50
199525 23069079.957159 119770419.483957 -639.487061 44 3.388569 16.877520 -17193525.706914 7928818.288760 20535330.241456 45 50
199526 23069202.492588 119770419.483957 -637.718018 44 3.388729 16.877993 -17195688.225269 7927931.072826 20533860.092165 45 50
199527 23069324.774989 119770419.483957 -636.773254 44 3.388889 16.878620 -17197850.649955 7927044.069438 20532389.567272 45 50
199528 23069447.205717 119770419.483957 -637.810303 44 3.389049 16.879250 -17200012.980909 7926157.278595 20530918.666805 45 50
199536 23070429.373772 119770419.483957 -637.817871 44 3.390336 16.884121 -17217308.247046 7919070.603249 20519137.945703 45 50
199537 23070552.031352 119770419.483957 -638.095276 44 3.390497 16.884748 -17219469.731764 7918185.725211 20517663.666281 45 50
199538 23070674.811084 119770419.483957 -638.956238 44 3.390659 16.885378 -17221631.122160 7917301.059697 20516189.011554 45 50
199539 23070797.459940 119770419.483957 -639.069458 44 3.390820 16.886007 -17223792.418175 7916416.606701 20514713.981548 45 50
199546 23071657.738224 120136333.143847 -638.669006 44 3.391946 16.890255 -17238918.842570 7910231.386140 20504378.266039 45 50
199547 23071780.064251 120136333.143847 -638.275574 43 3.392107 16.890730 -17241079.381416 7909348.633220 20502900.234774 45 50
199548 23071902.477528 120136333.143847 -638.621216 43 3.392267 16.891357 -17243239.825349 7908466.092800 20501421.828473 45 50
199549 23072025.100208 120136333.143847 -639.761658 43 3.392428 16.891987 -17245400.174310 7907583.764876 20499943.047165 45 50
199556 23072886.477856 120136333.143847 -642.606812 43 3.393558 16.896240 -17260519.952765 7901413.419143 20489581.080095 45 50
199557 23073009.615318 120136333.143847 -640.838196 43 3.393720 16.896872 -17262679.539824 7900532.791102 20488099.299689 45 50
199558 23073132.412500 120136333.643847 -639.494080 43 3.393881 16.897501 -17264839.031382 7899652.375535 20486617.144516 45 50
199559 23073255.244582 120136333.643847 -639.767029 43 3.394043 16.898132 -17266998.427378 7898772.172439 20485134.614605 45 50
199560 23073378.286068 120136333.643847 -641.226624 43 3.394204 16.898762 -17269157.727751 7897892.181813 20483651.709982 45 50
199566 23074118.061874 120136333.643847 -640.245667 43 3.395173 16.902390 -17282111.518546 7892616.699797 20474746.414881 45 50
199567 23074241.234235 120136333.643847 -640.874023 43 3.395334 16.903021 -17284270.147917 7891738.196381 20473260.888034 45 50
199568 23074364.397872 120136333.643847 -640.740234 43 3.395496 16.903494 -17286428.681195 7890859.905413 20471774.986693 45 50
199569 23074487.613860 120136333.643847 -640.969543 44 3.395658 16.904125 -17288587.118319 7889981.826891 20470288.710884 45 50
199570 23074610.925823 120136333.643847 -641.722046 44 3.395820 16.904757 -17290745.459232 7889103.960811 20468802.060634 45 50
199579 23075722.522144 120136333.643847 -641.978088 44 3.397282 16.910282 -17310166.188084 7881212.725616 20455405.363089 45 50
199580 23075845.930083 120136333.643847 -641.875916 44 3.397444 16.910915 -17312323.563633 7880336.983815 20453914.969923 45 50
199581 23075969.521251 120136333.643847 -643.107544 44 3.397606 16.911547 -17314480.842320 7879461.454428 20452424.202617 45 50
199582 23076093.077517 120136333.643847 -642.889099 44 3.397769 16.912022 -17316638.024087 7878586.137451 20450933.061195 45 50
199583 23076216.363306 120136333.643847 -641.678650 44 3.397931 16.912653 -17318795.108877 7877711.032880 20449441.545684 45 50
199591 23077205.607424 120136333.643847 -643.268433 44 3.399234 16.917555 -17336048.288767 7870717.842665 20437495.957774 45 50
199592 23077328.980464 120136333.643847 -643.365601 44 3.399397 16.918188 -17338204.498090 7869844.649629 20436001.076699 45 50
199593 23077452.327328 120136333.643847 -642.689758 44 3.399560 16.918821 -17340360.609844 7868971.668972 20434505.821808 45 50
199594 23077576.075547 120136333.643847 -644.455811 44 3.399723 16.919455 -17342516.623967 7868098.900691 20433010.193132 45 50
199595 23077700.068069 120136333.643847 -645.417236 44 3.399886 16.920088 -17344672.540402 7867226.344783 20431514.190695 45 50
199596 23077823.912264 120136333.643847 -645.309265 43 3.400050 16.920563 -17346828.359091 7866354.001244 20430017.814525 45 50
199597 23077947.843711 120136333.643847 -645.459900 43 3.400213 16.921196 -17348984.079974 7865481.870072 20428521.064648 45 50
199604 23078814.578576 120136333.643847 -645.713257 44 3.401357 16.925470 -17364071.382586 7859382.897908 20418033.354089 45 50
199605 23078938.370420 120136333.643847 -644.000610 44 3.401521 16.926105 -17366226.318907 7858512.465559 20416533.615546 45 50
199606 23079061.979038 120136333.643847 -642.982117 44 3.401684 16.926739 -17368381.156892 7857642.245548 20415033.503542 45 50
199607 23079185.718532 120136333.643847 -643.581787 44 3.401847 16.927372 -17370535.896482 7856772.237874 20413533.018106 45 50
199608 23079309.571452 120136333.643847 -643.898804 44 3.402010 16.928005 -17372690.537618 7855902.442534 20412032.159265 45 50
199613 23080054.425271 120136333.643847 -646.281311 44 3.402989 16.931654 -17385616.313500 7850688.129348 20403019.166306 45 51
199616 23080302.288164 120136333.643847 -643.872681 44 3.403315 16.932922 -17389924.115187 7848951.723463 20400011.849297 45 51
199617 23080426.097459 120136333.643847 -644.689636 44 3.403478 16.933397 -17392077.867584 7848083.838978 20398507.631040 45 51
199618 23080549.784602 120136333.643847 -644.267151 44 3.403641 16.934032 -17394231.520938 7847216.166795 20397003.039651 45 51
199619 23080673.384494 120136333.643847 -644.482727 44 3.403805 16.934668 -17396385.075190 7846348.706909 20395498.075158 45 51
199627 23081665.568975 120136333.643847 -645.724670 44 3.405107 16.939590 -17413609.934335 7839416.670214 20383444.930847 45 51
199628 23081789.395720 120136333.643847 -645.058594 44 3.405270 16.940226 -17415762.594010 7838551.120866 20381936.609657 45 51
199629 23081913.126488 120136333.643847 -645.062378 43 3.405432 16.940861 -17417915.153993 7837685.783783 20380427.915637 45 51
199630 23082037.267337 120136333.643847 -646.508789 43 3.405595 16.941496 -17420067.614223 7836820.658964 20378918.848819 45 51
199631 23082161.329661 120136333.643847 -645.711426 43 3.405758 16.941973 -17422219.974643 7835955.746403 20377409.409226 45 51
199638 23083030.786759 120136333.643847 -645.775940 44 3.406897 16.946264 -17437283.697868 7829907.301469 20366832.896782 45 51
199639 23083154.744381 120136333.643847 -646.093933 44 3.407061 16.946901 -17439435.257688 7829044.086855 20365320.475990 45 51
199640 23083278.789254 120136333.643847 -646.358459 44 3.407225 16.947538 -17441586.717167 7828181.084469 20363807.682672 45 51
199641 23083403.087155 120136333.643847 -647.863403 44 3.407388 16.948174 -17443738.076245 7827318.294308 20362294.516857 45 51
199642 23083527.419956 120136333.643847 -648.623230 44 3.407552 16.948811 -17445889.334865 7826455.716368 20360780.978571 45 51
199649 23084397.522713 120136333.643847 -649.021057 43 3.408697 16.953108 -17460945.327349 7820423.612712 20350175.783775 45 51
199650 23084522.396471 120136333.643847 -649.460144 44 3.408861 16.953745 -17463095.780179 7819562.732415 20348659.266722 45 51
199651 23084647.322580 120136333.643847 -649.506836 44 3.409024 16.954382 -17465246.132021 7818702.064307 20347142.377448 45 51
199652 23084772.362115 120136333.643847 -649.460205 44 3.409188 16.954859 -17467396.382815 7817841.608384 20345625.115981 45 51
199653 23084897.043921 120136333.643847 -648.078125 44 3.409352 16.955496 -17469546.532505 7816981.364643 20344107.482345 45 51
199654 23085021.533774 120136333.643847 -647.455750 44 3.409171 16.956135 -17471696.581032 7816121.333079 20342589.476569 45 51
199659 23085644.567624 120136333.643847 -648.142212 44 3.410075 16.959162 -17482445.304042 7811824.357841 20334993.866641 45 51
199660 23085769.293055 120136333.643847 -649.458618 44 3.410242 16.959801 -17484594.744341 7810965.599271 20333473.628616 45 51
199661 23085894.114462 120136333.643847 -649.931824 44 3.410409 16.960438 -17486744.083061 7810107.052854 20331953.018646 45 51
199662 23086019.084197 120136333.643847 -650.245850 44 3.410576 16.961077 -17488893.320144 7809248.718586 20330432.036761 45 51
199663 23086144.027756 120136333.643847 -649.952881 44 3.410743 16.961714 -17491042.455533 7808390.596463 20328910.682986 45 51
199664 23086268.473983 120136333.643847 -648.061279 44 3.410911 16.962353 -17493191.489171 7807532.686480 20327388.957347 45 51
199671 23087140.243236 120136333.643847 -649.071350 43 3.412088 16.966660 -17508231.870498 7801533.256280 20316726.468147 45 51
199672 23087265.055919 120136333.643847 -649.405151 44 3.412257 16.967138 -17510380.087984 7800677.043294 20315201.768618 45 51
199673 23087389.571947 120136333.643847 -648.369324 44 3.412426 16.967777 -17512528.203188 7799821.042415 20313676.697477 45 51
199674 23087514.236303 120136333.643847 -649.425964 44 3.412593 16.968414 -17514676.216048 7798965.253639 20312151.254752 45 51
199675 23087639.136236 120136333.643847 -650.781555 44 3.412763 16.969055 -17516824.126505 7798109.676964 20310625.440473 45 51
199682 23088512.414933 120136333.643847 -649.331116 44 3.413938 16.973368 -17531856.627447 7792126.578732 20299934.339353 45 51
199683 23088637.018213 120136333.643847 -649.625916 44 3.414108 16.974007 -17534003.716577 7791272.698712 20298405.553629 45 51
199684 23088761.569142 120136333.643847 -649.673950 43 3.414277 16.974648 -17536150.702776 7790419.030758 20296876.396601 45 51
199685 23088886.172422 120136333.643847 -649.839111 43 3.414447 16.975286 -17538297.585984 7789565.574863 20295346.868296 45 51
199686 23089010.932753 120136333.643847 -650.203430 43 3.414617 16.975763 -17540444.366143 7788712.331026 20293816.968742 45 51
199693 23089886.043723 120136333.643847 -650.212524 44 3.415801 16.980083 -17555468.936853 7782745.561446 20283097.279305 45 51
199694 23090011.153059 120136333.643847 -651.950378 44 3.415970 16.980722 -17557614.890502 7781894.013917 20281564.410765 45 51
199695 23090136.436897 120136333.643847 -652.792664 43 3.416138 16.981363 -17559760.740571 7781042.678408 20280031.171229 45 51
199696 23090261.694560 120136333.643847 -652.872375 43 3.416307 16.982004 -17561906.487003 7780191.554915 20278497.560724 45 51
199697 23090387.065649 120136333.643847 -652.821411 44 3.416476 16.982645 -17564052.129739 7779340.643434 20276963.579277 45 51
199698 23090512.497814 120136333.643847 -653.057007 44 3.416645 16.983286 -17566197.668720 7778489.943961 20275429.226917 45 51
199699 23090637.807828 120136333.643847 -652.550720 44 3.416815 16.983927 -17568343.103888 7777639.456492 20273894.503670 45 51
199705 23091387.896712 120136333.643847 -651.507385 44 3.417830 16.987610 -17581213.531452 7772540.983547 20264678.377209 45 51
199706 23091513.363778 120136333.643847 -653.231873 44 3.417999 16.988253 -17583358.238279 7771691.979987 20263141.058547 45 51
199707 23091638.839569 120136333.643847 -654.121948 43 3.418167 16.988729 -17585502.840821 7770843.188397 20261603.369225 45 51
199708 23091764.350260 120136333.643847 -653.898499 43 3.418335 16.989370 -17587647.339021 7769994.608773 20260065.309269 45 51
199709 23091890.000553 120136333.643847 -654.222107 43 3.418503 16.990013 -17589791.732818 7769146.241112 20258526.878708 45 51
199710 23092015.519969 120136333.643847 -653.410278 44 3.418670 16.990654 -17591936.022156 7768298.085407 20256988.077569 45 51
199711 23092140.585679 120136333.643847 -651.447510 44 3.418839 16.991297 -17594080.206978 7767450.141654 20255448.905879 45 51
199717 23092892.594088 120136333.643847 -653.337524 44 3.419849 16.994986 -17606943.117626 7762366.929953 20246206.095844 45 51
199718 23093018.366532 120136333.643847 -654.484680 44 3.420017 16.995626 -17609086.569164 7761520.469754 20244664.331100 45 51
199719 23093144.077901 120136333.643847 -654.781616 44 3.420186 16.996269 -17611229.915713 7760674.221474 20243122.196030 45 51
199720 23093269.876520 120136333.643847 -654.972473 43 3.420354 16.996912 -17613373.157213 7759828.185109 20241579.690665 45 51
199721 23093395.483188 120136333.643847 -653.615662 43 3.420522 16.997391 -17615516.293608 7758982.360653 20240036.815031 45 51
199722 23093520.679775 120136333.643847 -652.094910 44 3.420689 16.998034 -17617659.324840 7758136.748101 20238493.569155 45 52
199730 23094524.791479 120136333.643847 -652.958069 44 3.422032 17.003014 -17634799.781585 7751379.475795 20226134.276960 45 52
199731 23094650.110218 120136333.643847 -653.231750 44 3.422199 17.003656 -17636941.863682 7750535.770194 20224587.700192 45 52
199732 23094775.586008 120136333.643847 -653.480164 44 3.422367 17.004299 -17639083.840025 7749692.276455 20223040.753468 45 52
199733 23094901.061799 120136333.643847 -653.832214 44 3.422535 17.004944 -17641225.710555 7748848.994572 20221493.436814 45 52
199734 23095026.528864 120136333.643847 -653.827148 43 3.422703 17.005587 -17643367.475215 7748005.924541 20219945.750257 45 52
199736 23095404.256278 120136333.643847 -655.677979 43 3.423206 17.007353 -17649792.133293 7745477.985550 20215300.471528 45 52
199742 23096032.525192 120136333.643847 -654.724731 43 3.424042 17.010408 -17660497.774005 7741268.990454 20207550.944812 45 52
199743 23096158.053333 120136333.643847 -654.157104 43 3.424209 17.011053 -17662638.583186 7740427.826886 20205999.930413 45 52
199744 23096283.546574 120136333.143847 -654.533386 44 3.424376 17.011698 -17664779.285908 7739586.875123 20204448.546395 45 52
199745 23096409.249218 120136333.143847 -655.237976 44 3.424543 17.012341 -17666919.882113 7738746.135162 20202896.792788 45 52
199746 23096535.178714 120136333.143847 -655.857971 43 3.424710 17.012985 -17669060.371740 7737905.606999 20201344.669619 45 52
199754 23097543.452295 120136333.143847 -654.532776 44 3.426039 17.017979 -17686180.444912 7731189.005847 20188914.383491 45 52
199755 23097669.442867 120136333.143847 -655.324280 44 3.426206 17.018625 -17688319.972718 7730350.383643 20187358.935537 45 52
199756 23097795.311288 120136333.143847 -655.172913 43 3.426373 17.019104 -17690459.393362 7729511.973188 20185803.118304 45 52
199757 23097921.197158 120136333.143847 -655.467529 43 3.426539 17.019749 -17692598.706785 7728673.774479 20184246.931820 45 52
199758 23098047.126655 120136333.143847 -655.892944 43 3.426707 17.020395 -17694737.912928 7727835.787509 20182690.376115 45 52
199759 23098173.239378 120136333.143847 -657.249390 43 3.426874 17.021040 -17696877.011731 7726998.012275 20181133.451216 45 52
199765 23098929.409664 120136333.143847 -655.868530 43 3.427877 17.024748 -17709709.347074 7721975.807067 20171784.150409 45 52
199766 23099055.635814 120136333.143847 -657.719299 43 3.428044 17.025394 -17711847.692862 7721139.513844 20170224.641952 45 52
199767 23099182.045191 120136333.143847 -658.148010 43 3.428212 17.026041 -17713985.930842 7720303.432317 20168664.764530 45 52
199768 23099308.533094 120136333.143847 -658.275513 43 3.428380 17.026686 -17716124.060954 7719467.562482 20167104.518170 45 52
199769 23099434.802870 120136333.143847 -657.228333 43 3.428548 17.027166 -17718262.083142 7718631.904332 20165543.902900 45 52
199770 23099560.837067 120136333.143847 -655.963135 43 3.428716 17.027813 -17720399.997347 7717796.457864 20163982.918747 45 52
199771 23099686.827640 120136333.143847 -655.341919 43 3.428884 17.028460 -17722537.803511 7716961.223072 20162421.565743 45 52
199779 23100696.811342 120136333.143847 -652.845581 44 3.430237 17.033466 -17739636.356141 7710286.964531 20149917.466512 45 52
199780 23100823.403946 120136333.143847 -658.390930 43 3.430405 17.034113 -17741773.187275 7709453.634605 20148352.795123 45 52
199781 23100949.979101 120136333.143847 -658.060852 43 3.430572 17.034760 -17743909.909780 7708620.516305 20146787.755166 45 52
199784 23101329.146157 120136333.143847 -657.023132 43 3.431074 17.036535 -17750319.424855 7706122.431145 20142090.424235 45 52
199785 23101455.503184 120136333.143847 -656.700745 43 3.431241 17.037184 -17752455.712258 7705290.159300 20140523.910295 45 52
199786 23101582.087063 120136333.143847 -658.242554 43 3.431409 17.037830 -17754591.890736 7704458.099057 20138957.027931 45 52
199787 23101708.897795 120136333.143847 -659.247864 43 3.431577 17.038479 -17756727.960232 7703626.250410 20137389.777172 45 52
199788 23101835.647452 120136333.143847 -659.353577 44 3.431747 17.039125 -17758863.920688 7702794.613354 20135822.158047 45 52
199789 23101962.432009 120136333.143847 -659.470581 44 3.431918 17.039774 -17760999.772046 7701963.187883 20134254.170583 45 52
199790 23102089.129315 120136333.143847 -659.530090 44 3.432090 17.040253 -17763135.514247 7701131.973993 20132685.814808 45 52
199791 23102215.625943 120136333.143847 -658.108032 44 3.432261 17.040901 -17765271.147234 7700300.971677 20131117.090751 45 52
199792 23102342.087671 120136333.143847 -658.338928 44 3.432430 17.041550 -17767406.670947 7699470.180932 20129547.998442 45 52
199793 23102468.392347 120136333.143847 -657.978882 43 3.432600 17.042198 -17769542.085328 7698639.601750 20127978.537907 45 52
199794 23102594.845350 120136333.143847 -658.063782 43 3.432769 17.042847 -17771677.390317 7697809.234129 20126408.709178 45 52
199795 23102721.525206 120136333.143847 -659.152283 43 3.432938 17.043493 -17773812.585853 7696979.078064 20124838.512284 45 52
199803 23103734.929151 120136333.643847 -657.803345 43 3.434285 17.048515 -17790890.202825 7690345.444899 20112263.686624 45 52
199804 23103861.373429 120136333.643847 -658.504822 43 3.434454 17.048996 -17793024.410674 7689517.192587 20110690.177518 45 52
199805 23103987.774081 120136333.643847 -658.782288 43 3.434623 17.049644 -17795158.508487 7688689.151775 20109116.300531 45 52
199806 23104114.506287 120136333.643847 -660.490967 43 3.434792 17.050295 -17797292.496203 7687861.322461 20107542.055696 45 52
199807 23104241.229768 120136333.643847 -660.731140 43 3.434962 17.050943 -17799426.373766 7687033.704638 20105967.443037 45 52
199817 23105509.005537 120136333.643847 -661.119629 43 3.436648 17.057272 -17820759.077979 7678769.157262 20090201.092601 45 52
199818 23105636.095473 120136333.643847 -661.916992 43 3.436816 17.057753 -17822891.739985 7677943.865485 20088622.435795 45 52
199819 23105762.932381 120136333.643847 -660.035583 43 3.436984 17.058403 -17825024.291136 7677118.785133 20087043.411510 45 52
199820 23105889.847814 120136333.643847 -660.606873 43 3.437152 17.059053 -17827156.731372 7676293.916201 20085464.019777 45 52
199821 23106016.649822 120136333.643847 -660.036987 43 3.437320 17.059704 -17829289.060635 7675469.258684 20083884.260624 45 52
199822 23106143.582705 120136333.643847 -661.025635 43 3.437488 17.060354 -17831421.278865 7674644.812577 20082304.134080 45 52
199823 23106270.533039 120136333.643847 -661.604980 43 3.437656 17.061005 -17833553.386004 7673820.577874 20080723.640175 45 52
199832 23107414.377362 120136333.643847 -661.353149 43 3.439168 17.066523 -17852737.341429 7666411.977835 20066482.668564 45 52
199833 23107541.127019 120136333.643847 -660.119629 44 3.439337 17.067175 -17854868.334444 7665589.856863 20064898.502624 45 52
199834 23107668.033727 120136333.643847 -660.609863 44 3.439505 17.067825 -17856999.215722 7664767.947234 20063313.969642 45 52
199835 23107794.870635 120136333.643847 -660.560059 44 3.439673 17.068478 -17859129.985208 7663946.248941 20061729.069643 45 53
199845 23109068.064696 120136333.643847 -662.225159 43 3.441360 17.074656 -17880431.518458 7655740.888315 20045859.890253 45 53
199846 23109195.102282 120136333.643847 -661.706726 43 3.441530 17.075308 -17882561.054356 7654921.514347 20044270.954995 45 53
199847 23109322.314369 120136333.643847 -662.307007 43 3.441700 17.075960 -17884690.477757 7654102.351648 20042681.653070 45 53
199848 23109449.631157 120136333.643847 -662.423462 43 3.441868 17.076612 -17886819.788604 7653283.400212 20041091.984506 45 53
199849 23109576.860695 120136333.643847 -662.160034 44 3.442038 17.077265 -17888948.986840 7652464.660031 20039501.949331 45 53
199850 23109704.142583 120136333.643847 -662.764282 44 3.442207 17.077917 -17891078.072404 7651646.131100 20037911.547576 45 53
199857 23110597.436680 120136333.643847 -663.606445 43 3.443395 17.082317 -17905978.511559 7645922.343137 20026768.473533 45 53
199858 23110724.788369 120136333.643847 -662.504272 44 3.443565 17.082972 -17908106.693651 7645105.503997 20025175.140175 45 53
199859 23110852.078982 120136333.643847 -662.820923 44 3.443734 17.083454 -17910234.762546 7644288.876054 20023581.440497 45 53
199859 23110979.334695 120136333.643847 -663.012878 43 3.443734 17.083454 -17910234.762546 7644288.876054 20023581.440497 45 53
199868 23112000.748290 120136333.143847 -663.845337 44 3.445253 17.089167 -17929382.278977 7636948.727494 20009221.663892 45 53
199869 23112128.108704 120136333.143847 -663.606018 43 3.445421 17.089821 -17931509.212684 7636134.211194 20007624.302618 45 53
199870 23112255.591270 120136333.143847 -663.394409 43 3.445588 17.090473 -17933636.032550 7635319.906025 20006026.575346 45 53
199871 23112383.108736 120136333.143847 -663.464905 43 3.445756 17.091127 -17935762.738517 7634505.811982 20004428.482104 45 53
199872 23112510.748353 120136333.143847 -664.070679 43 3.445924 17.091782 -17937889.330526 7633691.929058 20002830.022922 45 53
199880 23113534.386851 120136333.143847 -664.627075 43 3.447277 17.096676 -17954897.957030 7627188.465252 19990029.179160 44 53
199881 23113662.104995 120136333.143847 -664.940186 43 3.447446 17.097332 -17957023.520794 7626376.482123 19988427.427822 44 53
199882 23113789.727162 120136333.143847 -664.662292 43 3.447616 17.097986 -17959148.970018 7625564.710051 19986825.310834 44 53
199883 23113917.454031 120136333.143847 -665.416931 43 3.447786 17.098642 -17961274.304641 7624753.149031 19985222.828226 44 53
199884 23114045.032573 120136333.143847 -664.928345 43 3.447955 17.099297 -17963399.524607 7623941.799056 19983619.980027 44 53
199895 23115453.640324 120136333.143847 -668.426819 43 3.449821 17.106165 -17986769.359962 7615030.876557 19965964.529317 44 53
199896 23115581.698747 120136333.143847 -667.090942 43 3.449991 17.106821 -17988893.199469 7614222.058634 19964357.296316 44 53
199897 23115709.338365 120136333.143847 -664.889832 43 3.450161 17.107477 -17991016.923562 7613413.451674 19962749.698103 44 53
199898 23115836.977982 120136333.143847 -665.088196 43 3.450333 17.108133 -17993140.532178 7612605.055670 19961141.734709 44 53
199899 23115964.565249 120136333.143847 -664.783813 43 3.450503 17.108789 -17995264.025261 7611796.870617 19959533.406164 44 53
199900 23116092.187417 120136333.143847 -664.911865 43 3.450673 17.109446 -17997387.402751 7610988.896508 19957924.712497 44 53
199908 23117117.492410 120136333.143847 -665.930725 43 3.452043 17.114355 -18014370.254219 7604532.696892 19945042.022382 44 53
199909 23117245.681710 120136333.143847 -667.879272 43 3.452214 17.115011 -18016492.588744 7603726.620990 19943430.043943 44 53
199910 23117373.914635 120136333.143847 -667.837036 43 3.452387 17.115669 -18018614.807093 7602920.755969 19941817.700676 44 53
199911 23117501.964333 120136333.143847 -666.809326 43 3.452559 17.116325 -18020736.909209 7602115.101820 19940204.992609 44 53
199912 23117630.048931 120136333.143847 -667.106934 43 3.452730 17.116983 -18022858.895031 7601309.658537 19938591.919773 44 53
199913 23117758.316756 120136333.143847 -667.715454 43 3.452901 17.117641 -18024980.764500 7600504.426115 19936978.482199 44 53
199920 23118656.741217 120136333.143847 -668.598511 43 3.454100 17.122072 -18039830.587963 7594873.702713 19925674.209001 44 53
199921 23118785.087568 120136333.143847 -667.430176 43 3.454272 17.122557 -18041951.524521 7594070.156932 19924057.854569 44 53
199922 23118913.416469 120136333.143847 -667.851440 43 3.454443 17.123215 -18044072.344202 7593266.821951 19922441.135662 44 53
199923 23119041.579594 120136333.143847 -667.133911 43 3.454614 17.123873 -18046193.046950 7592463.697764 19920824.052309 44 53
199924 23119169.751443 120136333.143847 -667.696838 43 3.454786 17.124531 -18048313.632705 7591660.784364 19919206.604540 44 53
199932 23120197.508192 120136333.643847 -668.357422 43 3.456161 17.129625 -18065274.099899 7585245.064732 19906253.907049 44 53
199933 23120326.107572 120136333.643847 -669.923096 43 3.456334 17.130285 -18067393.630089 7584444.048115 19904633.180872 44 53
199934 23120454.672051 120136333.643847 -670.187805 43 3.456506 17.130945 -18069513.042704 7583643.242217 19903012.090574 44 53
199935 23120583.341231 120136333.643847 -670.424438 43 3.456678 17.131430 -18071632.337684 7582842.647033 19901390.636186 44 53
199936 23120712.115113 120136333.643847 -670.572449 43 3.456851 17.132088 -18073751.514970 7582042.262555 19899768.817738 44 53
199937 23120840.566166 120136333.643847 -668.636292 43 3.457024 17.132748 -18075870.574507 7581242.088776 19898146.635256 44 53
199938 23120968.833991 120136333.643847 -667.866882 43 3.457196 17.133408 -18077989.516236 7580442.125688 19896524.088772 44 53
199945 23121869.780008 120136333.643847 -671.524963 43 3.458404 17.137852 -18092818.804684 7574848.282930 19885156.073897 44 53
199946 23121998.867994 120136333.643847 -672.696228 43 3.458577 17.138512 -18094936.801836 7574050.005137 19883530.616469 44 53
199947 23122127.755302 120136333.643847 -671.452698 43 3.458750 17.139172 -18097054.680655 7573251.937975 19881904.795305 44 53
199948 23122256.459383 120136333.643847 -670.330872 43 3.458923 17.139832 -18099172.441083 7572454.081436 19880278.610434 44 53
199949 23122384.884260 120136333.643847 -669.063232 43 3.459095 17.140318 -18101290.083064 7571656.435513 19878652.061886 44 54
199950 23122513.405114 120136333.643847 -669.632019 43 3.459268 17.140978 -18103407.606535 7570859.000200 19877025.149693 44 54
199959 23123674.289574 120136333.643847 -670.478516 43 3.460827 17.146749 -18122459.975169 7563691.558706 19862366.580862 44 54
199960 23123802.941305 120136333.643847 -669.708862 43 3.461000 17.147409 -18124576.310350 7562896.229104 19860736.033842 44 54
199961 23123931.697736 120136333.643847 -670.343628 43 3.461174 17.148071 -18126692.526382 7562101.110036 19859105.123503 44 54
199962 23124060.427993 120136333.643847 -670.835022 43 3.461347 17.148733 -18128808.623206 7561306.201493 19857473.849875 44 54
199963 23124189.166974 120136333.643847 -670.239746 44 3.461521 17.149218 -18130924.600765 7560511.503468 19855842.212988 44 54
199973 23125480.727390 120136333.643847 -673.806091 43 3.463265 17.155661 -18152077.803824 7552576.100188 19839505.871467 44 54
199974 23125610.129479 120136333.643847 -674.071594 43 3.463439 17.156322 -18154192.465615 7551783.717393 19837870.240692 44 54
199975 23125739.653721 120136333.643847 -674.387451 43 3.463614 17.156984 -18156307.007440 7550991.545029 19836234.247017 44 54
199976 23125869.038360 120136333.643847 -673.529053 43 3.463788 17.157471 -18158421.429244 7550199.583091 19834597.890469 44 54
199977 23125997.978019 120136333.643847 -671.453613 43 3.463962 17.158134 -18160535.730970 7549407.831568 19832961.171076 44 54
199978 23126126.900227 120136333.643847 -671.062500 43 3.464137 17.158796 -18162649.912558 7548616.290456 19831324.088871 44 54
199983 23126903.181889 120136333.643847 -674.008606 43 3.465184 17.162598 -18175332.475817 7543871.462026 19821493.978329 44 54
199987 23127291.021703 120136333.643847 -673.137207 43 3.465707 17.164587 -18181672.130905 7541501.887740 19816574.027479 44 54
199988 23127420.371442 120136333.643847 -673.495239 43 3.465882 17.165251 -18183785.107903 7540712.450329 19814933.318797 44 54
199989 23127549.590304 120136333.643847 -673.121826 43 3.466057 17.165915 -18185897.964125 7539923.223246 19813292.247630 44 54
199990 23127679.079645 120136333.143847 -674.675537 43 3.466232 17.166401 -18188010.699507 7539134.206487 19811650.814011 44 54
199991 23127808.298508 120136333.143847 -673.620850 43 3.466407 17.167063 -18190123.313997 7538345.400041 19810009.017967 44 54
199992 23127937.517370 120136333.143847 -673.302979 43 3.466582 17.167727 -18192235.807534 7537556.803902 19808366.859529 44 54
199999 23128843.157495 120136333.143847 -672.856018 43 3.467809 17.172199 -18207019.870636 7532042.518940 19796861.606032 44 54
200000 23128972.524685 120136333.143847 -673.469543 43 3.467984 17.172863 -18209131.394455 7531255.604990 19795216.549526 44 54
200001 23129101.769722 120136333.143847 -673.077087 43 3.468159 17.173529 -18211242.796799 7530468.901280 19793571.130896 44 54
200002 23129231.084561 120136333.143847 -673.358643 43 3.468335 17.174192 -18213354.077608 7529682.407802 19791925.350172 44 54
200003 23129360.530276 120136333.143847 -673.866211 43 3.468510 17.174856 -18215465.236823 7528896.124550 19790279.207385 44 54
200011 23130398.381976 120136333.143847 -676.356262 43 3.469914 17.179821 -18232350.126149 7522613.425742 19777097.034484 44 54
200012 23130528.098170 120136333.143847 -675.064209 43 3.470089 17.180487 -18234460.188416 7521829.034170 19775447.634479 44 54
200013 23130657.631136 120136333.143847 -673.991760 44 3.470264 17.181150 -18236570.128511 7521044.852746 19773797.872710 44 54
200014 23130787.207728 120136333.143847 -674.509399 44 3.470440 17.181816 -18238679.946373 7520260.881464 19772147.749208 44 54
200015 23130916.819220 120136333.143847 -674.656921 43 3.470615 17.182484 -18240789.641946 7519477.120314 19770497.264004 44 54
200016 23131046.535414 120136333.143847 -674.898560 43 3.470791 17.183147 -18242899.215171 7518693.569290 19768846.417127 44 54
200023 23131956.319966 120136333.143847 -677.571167 43 3.472019 17.187632 -18257662.797032 7513214.595020 19757280.364765 44 54
200024 23132086.105960 120136333.143847 -675.865479 43 3.472194 17.188120 -18259771.389383 7512432.724721 19755626.625593 44 54
200025 23132215.630201 120136333.143847 -674.539185 43 3.472370 17.188786 -18261879.858866 7511651.064477 19753972.525019 44 54
200026 23132345.145717 120136333.143847 -674.891541 43 3.472545 17.189451 -18263988.205420 7510869.614281 19752318.063073 44 54
200027 23132474.669958 120136333.143847 -674.863159 43 3.472721 17.190119 -18266096.428988 7510088.374125 19750663.239787 44 54
200036 23133644.611082 120136333.143847 -675.693237 43 3.474298 17.195942 -18285064.897016 7503066.663262 19735753.574941 44 54
200037 23133774.370901 120136333.143847 -676.228271 43 3.474473 17.196609 -18287171.887525 7502287.523074 19734095.139909 44 54
200038 23133904.183071 120136333.143847 -676.542236 43 3.474647 17.197098 -18289278.754408 7501508.592838 19732436.343868 44 54
200039 23134034.099942 120136333.143847 -676.844727 43 3.474822 17.197765 -18291385.497607 7500729.872548 19730777.186851 44 54
200047 23135076.034993 120136333.143847 -676.834534 43 3.476219 17.202929 -18308234.983557 7494507.667334 19717490.939210 44 54
200048 23135205.978039 120136333.143847 -676.952454 43 3.476393 17.203596 -18310340.610999 7493730.836191 19715828.534752 44 54
200049 23135336.139213 120136333.143847 -678.202637 43 3.476568 17.204266 -18312446.114177 7492954.214913 19714165.769621 44 54
200050 23135466.099710 120136333.143847 -677.370300 43 3.476742 17.204933 -18314551.493035 7492177.803492 19712502.643844 44 54
200051 23135596.304509 120136333.143847 -678.570923 43 3.476917 17.205603 -18316656.747512 7491401.601920 19710839.157454 44 54
200052 23135726.491859 120136333.143847 -678.240601 43 3.477091 17.206089 -18318761.877552 7490625.610189 19709175.310480 44 54
200059 23136638.126134 120136333.143847 -677.552429 42 3.478316 17.210592 -18333494.298646 7485199.542959 19697518.287926 44 54
200060 23136768.173882 120136333.143847 -678.557190 42 3.478491 17.211262 -18335598.431105 7484425.229660 19695851.557372 44 54
200061 23136898.710236 120136333.143847 -679.817932 43 3.478667 17.211931 -18337702.438601 7483651.126130 19694184.466511 44 54
200062 23137029.272765 120136333.143847 -680.248535 43 3.478842 17.212599 -18339806.321080 7482877.232358 19692517.015370 44 54
200063 23137159.931270 120136333.143847 -680.879028 43 3.479018 17.213270 -18341910.078484 7482103.548338 19690849.203979 44 55
200068 23137811.112320 120136333.143847 -677.991943 43 3.479896 17.216436 -18352426.987288 7478238.274235 19682504.744400 44 55
200069 23137941.352020 120136333.143847 -678.629211 43 3.480072 17.217106 -18354529.993030 7477465.848545 19680834.772148 44 55
200070 23138071.757498 120136333.143847 -679.101135 43 3.480247 17.217777 -18356632.873290 7476693.632549 19679164.439861 44 55
200071 23138202.450903 120136333.143847 -680.588440 43 3.480423 17.218447 -18358735.628010 7475921.626238 19677493.747570 44 55
200078 23139117.662473 120136333.143847 -680.655029 43 3.481652 17.222960 -18373451.391032 7470523.452558 19665788.823988 44 55
200079 23139248.338429 120136333.143847 -680.363525 43 3.481828 17.223448 -18375553.139361 7469753.123423 19664115.252747 44 55
200080 23139378.979484 120136333.143847 -679.896790 43 3.482004 17.224117 -18377654.761630 7468983.003897 19662441.321773 44 55
200081 23139509.603089 120136333.143847 -679.809998 43 3.482180 17.224789 -18379756.257783 7468213.093972 19660767.031099 44 55
200082 23139640.549523 120136333.143847 -681.478760 43 3.482356 17.225460 -18381857.627758 7467443.393640 19659092.380756 44 55
200091 23140819.660735 120136333.143847 -680.486267 43 3.483945 17.231321 -18400764.270006 7460525.520942 19644004.347617 44 55
200092 23140950.389041 120136333.143847 -680.611267 43 3.484123 17.231993 -18402864.375045 7459757.916066 19642326.102252 44 55
200093 23141081.126073 120136333.143847 -680.944641 43 3.484300 17.232483 -18404964.353272 7458990.520689 19640647.497552 44 55
200094 23141211.767128 120136333.143847 -680.484192 43 3.484478 17.233154 -18407064.204630 7458223.334803 19638968.533549 44 55
200102 23142259.879556 120136333.143847 -683.486328 43 3.485900 17.238350 -18423858.441131 7452093.388361 19625523.890369 44 55
200103 23142391.209895 120136333.143847 -683.956665 43 3.486077 17.239023 -18425957.148051 7451328.087501 19623841.694020 44 55
200104 23142522.540233 120136333.143847 -684.020203 43 3.486255 17.239697 -18428055.727523 7450562.996044 19622159.138675 44 55
200105 23142653.922923 120136333.143847 -684.106934 43 3.486433 17.240368 -18430154.179488 7449798.113983 19620476.224365 44 55
200106 23142784.843181 120136333.143847 -681.773560 43 3.486610 17.241041 -18432252.503892 7449033.441306 19618792.951117 44 55
200106 23142915.562762 120136333.143847 -681.025208 43 3.486610 17.241041 -18432252.503892 7449033.441306 19618792.951117 44 55
200108 23143046.160192 120136333.143847 -680.135010 43 3.486966 17.242205 -18436448.769779 7447504.724077 19615425.327935 44 55
200117 23144227.888937 120136333.143847 -683.176514 42 3.488561 17.248083 -18455325.636464 7440635.858910 19600253.264539 44 55
200118 23144358.861547 120136333.143847 -682.419189 42 3.488738 17.248758 -18457422.425588 7439873.698188 19598565.686467 44 55
200119 23144490.017383 120136333.143847 -683.215027 43 3.488915 17.249432 -18459519.086395 7439111.746739 19596877.749862 44 55
