199376 23386408.667987 122463426.797098 1480.502930 46 3.513470 18.416582 -23652366.418206 12886740.980014 7249961.184489 43 106
199377 23386124.752944 122463426.797098 1479.124512 46 3.513255 18.415190 -23651775.041935 12886158.312289 7252936.325296 43 106
199378 23385841.143280 122463426.297098 1477.176392 46 3.513039 18.413797 -23651183.442011 12885575.390143 7255911.332862 43 106
199379 23385557.620867 122463426.297098 1476.309814 46 3.512824 18.412405 -23650591.618477 12884992.213550 7258886.207134 43 106
199380 23385274.185706 122463426.297098 1475.877563 46 3.512609 18.411015 -23649999.571381 12884408.782485 7261860.948057 43 106
199381 23384990.663293 122463426.297098 1475.818604 46 3.512394 18.409624 -23649407.300764 12883825.096923 7264835.555579 43 106
199382 23384707.062354 122463426.297098 1476.324463 46 3.512180 18.408234 -23648814.806674 12883241.156839 7267810.029645 43 106
199386 23383572.292145 122463426.297098 1475.755981 46 3.511323 18.402866 -23646442.596495 12880902.850811 7279706.590138 43 106
199387 23383289.110012 122463426.297098 1474.630615 46 3.511108 18.401478 -23645848.985711 12880317.637746 7282680.396096 43 106
199388 23383005.919153 122463426.297098 1474.783081 46 3.510893 18.400089 -23645255.151723 12879732.170011 7285654.068270 43 106
199389 23382723.042398 122463426.297098 1472.942017 46 3.510679 18.398705 -23644661.094576 12879146.447580 7288627.606602 43 106
199395 23381028.137650 122463426.297098 1470.818726 46 3.509392 18.390394 -23641092.067910 12875626.763024 7306466.022781 43 106
199396 23380745.889103 122463426.297098 1469.408325 46 3.509178 18.389011 -23640496.449914 12875039.257030 7309438.622705 43 106
199397 23380464.007011 122463426.297098 1467.776367 46 3.508964 18.387629 -23639900.609120 12874451.496143 7312411.088351 43 106
199398 23380182.159819 122463426.297098 1467.444458 46 3.508750 18.386246 -23639304.545573 12873863.480337 7315383.419665 43 106
199402 23379053.444835 122463426.297098 1468.608643 46 3.507895 18.380722 -23636918.064775 12871508.867450 7327271.400431 44 106
199404 23378489.863878 122463426.297098 1466.951904 46 3.507468 18.378151 -23635723.489019 12870330.030842 7333214.583464 44 106
199405 23378208.199913 122463426.297098 1466.275879 46 3.507254 18.376772 -23635125.867463 12869740.229913 7336185.972938 44 106
199406 23377926.649375 122463426.297098 1465.401855 46 3.507041 18.375395 -23634528.023514 12869150.173868 7339157.227645 44 106
199407 23377645.578718 122463426.297098 1463.175293 47 3.506828 18.374016 -23633929.957220 12868559.862682 7342128.347526 44 106
199413 23375961.065574 122463426.297098 1462.559937 46 3.505551 18.365761 -23630336.892717 12865012.636256 7359952.232382 44 106
199414 23375680.579499 122463426.297098 1460.231812 46 3.505338 18.364386 -23629737.271258 12864420.538395 7362922.406983 44 106
199415 23375400.145775 122463426.297098 1460.183472 46 3.505126 18.363012 -23629137.427814 12863828.185197 7365892.446325 44 106
199416 23375119.781852 122463426.297098 1460.319336 46 3.504913 18.361639 -23628537.362429 12863235.576636 7368862.350356 44 106
199417 23374839.496454 122463426.297098 1459.512573 46 3.504701 18.360268 -23627937.075149 12862642.712688 7371832.119019 44 106
199418 23374559.542611 122463426.297098 1458.236694 46 3.504490 18.358894 -23627336.566020 12862049.593329 7374801.752258 44 106
199426 23372322.424697 122463426.797098 1455.029907 46 3.502804 18.348124 -23622524.511841 12857295.440729 7398553.936340 44 106
199427 23372043.099061 122463426.797098 1454.620483 47 3.502594 18.346756 -23621922.008098 12856700.021564 7401522.348333 44 106
199428 23371763.886853 122463426.797098 1454.618042 47 3.502385 18.345388 -23621319.282959 12856104.346743 7404490.624359 44 106
199429 23371484.884046 122463426.797098 1453.331665 46 3.502175 18.344023 -23620716.336467 12855508.416242 7407458.764362 44 106
199430 23371205.820164 122463426.797098 1453.308228 46 3.501966 18.342655 -23620113.168669 12854912.230035 7410426.768291 44 106
199437 23369256.866421 122463426.797098 1450.312378 46 3.500504 18.333107 -23615884.801327 12850731.764821 7431198.980967 44 106
199438 23368979.050229 122463426.797098 1447.741577 46 3.500295 18.331745 -23615279.864708 12850133.532096 7434165.894325 44 106
199439 23368701.364914 122463426.797098 1446.666992 46 3.500086 18.330381 -23614674.707190 12849535.043447 7437132.671116 44 106
199440 23368423.714500 122463426.797098 1446.278931 46 3.499879 18.329210 -23614069.328819 12848936.298848 7440099.311287 44 106
199441 23368146.238587 122463426.797098 1445.583862 46 3.499671 18.327850 -23613463.729640 12848337.298277 7443065.814783 44 106
199442 23367868.553272 122463426.797098 1447.086548 47 3.499464 18.326488 -23612857.909698 12847738.041707 7446032.181553 44 106
199446 23366757.803288 122463426.797098 1445.295654 46 3.498634 18.321053 -23610432.423233 12845338.454990 7457896.280146 44 105
199447 23366480.571679 122463426.797098 1443.107788 46 3.498427 18.319696 -23609825.500159 12844737.918068 7460861.962452 44 105
199448 23366203.723974 122463426.797098 1442.011597 46 3.498219 18.318338 -23609218.356595 12844137.125004 7463827.507700 44 105
199449 23365926.876270 122463426.797098 1441.593872 46 3.498012 18.316982 -23608610.992587 12843536.075773 7466792.915839 44 105
199450 23365649.976215 122463426.797098 1440.988403 46 3.497805 18.315626 -23608003.408179 12842934.770350 7469758.186814 44 105
199451 23365372.692255 122463426.797098 1443.144287 46 3.497597 18.314270 -23607395.603416 12842333.208710 7472723.320574 44 105
199456 23363988.689310 122463426.297098 1440.216553 46 3.496561 18.307499 -23604353.275909 12839321.556451 7487546.929061 44 105
199457 23363712.487264 122463426.297098 1438.885620 46 3.496354 18.306147 -23603744.149979 12838718.457010 7490511.238359 44 105
199458 23363436.599322 122463426.297098 1437.147461 46 3.496147 18.304983 -23603134.804013 12838115.101183 7493475.410054 44 105
199459 23363160.728829 122463426.297098 1436.765747 46 3.495941 18.303631 -23602525.238057 12837511.488948 7496439.444095 44 105
199460 23362884.936863 122463426.297098 1436.309448 46 3.495734 18.302280 -23601915.452156 12836907.620279 7499403.340428 44 105
199465 23361505.165597 122463426.297098 1436.588257 46 3.494705 18.295532 -23598863.225094 12833884.429610 7514220.754462 44 105
199466 23361229.687734 122463426.297098 1434.825684 46 3.494500 18.294184 -23598252.120481 12833279.021835 7517183.823401 44 105
199467 23360954.192422 122463426.297098 1434.955688 46 3.494295 18.292835 -23597640.796241 12832673.357457 7520146.754251 44 105
199468 23360678.662209 122463426.297098 1434.523682 46 3.494090 18.291489 -23597029.252421 12832067.436453 7523109.546959 44 105
199469 23360403.585701 122463426.297098 1432.287354 46 3.493885 18.290142 -23596417.489067 12831461.258801 7526072.201465 44 105
199475 23358754.845504 122463426.297098 1431.148926 46 3.492657 18.282072 -23592742.301281 12827818.801911 7543845.223176 44 105
199476 23358480.222702 122463426.297098 1429.740112 46 3.492452 18.280918 -23592129.002458 12827210.827036 7546806.908772 44 105
199477 23358205.879104 122463426.297098 1427.929688 46 3.492248 18.279575 -23591515.484464 12826602.595319 7549768.455733 44 105
199478 23357931.640207 122463426.297098 1427.335938 46 3.492044 18.278233 -23590901.747347 12825994.106736 7552729.864006 44 105
199479 23357657.540912 122463426.297098 1426.640747 46 3.491840 18.276890 -23590287.791150 12825385.361263 7555691.133537 44 105
199484 23356287.288739 122463426.297098 1425.353027 46 3.490821 18.270189 -23587214.725598 12822337.779737 7570495.398053 44 105
199485 23356013.939803 122463426.297098 1423.973267 46 3.490618 18.268850 -23586599.455885 12821727.492424 7573455.833988 44 105
199486 23355740.765370 122463426.297098 1423.335327 46 3.490415 18.267513 -23585983.967414 12821116.948053 7576416.130799 44 105
199487 23355467.695638 122463426.297098 1422.851318 46 3.490211 18.266174 -23585368.260228 12820506.146602 7579376.288433 44 105
199488 23355194.748057 122463426.297098 1422.044312 46 3.490007 18.264837 -23584752.334374 12819895.088047 7582336.306836 44 105
199489 23354921.503822 122463426.297098 1423.561768 46 3.489804 18.263500 -23584136.189897 12819283.772361 7585296.185958 44 105
199490 23354375.181130 122463426.297098 1423.279907 46 3.489398 18.260828 -23582903.245280 12818060.369533 7591215.526014 44 105
199494 23353556.085360 122463426.297098 1420.899170 46 3.488788 18.257015 -23581052.189794 12816223.336194 7600093.490272 44 105
199495 23353283.495509 122463426.297098 1419.449585 46 3.488585 18.255680 -23580434.734541 12815610.477237 7603052.532539 44 105
199496 23353011.045259 122463426.297098 1418.728394 46 3.488382 18.254347 -23579817.060985 12814997.360985 7606011.435139 44 105
199497 23352738.586284 122463426.297098 1418.951904 46 3.488179 18.253014 -23579199.169173 12814383.987414 7608970.198020 44 105
199498 23352466.205836 122463426.297098 1418.493774 46 3.487976 18.251682 -23578581.059150 12813770.356500 7611928.821127 44 105
199499 23352193.458932 122463426.297098 1419.818115 46 3.487772 18.250349 -23577962.730960 12813156.468219 7614887.304410 44 105
199504 23350831.722466 122463426.297098 1416.581665 46 3.486757 18.243698 -23574867.819155 12810083.165510 7629677.621374 44 105
199505 23350559.926600 122463426.297098 1415.263184 46 3.486554 18.242369 -23574248.182934 12809467.732533 7632635.264541 44 105
199506 23350287.964956 122463426.297098 1415.504395 46 3.486352 18.241041 -23573628.328868 12808852.042023 7635592.767502 44 105
199507 23350016.099289 122463426.297098 1414.747437 46 3.486150 18.239712 -23573008.257002 12808236.093957 7638550.130199 44 105
199514 23348117.437073 122463426.297098 1411.967285 46 3.484732 18.230621 -23568661.659440 12803917.243969 7659247.737029 44 105
199515 23347846.103637 122463426.297098 1412.191406 46 3.484531 18.229298 -23568039.846829 12803299.234604 7662203.975671 44 105
199516 23347574.997054 122463426.297098 1411.143677 46 3.484329 18.227974 -23567417.816832 12802680.967471 7665160.073560 44 105
199517 23347304.187125 122463426.297098 1410.246704 46 3.484127 18.226652 -23566795.569494 12802062.442547 7668116.030642 44 105
199524 23345412.060016 122463426.297098 1404.461426 46 3.482717 18.217405 -23562433.756460 12797725.547948 7688803.782975 44 105
199525 23345142.297100 122463426.297098 1404.403442 46 3.482516 18.216085 -23561809.772047 12797104.959841 7691758.611656 44 105
199526 23344872.350956 122463426.297098 1405.713135 46 3.482316 18.214767 -23561185.570705 12796484.113730 7694713.299045 44 105
199527 23344602.256486 122463426.297098 1406.267090 46 3.482115 18.213449 -23560561.152480 12795863.009592 7697667.845089 44 105
199528 23344332.336518 122463426.297098 1404.796997 46 3.481915 18.212132 -23559936.517419 12795241.647403 7700622.249729 44 105
199536 23342179.346104 122463426.297098 1401.382446 46 3.480321 18.201801 -23554931.636375 12790261.457297 7724252.389721 44 105
199537 23341910.368447 122463426.297098 1400.684448 46 3.480123 18.200489 -23554305.051856 12789637.771601 7727205.519300 44 105
199538 23341641.818322 122463426.297098 1399.394653 46 3.479924 18.199175 -23553678.250962 12789013.827621 7730158.506931 44 105
199539 23341373.180945 122463426.297098 1398.843994 46 3.479726 18.197863 -23553051.233737 12788389.625333 7733111.352566 44 105
199546 23339496.392576 122463426.297098 1396.270996 46 3.478338 18.188692 -23548656.059795 12784012.974772 7753777.291370 44 105
199547 23339228.147829 122463426.297098 1396.227783 46 3.478140 18.187384 -23548027.313580 12783386.705183 7756728.999068 44 105
199548 23338960.060134 122463426.297098 1395.452515 46 3.477941 18.186075 -23547398.351450 12782760.177077 7759680.564279 44 104
199549 23338692.338894 122463426.297098 1393.863159 46 3.477743 18.184769 -23546769.173450 12782133.390431 7762631.986947 44 104
199556 23336823.289697 122463426.297098 1388.062500 46 3.476364 18.175825 -23542358.886979 12777738.642856 7783287.949805 44 104
199557 23336556.528218 122463426.297098 1389.413208 46 3.476168 18.174522 -23541727.983675 12777109.787051 7786238.230197 44 104
199558 23336289.539887 122463426.797098 1390.284790 46 3.475972 18.173220 -23541096.864916 12776480.672497 7789188.367565 44 104
199559 23336022.621357 122463426.797098 1389.614502 46 3.475775 18.171917 -23540465.530746 12775851.299170 7792138.361851 44 104
199560 23335756.060555 122463426.797098 1387.749390 46 3.475579 18.170614 -23539833.981215 12775221.667049 7795088.212998 44 104
199566 23334159.487784 122463426.797098 1386.181396 46 3.474402 18.162815 -23536040.164003 12771438.438349 7812784.310870 44 104
199567 23333893.616266 122463426.797098 1385.081665 46 3.474206 18.161516 -23535407.108220 12770806.994013 7815733.158548 44 104
199568 23333627.744749 122463426.797098 1384.789185 47 3.474011 18.160410 -23534773.837443 12770175.290697 7818681.862657 44 104
199569 23333362.056459 122463426.797098 1384.100708 47 3.473815 18.159113 -23534140.351718 12769543.328378 7821630.423143 44 104
199570 23333096.533945 122463426.797098 1382.949951 47 3.473620 18.157816 -23533506.651091 12768911.107033 7824578.839950 44 104
199579 23330712.223445 122463426.797098 1378.843018 47 3.471873 18.146166 -23527793.682524 12763209.454991 7851108.116680 44 104
199580 23330447.669419 122463426.797098 1378.504639 47 3.471679 18.144875 -23527157.835422 12762574.642122 7854055.093737 44 104
199581 23330183.464397 122463426.797098 1376.854248 47 3.471485 18.143583 -23526521.773926 12761939.569975 7857001.926519 44 104
199582 23329919.215750 122463426.797098 1376.672974 47 3.471291 18.142292 -23525885.498084 12761304.238525 7859948.614975 44 104
199583 23329654.775150 122463426.797098 1377.403442 46 3.471097 18.141003 -23525249.007940 12760668.647751 7862895.159054 44 104
199591 23327544.302191 122463426.797098 1372.405640 46 3.469555 18.130888 -23520149.377544 12755574.583162 7886462.307362 44 104
199592 23327280.664301 122463426.797098 1371.886963 46 3.469363 18.129602 -23519510.960777 12754936.657440 7889407.549581 44 104
199593 23327016.912985 122463426.797098 1372.142456 46 3.469171 18.128317 -23518872.330171 12754298.472164 7892352.646882 44 104
199594 23326753.711351 122463426.797098 1369.939941 46 3.468979 18.127031 -23518233.485774 12753660.027314 7895297.599202 44 104
199595 23326490.849996 122463426.797098 1368.551270 46 3.468787 18.125748 -23517594.427633 12753021.322866 7898242.406491 44 104
199596 23326227.988641 122463426.797098 1368.217651 46 3.468596 18.124464 -23516955.155793 12752382.358796 7901187.068697 44 104
199597 23325965.223263 122463426.797098 1367.648804 46 3.468404 18.123180 -23516315.670301 12751743.135083 7904131.585766 44 104
199604 23324127.750235 122463426.797098 1364.376099 46 3.467067 18.114208 -23511833.293504 12747261.297178 7924739.136752 44 104
199605 23323865.456012 122463426.797098 1365.686157 47 3.466876 18.112928 -23511192.100461 12746619.995496 7927682.490778 44 104
199606 23323603.126889 122463426.797098 1366.258179 47 3.466685 18.111843 -23510550.694182 12745978.433965 7930625.699181 44 104
199607 23323341.068244 122463426.797098 1365.205566 47 3.466494 18.110563 -23509909.074716 12745336.612565 7933568.761905 44 104
199608 23323079.184101 122463426.797098 1364.478516 46 3.466303 18.109285 -23509267.242108 12744694.531270 7936511.678896 44 104
199613 23321511.421639 122463426.797098 1359.510132 46 3.465160 18.101627 -23505411.773100 12740836.584507 7954166.117324 44 104
199616 23320988.927220 122463426.797098 1361.053589 46 3.464780 18.099077 -23504124.913723 12739548.522071 7960049.761874 44 104
199617 23320727.758536 122463426.797098 1359.849243 46 3.464589 18.097803 -23503481.164924 12738904.100719 7962991.364850 44 104
199618 23320466.581127 122463426.797098 1359.788086 46 3.464399 18.096531 -23502837.203448 12738259.419248 7965932.821555 44 104
199619 23320205.482244 122463426.797098 1359.171021 46 3.464209 18.095259 -23502193.029341 12737614.477635 7968874.131935 44 104
199627 23318122.589354 122463426.797098 1354.488037 46 3.462690 18.085287 -23497031.987372 12732445.576961 7992399.340631 44 104
199628 23317862.319357 122463426.797098 1354.694702 46 3.462501 18.084019 -23496385.901677 12731798.293060 7995339.331650 44 104
199629 23317602.101710 122463426.797098 1354.305420 46 3.462311 18.082750 -23495739.603816 12731150.748794 7998279.175804 44 104
199630 23317342.302868 122463426.797098 1352.427002 46 3.462121 18.081484 -23495093.093836 12730502.944139 8001218.873035 44 104
199631 23317082.477851 122463426.797098 1352.766357 46 3.461931 18.080215 -23494446.371783 12729854.879072 8004158.423294 44 104
199638 23315268.388115 122463426.797098 1349.686401 46 3.460608 18.071360 -23489913.383315 12725311.130243 8024731.155192 44 104
199639 23315009.296007 122463426.797098 1348.992554 46 3.460421 18.070099 -23489264.966356 12724660.981082 8027669.527723 44 104
199640 23314750.326051 122463426.797098 1348.260010 46 3.460233 18.068834 -23488616.337743 12724010.571308 8030607.752794 44 104
199641 23314491.774900 122463426.797098 1346.300049 46 3.460045 18.067572 -23487967.497524 12723359.900900 8033545.830350 44 104
199642 23314233.380801 122463426.797098 1345.127808 46 3.459857 18.066311 -23487318.445745 12722708.969836 8036483.760339 44 104
199649 23312425.372466 122463426.797098 1341.710938 46 3.458545 18.057688 -23482769.163542 12718145.152139 8057045.133771 44 104
199650 23312167.894503 122463426.797098 1340.845825 46 3.458359 18.056429 -23482118.420960 12717492.135018 8059981.881284 44 104
199651 23311910.556142 122463426.797098 1340.366333 46 3.458172 18.055172 -23481467.467237 12716838.857040 8062918.480745 44 103
199652 23311653.357383 122463426.797098 1339.999512 46 3.457985 18.053915 -23480816.302421 12716185.318182 8065854.932100 44 103
199653 23311395.696193 122463426.797098 1342.890015 46 3.457798 18.052660 -23480164.926557 12715531.518422 8068791.235301 44 103
199654 23311138.366557 122463426.797098 1341.180176 46 3.457263 18.051405 -23479513.339692 12714877.457739 8071727.390286 44 103
199659 23309853.105669 122463426.797098 1338.293091 46 3.456418 18.045134 -23476252.242025 12711603.239718 8086405.940011 44 103
199660 23309596.430417 122463426.797098 1336.520264 46 3.456235 18.043880 -23475599.390139 12710947.613027 8089341.204583 44 103
199661 23309339.955842 122463426.797098 1335.616943 46 3.456052 18.042627 -23474946.327581 12710291.725259 8092276.320563 44 103
199662 23309083.655768 122463426.797098 1334.903198 46 3.455870 18.041376 -23474293.054395 12709635.576390 8095211.287899 44 103
199663 23308827.469122 122463426.797098 1334.735962 46 3.455687 18.040319 -23473639.570631 12708979.166399 8098146.106535 44 103
199664 23308571.011997 122463426.797098 1336.211548 46 3.455505 18.039068 -23472985.876332 12708322.495262 8101080.776423 44 103
199671 23306777.836347 122463426.797098 1332.156616 47 3.454238 18.030325 -23468404.125266 12703718.483421 8121619.295950 44 103
199672 23306522.147032 122463426.797098 1331.415283 47 3.454058 18.029078 -23467748.748387 12703059.722333 8124552.773882 44 103
199673 23306266.396640 122463426.797098 1331.993408 47 3.453878 18.027832 -23467093.161395 12702400.699901 8127486.102579 44 103
199674 23306010.864377 122463426.797098 1330.530518 46 3.453697 18.026585 -23466437.364338 12701741.416105 8130419.281984 44 103
199675 23305755.733468 122463426.797098 1328.718384 46 3.453518 18.025339 -23465781.357263 12701081.870923 8133352.312041 44 103
199682 23303970.567469 122463426.797098 1327.133423 47 3.452255 18.016634 -23461183.431181 12696457.733994 8153879.336186 44 103
199683 23303715.794290 122463426.797098 1326.454102 47 3.452077 18.015587 -23460525.745644 12695796.096927 8156811.169555 44 103
199684 23303461.012385 122463426.797098 1325.942139 46 3.451898 18.014345 -23459867.850511 12695134.198276 8159742.853096 44 103
199685 23303206.309007 122463426.797098 1325.361328 46 3.451720 18.013105 -23459209.745828 12694472.038019 8162674.386754 44 103
199686 23302951.806307 122463426.797098 1324.569214 46 3.451543 18.011866 -23458551.431642 12693809.616135 8165605.770475 44 103
199693 23301174.684857 122463426.797098 1321.534302 46 3.450294 18.003197 -23453937.370225 12689165.335568 8186121.253657 44 103
199694 23300921.316421 122463426.797098 1319.350220 46 3.450116 18.001959 -23453277.381705 12688500.819878 8189051.435947 44 103
199695 23300668.139937 122463426.797098 1318.057983 46 3.449937 18.000723 -23452617.184104 12687836.042365 8191981.467816 44 103
199696 23300415.103054 122463426.797098 1317.568115 46 3.449759 17.999489 -23451956.777469 12687171.003007 8194911.349210 44 103
199697 23300162.144698 122463426.797098 1317.184204 46 3.449581 17.998253 -23451296.161848 12686505.701781 8197841.080077 44 103
199698 23299909.378294 122463426.797098 1316.505371 46 3.449404 17.997019 -23450635.337287 12685840.138667 8200770.660361 44 103
199699 23299656.576990 122463426.797098 1316.586182 47 3.449226 17.995785 -23449974.303833 12685174.313641 8203700.090010 44 103
199705 23298139.298007 122463426.797098 1315.002319 47 3.448163 17.988586 -23446003.719006 12681173.862172 8221273.501464 44 103
199706 23297887.281963 122463426.797098 1312.858765 46 3.447985 17.987356 -23445341.224617 12680506.203165 8224201.875159 44 103
199707 23297635.449145 122463426.797098 1311.548584 46 3.447808 17.986126 -23444678.521711 12679838.282075 8227130.097788 44 103
199708 23297383.598878 122463426.797098 1311.336304 46 3.447630 17.984896 -23444015.610336 12679170.098879 8230058.169298 44 103
199709 23297131.879487 122463426.797098 1310.589111 46 3.447451 17.983667 -23443352.490537 12678501.653556 8232986.089636 44 103
199710 23296880.177546 122463426.797098 1310.965820 46 3.447273 17.982439 -23442689.162362 12677832.946084 8235913.858747 44 103
199711 23296628.100426 122463426.797098 1312.464355 46 3.447095 17.981211 -23442025.625857 12677163.976441 8238841.476583 44 103
199717 23295118.770018 122463426.797098 1307.991943 46 3.446033 17.973850 -23438040.034583 12673144.651826 8256404.003577 45 103
199718 23294867.896963 122463426.797098 1306.392456 47 3.445856 17.972628 -23437375.041095 12672473.846388 8259330.560940 45 103
199719 23294617.128609 122463426.797098 1305.665161 47 3.445679 17.971403 -23436709.839654 12671802.778608 8262256.966593 45 103
199720 23294366.438781 122463426.797098 1305.068726 46 3.445502 17.970179 -23436044.430307 12671131.448464 8265183.220483 45 103
199721 23294115.600626 122463426.797098 1305.982056 46 3.445325 17.968956 -23435378.813102 12670459.855933 8268109.322557 45 103
199722 23293864.561793 122463426.797098 1307.047974 47 3.445147 17.967928 -23434712.988085 12669788.000995 8271035.272764 45 103
199730 23291861.939905 122463426.797098 1302.738525 46 3.443732 17.958162 -23429378.912434 12664403.712293 8294437.400473 45 103
199731 23291611.913185 122463426.797098 1302.042603 46 3.443555 17.956944 -23428711.219237 12663729.494727 8297361.981421 45 103
199732 23291362.017342 122463426.797098 1301.321533 46 3.443379 17.955727 -23428043.318701 12663055.014540 8300286.409960 45 103
199733 23291112.278551 122463426.797098 1300.551270 46 3.443202 17.954508 -23427375.210872 12662380.271710 8303210.686038 45 103
199734 23290862.600835 122463426.797098 1300.100464 46 3.443026 17.953291 -23426706.895798 12661705.266217 8306134.809600 45 103
199736 23290115.373787 122463426.797098 1296.945068 47 3.442497 17.949642 -23424700.707602 12659678.673569 8314906.264534 45 103
199742 23288870.222225 122463426.797098 1295.771240 46 3.441615 17.943768 -23421352.920057 12656295.763840 8329522.300979 45 103
199743 23288621.329769 122463426.797098 1295.873779 46 3.441439 17.942554 -23420682.741897 12655618.393413 8332445.049490 45 103
199744 23288372.533290 122463426.297098 1295.082520 46 3.441263 17.941343 -23420012.356963 12654940.760108 8335367.644949 45 103
199745 23288123.954938 122463426.297098 1293.913086 46 3.441086 17.940130 -23419341.765303 12654262.863906 8338290.087301 45 103
199746 23287875.638340 122463426.297098 1292.853394 46 3.440910 17.938921 -23418670.966964 12653584.704785 8341212.376492 45 103
199754 23285892.586871 122463426.297098 1290.717529 47 3.439497 17.929247 -23413297.145506 12648149.964206 8364585.169750 45 102
199755 23285644.933381 122463426.297098 1289.487427 46 3.439321 17.928040 -23412624.489183 12647469.437858 8367506.078099 45 102
199756 23285397.279891 122463426.297098 1289.211548 46 3.439145 17.926834 -23411951.626652 12646788.648378 8370426.832753 45 102
199757 23285149.809628 122463426.297098 1288.489746 46 3.438970 17.925627 -23411278.557963 12646107.595747 8373347.433658 45 102
199758 23284902.435341 122463426.297098 1287.611450 46 3.438794 17.924421 -23410605.283162 12645426.279943 8376267.880761 45 102
199759 23284655.401334 122463426.297098 1285.820435 46 3.438620 17.923218 -23409931.802298 12644744.700945 8379188.174005 45 102
199765 23283175.003386 122463426.297098 1284.601929 47 3.437571 17.916193 -23405886.592432 12640649.698723 8396706.699384 45 102
199766 23282928.719738 122463426.297098 1282.292236 47 3.437397 17.914991 -23405211.670442 12639966.276776 8399625.914135 45 102
199767 23282682.706569 122463426.297098 1281.452881 47 3.437223 17.913790 -23404536.542767 12639282.591467 8402544.974600 45 102
199768 23282436.850451 122463426.297098 1280.887573 46 3.437049 17.912590 -23403861.209453 12638598.642774 8405463.880726 45 102
199769 23282190.976883 122463426.297098 1281.466919 46 3.436876 17.911388 -23403185.670548 12637914.430677 8408382.632462 45 102
199770 23281944.797936 122463426.297098 1282.339111 47 3.436702 17.910189 -23402509.926099 12637229.955153 8411301.229756 45 102
199771 23281698.653890 122463426.297098 1282.516235 47 3.436529 17.908991 -23401833.976153 12636545.216182 8414219.672552 45 102
199779 23279734.370130 122463426.297098 1281.046387 47 3.435155 17.899412 -23396418.984441 12631057.817861 8437561.646409 45 102
199780 23279489.499950 122463426.297098 1275.514893 46 3.434982 17.898216 -23395741.187163 12630370.706931 8440478.696301 45 102
199781 23279244.682120 122463426.297098 1275.443726 46 3.434809 17.897024 -23395063.184864 12629683.332346 8443395.591160 45 102
199784 23278510.106479 122463426.297098 1275.152710 46 3.434290 17.893639 -23393027.948331 12627619.626472 8452145.344891 45 102
199785 23278265.375900 122463426.297098 1275.031128 47 3.434117 17.892447 -23392349.126417 12626931.197055 8455061.619080 45 102
199786 23278021.003051 122463426.297098 1273.065918 47 3.433944 17.891254 -23391670.099718 12626242.503879 8457977.737965 45 102
199787 23277776.900680 122463426.297098 1271.617188 46 3.433772 17.890062 -23390990.868283 12625553.546923 8460893.701493 45 102
199788 23277532.868110 122463426.297098 1271.068848 46 3.433602 17.888872 -23390311.432158 12624864.326166 8463809.509613 45 102
199789 23277288.887891 122463426.297098 1270.531250 46 3.433433 17.887682 -23389631.791390 12624174.841586 8466725.162270 45 102
199790 23277044.951297 122463426.297098 1270.049683 47 3.433265 17.886492 -23388951.946028 12623485.093163 8469640.659412 45 102
199791 23276800.840201 122463426.297098 1270.998901 47 3.433096 17.885302 -23388271.896117 12622795.080877 8472556.000987 45 102
199792 23276556.851257 122463426.297098 1270.352051 46 3.432926 17.884111 -23387591.641707 12622104.804705 8475471.186939 45 102
199793 23276312.862312 122463426.297098 1270.268188 46 3.432756 17.882923 -23386911.182844 12621414.264629 8478386.217216 45 102
199794 23276068.978069 122463426.297098 1269.750732 47 3.432585 17.881735 -23386230.519576 12620723.460626 8481301.091763 45 102
199795 23275825.434105 122463426.297098 1268.217651 47 3.432415 17.880547 -23385549.651952 12620032.392678 8484215.810524 45 102
199803 23273880.546262 122463426.297098 1266.080322 47 3.431049 17.871260 -23380095.359822 12614494.344559 8507527.945883 45 102
199804 23273637.569431 122463426.297098 1264.943848 47 3.430879 17.870075 -23379412.655120 12613800.900161 8510441.260190 45 102
199805 23273394.714750 122463426.297098 1264.234131 47 3.430709 17.868893 -23378729.746537 12613107.191609 8513354.418179 45 102
199806 23273152.331226 122463426.297098 1262.071899 47 3.430540 17.867710 -23378046.634120 12612413.218885 8516267.419793 45 102
199807 23272909.991327 122463426.297098 1261.412354 47 3.430371 17.866528 -23377363.317916 12611718.981966 8519180.264982 45 102
199817 23270490.981068 122463426.297098 1256.641846 46 3.428676 17.854733 -23370518.958111 12604762.077589 8548300.101643 45 102
199818 23270249.757983 122463426.297098 1255.409058 46 3.428506 17.853556 -23369833.403397 12604064.933176 8551211.222631 45 102
199819 23270008.369121 122463426.297098 1256.851929 46 3.428336 17.852381 -23369147.645467 12603367.524322 8554122.186554 45 102
199820 23269767.250738 122463426.297098 1255.820068 46 3.428167 17.851204 -23368461.684370 12602669.851008 8557032.993356 45 102
199821 23269526.080003 122463426.297098 1255.988159 47 3.427997 17.850029 -23367775.520153 12601971.913211 8559943.642987 45 102
199822 23269285.171022 122463426.297098 1254.546387 47 3.427828 17.848854 -23367089.152864 12601273.710913 8562854.135390 45 102
199823 23269044.453994 122463426.297098 1253.515503 47 3.427659 17.847878 -23366402.582551 12600575.244093 8565764.470512 45 102
199832 23266881.970661 122463426.297098 1249.826416 47 3.426137 17.837328 -23360214.321525 12594277.135863 8591950.400101 45 102
199833 23266641.759689 122463426.297098 1250.648804 47 3.425969 17.836159 -23359525.723589 12593576.022697 8594859.159492 45 102
199834 23266401.758119 122463426.297098 1249.706543 46 3.425801 17.834990 -23358836.923154 12592874.644784 8597767.761016 45 102
199835 23266161.843800 122463426.297098 1249.317261 46 3.425632 17.833820 -23358147.920267 12592173.002105 8600676.204619 45 102
199845 23263771.984130 122463426.297098 1243.256714 47 3.423959 17.822357 -23351246.767087 12585142.008722 8629751.943137 45 102
199846 23263533.247701 122463426.297098 1243.351196 47 3.423793 17.821194 -23350555.540382 12584437.452272 8632658.646092 45 102
199847 23263294.729400 122463426.297098 1242.299805 47 3.423627 17.820030 -23349864.111799 12583732.630813 8635565.190486 45 102
199848 23263056.359426 122463426.297098 1241.769409 47 3.423460 17.818869 -23349172.481386 12583027.544325 8638471.576265 45 102
199849 23262818.006902 122463426.297098 1241.585327 47 3.423294 17.817707 -23348480.649189 12582322.192787 8641377.803378 45 102
199850 23262579.767804 122463426.297098 1240.550415 47 3.423128 17.816545 -23347788.615258 12581616.576179 8644283.871769 45 102
199857 23260916.753328 122463426.297098 1236.607056 47 3.421970 17.808426 -23342938.733204 12576669.836304 8664621.901725 45 101
199858 23260679.273315 122463426.297098 1237.286011 47 3.421805 17.807270 -23342245.087115 12575962.098412 8667526.698432 45 101
199859 23260441.941629 122463426.297098 1236.498169 47 3.421640 17.806112 -23341551.239721 12575254.095270 8670431.335939 45 101
199859 23260204.644843 122463426.297098 1235.936157 47 3.421640 17.806112 -23341551.239721 12575254.095270 8670431.335939 45 101
199868 23258311.915701 122463426.297098 1231.563965 47 3.420149 17.795918 -23335297.562414 12568870.127430 8696565.900556 45 101
199869 23258075.439075 122463426.297098 1231.357788 47 3.419983 17.794764 -23334601.704611 12568159.470678 8699468.943128 45 101
199870 23257839.058426 122463426.297098 1231.124512 47 3.419817 17.793612 -23333905.646031 12567448.548457 8702371.825913 45 101
199871 23257602.895904 122463426.297098 1230.629761 47 3.419651 17.792459 -23333209.386722 12566737.360745 8705274.548858 45 101
199872 23257366.846808 122463426.297098 1229.576050 47 3.419486 17.791309 -23332512.926731 12566025.907522 8708177.111909 45 101
199880 23255484.561622 122463426.297098 1225.515015 46 3.418171 17.782116 -23326934.028064 12560324.721011 8731391.853642 45 101
199881 23255249.367587 122463426.297098 1224.739258 46 3.418007 17.780970 -23326235.764099 12559610.877300 8734292.975260 45 101
199882 23255014.252078 122463426.797098 1224.582764 47 3.417843 17.779821 -23325537.299933 12558896.767879 8737193.936452 45 101
199883 23254779.311072 122463426.797098 1223.392212 47 3.417680 17.778677 -23324838.635613 12558182.392730 8740094.737164 45 101
199884 23254544.361340 122463426.797098 1223.436401 47 3.417517 17.777531 -23324139.771188 12557467.751832 8742995.377346 45 101
199895 23251969.538087 122463426.797098 1215.096436 46 3.415726 17.765160 -23316439.069314 12549589.156927 8774891.808872 45 101
199896 23251735.984373 122463426.797098 1215.994019 46 3.415564 17.764021 -23315737.807369 12548871.325506 8777790.518518 45 101
199897 23251502.020578 122463426.797098 1217.791016 46 3.415403 17.762882 -23315036.345943 12548153.228078 8780689.066944 45 101
199898 23251268.222561 122463426.797098 1217.120361 47 3.415241 17.761742 -23314334.685084 12547434.864627 8783587.454093 45 101
199899 23251034.485620 122463426.797098 1216.977539 47 3.415080 17.760605 -23313632.824840 12546716.235131 8786485.679912 45 101
199900 23250800.818479 122463426.797098 1216.434937 46 3.414919 17.759466 -23312930.765260 12545997.339570 8789383.744349 45 101
199908 23248938.627218 122463426.797098 1211.860229 47 3.413637 17.750578 -23307307.118313 12540236.594476 8812562.443520 45 101
199909 23248706.295019 122463426.797098 1209.494019 47 3.413478 17.749445 -23306603.266871 12539515.303462 8815459.053110 45 101
199910 23248474.006446 122463426.797098 1209.098267 46 3.413319 17.748312 -23305899.216573 12538793.746187 8818355.500787 45 101
199911 23248241.578270 122463426.797098 1209.680908 46 3.413160 17.747179 -23305194.967468 12538071.922633 8821251.786498 45 101
199912 23248009.342048 122463426.297098 1208.929443 46 3.413001 17.746046 -23304490.519604 12537349.832781 8824147.910187 45 101
199913 23247777.315228 122463426.297098 1207.893066 46 3.412841 17.744915 -23303785.873030 12536627.476610 8827043.871801 45 101
199920 23246155.936971 122463426.297098 1203.913452 46 3.411727 17.737003 -23298847.787186 12531563.524910 8847311.060445 45 101
199921 23245924.608160 122463426.297098 1204.628662 46 3.411568 17.735876 -23298141.552661 12530839.037495 8850205.723553 45 101
199922 23245693.427675 122463426.297098 1203.771973 46 3.411409 17.734749 -23297435.119860 12530114.283588 8853100.224109 45 101
199923 23245462.186115 122463426.297098 1204.083008 46 3.411251 17.733622 -23296728.488829 12529389.263169 8855994.562060 45 101
199924 23245231.145232 122463426.297098 1203.039307 47 3.411092 17.732494 -23296021.659619 12528663.976217 8858888.737352 45 101
199932 23243388.157936 122463426.297098 1198.869019 47 3.409830 17.723698 -23290359.897261 12522852.083181 8882036.277482 45 101
199933 23243158.399644 122463426.297098 1196.827515 47 3.409673 17.722576 -23289651.286599 12522124.396577 8884928.986454 45 101
199934 23242928.737328 122463426.297098 1196.174194 46 3.409516 17.721453 -23288942.478240 12521396.443247 8887821.532237 45 101
199935 23242699.214614 122463426.297098 1195.468628 46 3.409359 17.720333 -23288233.472231 12520668.223174 8890713.914777 45 101
199936 23242469.805327 122463426.297098 1194.887207 46 3.409203 17.719212 -23287524.268621 12519939.736337 8893606.134021 45 101
199937 23242240.151736 122463426.297098 1196.386108 47 3.409046 17.718090 -23286814.867458 12519210.982718 8896498.189920 45 101
199938 23242010.506871 122463426.297098 1196.697998 47 3.408890 17.716970 -23286105.268790 12518481.962296 8899390.082418 45 101
199945 23240407.503694 122463426.297098 1189.965088 47 3.407797 17.709143 -23281132.552077 12513371.347316 8919628.750073 45 101
199946 23240179.246121 122463426.297098 1188.356201 47 3.407641 17.708027 -23280421.375114 12512640.191791 8922519.333442 45 101
199947 23239950.822770 122463426.297098 1189.143921 47 3.407486 17.706911 -23279710.001081 12511908.769292 8925409.752934 45 101
199948 23239722.303444 122463426.297098 1189.794678 47 3.407331 17.705795 -23278998.430027 12511177.079799 8928300.008496 45 101
199949 23239493.531089 122463426.297098 1190.666504 47 3.407175 17.704882 -23278286.661998 12510445.123292 8931190.100077 45 101
199950 23239265.020488 122463426.297098 1189.630127 46 3.407020 17.703766 -23277574.697046 12509712.899754 8934080.027617 45 101
199959 23237215.963570 122463426.297098 1184.821411 47 3.405628 17.693758 -23271158.158900 12503110.868386 8960081.984875 45 100
199960 23236988.369106 122463426.297098 1185.146240 47 3.405474 17.692646 -23270444.227366 12502375.973484 8962970.269119 45 100
199961 23236760.984043 122463426.297098 1184.067627 47 3.405320 17.691538 -23269730.099441 12501640.811342 8965858.388740 45 100
199962 23236533.721133 122463426.297098 1183.135498 47 3.405166 17.690428 -23269015.775172 12500905.381941 8968746.343687 45 100
199963 23236306.405871 122463426.297098 1183.292847 47 3.405013 17.689320 -23268301.254607 12500169.685260 8971634.133908 45 100
199973 23234043.583786 122463426.297098 1175.301392 46 3.403488 17.678463 -23261145.263440 12492798.013992 9000502.964305 45 100
199974 23233818.057172 122463426.297098 1174.579712 46 3.403337 17.677361 -23260428.586832 12492059.375997 9003388.939024 45 100
199975 23233592.652710 122463426.297098 1173.818604 46 3.403185 17.676258 -23259711.714510 12491320.470497 9006274.748379 45 100
199976 23233367.195896 122463426.297098 1174.235229 46 3.403033 17.675156 -23258994.646523 12490581.297472 9009160.392319 45 100
199977 23233141.398804 122463426.297098 1175.887085 46 3.402881 17.674053 -23258277.382919 12489841.856903 9012045.870796 45 100
199978 23232915.627887 122463426.297098 1175.844482 46 3.402729 17.672951 -23257559.923747 12489102.148772 9014931.183751 45 100
199983 23231565.914620 122463426.297098 1170.225830 47 3.401820 17.666353 -23253251.064547 12484658.280168 9032239.582425 45 100
199987 23230891.638207 122463426.297098 1169.758057 47 3.401367 17.663059 -23251093.998699 12482432.732244 9040891.542995 45 100
199988 23230667.106255 122463426.297098 1168.976440 47 3.401216 17.661963 -23250374.586521 12481690.347462 9043775.197820 45 100
199989 23230442.539403 122463426.297098 1168.896973 47 3.401066 17.660866 -23249654.979310 12480947.694912 9046658.686543 45 100
199990 23230218.391356 122463426.297098 1166.899170 47 3.400916 17.659771 -23248935.177113 12480204.774575 9049542.009106 45 100
199991 23229994.068807 122463426.297098 1167.504028 47 3.400766 17.658676 -23248215.179980 12479461.586433 9052425.165462 45 100
199992 23229769.763709 122463426.297098 1167.396851 47 3.400615 17.657782 -23247494.987959 12478718.130467 9055308.155556 45 100
199999 23228203.676467 122463426.297098 1164.733032 47 3.399568 17.650131 -23242448.191068 12473506.438095 9075484.426299 45 100
200000 23227980.200254 122463426.297098 1163.618896 47 3.399418 17.649040 -23241726.441695 12472760.838866 9078366.084388 45 100
200001 23227756.715315 122463426.297098 1163.628174 47 3.399269 17.647949 -23241004.497872 12472014.971646 9081247.575741 45 100
200002 23227533.396154 122463426.297098 1162.900879 47 3.399120 17.646860 -23240282.359647 12471268.836415 9084128.900301 45 100
200003 23227310.286395 122463426.297098 1161.925659 47 3.398972 17.645771 -23239560.027070 12470522.433156 9087010.058016 45 100
200011 23225530.198408 122463426.797098 1155.908569 47 3.397782 17.637068 -23233774.375621 12464541.555870 9110053.306883 45 100
200012 23225308.022236 122463426.797098 1156.750732 47 3.397634 17.635983 -23233050.296059 12463792.739522 9112932.960622 45 100
200013 23225085.706462 122463426.797098 1157.389526 46 3.397485 17.634899 -23232326.022630 12463043.654960 9115812.446991 45 100
200014 23224863.547740 122463426.797098 1156.417480 46 3.397337 17.634016 -23231601.555385 12462294.302167 9118691.765933 45 100
200015 23224641.511169 122463426.797098 1155.812012 47 3.397189 17.632933 -23230876.894370 12461544.681123 9121570.917397 45 100
200016 23224419.588025 122463426.797098 1155.129028 47 3.397041 17.631847 -23230152.039636 12460794.791812 9124449.901330 45 100
200023 23222871.465783 122463426.797098 1149.339966 47 3.396007 17.624275 -23225072.636469 12455538.053601 9144598.093418 45 100
200024 23222650.484951 122463426.797098 1150.643799 46 3.395859 17.623196 -23224346.233732 12454786.017480 9147475.735200 45 100
200025 23222429.390692 122463426.797098 1151.467163 46 3.395712 17.622116 -23223619.637712 12454033.712925 9150353.208977 45 100
200026 23222208.383684 122463426.797098 1150.728149 46 3.395564 17.621037 -23222892.848461 12453281.139918 9153230.514695 45 100
200027 23221987.446478 122463426.797098 1150.313721 46 3.395417 17.619957 -23222165.866026 12452528.298440 9156107.652301 45 100
200036 23220006.558836 122463426.797098 1145.468384 47 3.394093 17.610476 -23215614.338938 12445740.641009 9181994.316874 45 100
200037 23219786.659917 122463426.797098 1144.471436 47 3.393945 17.609400 -23214885.427352 12444985.113827 9184869.770458 45 100
200038 23219566.883149 122463426.797098 1143.724365 46 3.393798 17.608328 -23214156.323119 12444229.317974 9187745.055349 45 100
200039 23219347.298334 122463426.797098 1142.970947 46 3.393651 17.607254 -23213427.026289 12443473.253432 9190620.171494 45 100
200047 23217596.465638 122463426.797098 1139.407471 47 3.392475 17.598686 -23207585.724027 12437415.062161 9213615.019371 45 100
200048 23217377.683533 122463426.797098 1138.873413 47 3.392329 17.597618 -23206854.696016 12436656.578605 9216488.614437 45 100
200049 23217159.276608 122463426.797098 1137.184082 47 3.392182 17.596550 -23206123.475896 12435897.826180 9219362.040229 45 100
200050 23216940.834782 122463426.297098 1137.565796 47 3.392035 17.595482 -23205392.063717 12435138.804867 9222235.296696 45 100
200051 23216722.715786 122463426.297098 1135.915405 47 3.391889 17.594416 -23204660.459526 12434379.514648 9225108.383784 45 99
200052 23216504.640414 122463426.297098 1135.777344 47 3.391742 17.593348 -23203928.663373 12433619.955506 9227981.301441 45 99
200059 23214981.079354 122463426.297098 1133.391724 47 3.390722 17.586096 -23198800.719497 12428295.510160 9248086.976448 45 99
200060 23214763.431513 122463426.297098 1131.915527 47 3.390577 17.585033 -23198067.389407 12427533.798979 9250958.536767 45 99
200061 23214546.263553 122463426.297098 1130.223389 47 3.390433 17.583969 -23197333.867795 12426771.818713 9253829.927177 45 99
200062 23214329.261371 122463426.297098 1129.335205 47 3.390287 17.582907 -23196600.154711 12426009.569344 9256701.147630 45 99
200063 23214112.477316 122463426.297098 1128.259888 47 3.390143 17.581846 -23195866.250203 12425247.050854 9259572.198071 45 99
200068 23213027.544928 122463426.297098 1128.943359 46 3.389421 17.576542 -23192193.858041 12421430.420982 9273924.898193 45 99
200069 23212810.795774 122463426.297098 1127.828003 47 3.389277 17.575483 -23191458.806016 12420666.287387 9276794.927472 45 99
200070 23212594.229846 122463426.297098 1126.928711 47 3.389133 17.574425 -23190723.562911 12419901.884547 9279664.786372 45 99
200071 23212378.100174 122463426.297098 1125.012329 47 3.388989 17.573366 -23189988.128775 12419137.212443 9282534.474836 45 99
200078 23210868.952994 122463426.297098 1121.805664 48 3.387983 17.565971 -23184834.745073 12413776.966860 9302617.517467 45 99
200079 23210653.582406 122463426.297098 1121.659424 48 3.387839 17.564917 -23184097.784445 12413010.140003 9305485.840585 45 99
200080 23210438.176919 122463426.297098 1121.656372 47 3.387696 17.563864 -23183360.633227 12412243.043722 9308353.992799 45 99
200081 23210222.919758 122463426.297098 1121.308105 47 3.387553 17.563013 -23182623.291466 12411475.678000 9311221.974055 46 99
200082 23210008.037776 122463426.297098 1119.208862 47 3.387410 17.561960 -23181885.759214 12410708.042819 9314089.784298 46 99
200091 23208078.139671 122463426.297098 1116.153564 46 3.386132 17.552504 -23175239.404905 12403787.197632 9339892.372231 46 99
200092 23207863.781196 122463426.297098 1115.616577 47 3.385991 17.551455 -23174499.970425 12403016.866885 9342758.469481 46 99
200093 23207649.509972 122463426.297098 1114.809204 47 3.385850 17.550406 -23173760.345993 12402246.266485 9345624.395142 46 99
200094 23207435.282374 122463426.297098 1114.864258 47 3.385710 17.549358 -23173020.531657 12401475.396413 9348490.149163 46 99
200102 23205728.275900 122463426.297098 1108.272095 46 3.384590 17.540995 -23167095.186382 12395298.725626 9371409.995781 46 99
200103 23205515.610096 122463426.297098 1107.375488 47 3.384449 17.539951 -23166353.665128 12394525.427730 9374274.202656 46 99
200104 23205303.066444 122463426.297098 1106.832153 47 3.384310 17.539112 -23165611.954463 12393751.859988 9377138.237363 46 99
200105 23205090.592593 122463426.297098 1106.315308 47 3.384170 17.538069 -23164870.054435 12392978.022382 9380002.099851 46 99
200106 23204877.752287 122463426.297098 1108.184448 46 3.384030 17.537027 -23164127.965092 12392203.914895 9382865.790071 46 99
200106 23204664.816005 122463426.297098 1108.467407 46 3.384030 17.537027 -23164127.965092 12392203.914895 9382865.790071 46 99
200108 23204451.775022 122463426.297098 1108.956421 46 3.383752 17.534945 -23162643.218661 12390654.890206 9388592.653491 46 99
200117 23202545.417260 122463426.297098 1101.910522 47 3.382495 17.525595 -23155952.501734 12383670.915452 9414354.997374 46 99
200118 23202333.676318 122463426.297098 1102.193970 47 3.382355 17.524557 -23155208.144467 12382893.568038 9417216.616232 46 99
200119 23202122.170953 122463426.297098 1100.945679 46 3.382216 17.523521 -23154463.598526 12382115.950517 9420078.062133 46 99
