199376 25074761.758531 130107017.176249 -1182.763794 38 6.963282 25.412066 -18619199.291274 -2808694.365471 20586438.455937 20 50
199377 25074989.222119 130107017.176249 -1184.100708 38 6.964231 25.412687 -18617398.323485 -2810206.322043 20587863.958633 20 50
199378 25075217.087063 130107017.176249 -1186.089722 38 6.965181 25.413311 -18615597.333539 -2811718.504642 20589289.083417 20 50
199379 25075445.135233 130107017.176249 -1186.926758 38 6.966133 25.413935 -18613796.321491 -2813230.913251 20590713.830264 20 50
199380 25075673.244479 130107017.176249 -1187.354736 38 6.967085 25.414558 -18611995.287396 -2814743.547856 20592138.199150 20 50
199381 25075901.362451 130107017.176249 -1187.410400 38 6.968038 25.415182 -18610194.231312 -2816256.408439 20593562.190048 20 50
199382 25076129.288470 130107017.176249 -1186.877808 38 6.968990 25.415806 -18608393.153294 -2817769.494986 20594985.802933 20 50
199386 25077040.154935 130107017.176249 -1187.438843 38 6.972810 25.418304 -18601188.623080 -2823824.100414 20600676.473764 20 50
199387 25077268.220556 130107017.176249 -1188.523926 38 6.973764 25.418930 -18599387.436244 -2825338.316524 20602098.196189 20 50
199388 25077496.303627 130107017.176249 -1188.428101 38 6.974719 25.419310 -18597586.227813 -2826852.758497 20603519.540445 20 50
199389 25077724.753153 130107017.176249 -1190.185547 38 6.975675 25.419935 -18595784.997847 -2828367.426315 20604940.506502 20 50
199395 25079097.902062 130107017.176249 -1192.257813 37 6.981417 25.423698 -18584977.169006 -2837460.175002 20613458.359217 20 50
199396 25079327.084496 130107017.176249 -1193.689941 37 6.982377 25.424326 -18583175.789862 -2838976.423277 20614876.677173 20 50
199397 25079556.615935 130107017.176249 -1195.305542 38 6.983336 25.424955 -18581374.389635 -2840492.897264 20616294.616725 20 50
199398 25079786.191000 130107017.176249 -1195.629639 38 6.984296 25.425585 -18579572.968379 -2842009.596948 20617712.177847 20 50
199402 25080703.121416 130107017.176249 -1194.431885 38 6.988142 25.427855 -18572367.074253 -2848078.652266 20623378.637475 20 50
199404 25081162.402422 130107017.176249 -1196.075562 38 6.990066 25.429113 -18568764.002455 -2851114.533696 20626209.596063 20 50
199405 25081392.239240 130107017.176249 -1196.805420 38 6.991029 25.429745 -18566962.435578 -2852632.812788 20627624.507453 20 50
199406 25081622.180759 130107017.176249 -1197.555176 38 6.991994 25.430376 -18565160.848124 -2854151.317443 20629039.040206 20 50
199407 25081852.514908 130107017.176249 -1199.797729 37 6.992959 25.431007 -18563359.240152 -2855670.047642 20630453.194295 20 50
199413 25083236.701079 130107017.176249 -1200.330322 37 6.998757 25.434801 -18552549.164626 -2864787.164296 20638930.165407 20 50
199414 25083467.689612 130107017.176249 -1202.709961 38 6.999724 25.435434 -18550747.414593 -2866307.472844 20640341.668133 20 50
199415 25083698.704319 130107017.176249 -1202.730469 38 7.000694 25.436069 -18548945.644491 -2867828.006804 20641752.791990 20 50
199416 25083929.780103 130107017.176249 -1202.537598 38 7.001663 25.436453 -18547143.854377 -2869348.766158 20643163.536951 20 50
199417 25084160.960587 130107017.176249 -1203.394897 38 7.002634 25.437088 -18545342.044307 -2870869.750890 20644573.902992 20 50
199418 25084392.367925 130107017.176249 -1204.609253 38 7.003604 25.437721 -18543540.214339 -2872390.960981 20645983.890085 20 50
199426 25086246.741488 130107017.176249 -1207.740723 38 7.011405 25.442808 -18529124.865063 -2884568.752595 20657250.141604 20 50
199427 25086478.803209 130107017.176249 -1208.149048 38 7.012383 25.443445 -18527322.858541 -2886091.990168 20658656.717018 20 50
199428 25086710.899830 130107017.176249 -1208.166504 38 7.013362 25.444082 -18525520.832684 -2887615.452932 20660062.913228 20 50
199429 25086943.240754 130107017.176249 -1209.394043 38 7.014342 25.444721 -18523718.787549 -2889139.140869 20661468.730208 20 50
199430 25087175.529327 130107017.176249 -1209.443481 38 7.015322 25.445358 -18521916.723192 -2890663.053964 20662874.167932 20 50
199437 25088805.990422 130107017.176249 -1212.320679 38 7.022200 25.449581 -18509301.739293 -2901336.748511 20672701.610628 20 50
199438 25089039.439435 130107017.176249 -1214.900879 38 7.023186 25.450222 -18507499.523193 -2902862.462242 20674104.013382 20 50
199439 25089273.062950 130107017.176249 -1215.949341 39 7.024170 25.450861 -18505697.288380 -2904388.400976 20675506.036648 20 50
199440 25089506.799891 130107017.176249 -1216.343750 39 7.025157 25.451502 -18503895.034909 -2905914.564695 20676907.680402 20 50
199441 25089740.624084 130107017.176249 -1216.979736 39 7.026144 25.452143 -18502092.762836 -2907440.953383 20678308.944619 20 50
199442 25089974.256324 130107017.176249 -1215.499756 39 7.027133 25.452785 -18500290.472216 -2908967.567023 20679709.829273 20 50
199446 25090908.933612 130107017.176249 -1217.226440 39 7.031090 25.455103 -18493081.125480 -2915076.270700 20685309.571693 20 50
199447 25091143.089359 130107017.176249 -1219.420776 38 7.032081 25.455744 -18491278.742981 -2916604.008839 20686708.558146 20 50
199448 25091377.480683 130107017.176249 -1220.435181 38 7.033072 25.456388 -18489476.342277 -2918131.971826 20688107.164881 20 50
199449 25091611.967984 130107017.176249 -1220.890869 38 7.034063 25.457031 -18487673.923422 -2919660.159643 20689505.391874 20 50
199450 25091846.507636 130107017.176249 -1221.476196 38 7.035055 25.457674 -18485871.486473 -2921188.572274 20690903.239098 20 50
199451 25092080.419079 130107017.176249 -1218.774780 38 7.036046 25.458319 -18484069.031482 -2922717.209704 20692300.706532 20 50
199456 25093252.803233 130107017.176249 -1222.156128 38 7.041011 25.461540 -18475056.488015 -2930363.768132 20699282.345844 20 50
199457 25093487.848941 130107017.176249 -1223.495117 38 7.042006 25.462187 -18473253.925985 -2931893.753974 20700677.533978 20 50
199458 25093723.234928 130107017.176249 -1225.225830 38 7.043003 25.462582 -18471451.346315 -2933423.964491 20702072.342137 20 50
199459 25093958.620915 130107017.176249 -1225.540405 38 7.043998 25.463228 -18469648.749057 -2934954.399665 20703466.770300 20 50
199460 25094194.067978 130107017.176249 -1226.020508 38 7.044995 25.463875 -18467846.134268 -2936485.059480 20704860.818439 20 50
199465 25095370.701260 130107017.176249 -1225.610474 38 7.049992 25.467110 -18458832.799400 -2944141.727502 20711825.357849 20 50
199466 25095606.471152 130107017.176249 -1227.412842 38 7.050993 25.467758 -18457030.080612 -2945673.734795 20713217.125315 20 50
199467 25095842.171243 130107017.176249 -1227.252441 38 7.051996 25.468407 -18455227.344687 -2947205.966607 20714608.512579 20 50
199468 25096077.923684 130107017.176249 -1227.670166 38 7.052999 25.469053 -18453424.591681 -2948738.422920 20715999.519617 20 50
199469 25096314.121106 130107017.176249 -1229.906494 38 7.054002 25.469704 -18451621.821655 -2950271.103714 20717390.146401 20 50
199475 25097732.849984 130107017.176249 -1230.890259 38 7.060032 25.473351 -18440804.847231 -2959471.901600 20725725.920328 20 50
199476 25097969.501112 130107017.176249 -1232.322144 38 7.061038 25.474001 -18439001.959618 -2961006.153290 20727113.884635 20 50
199477 25098206.553595 130107017.176249 -1234.088257 38 7.062045 25.474651 -18437199.055435 -2962540.629322 20728501.468484 20 50
199478 25098443.684604 130107017.176249 -1234.704712 38 7.063054 25.475304 -18435396.134735 -2964075.329679 20729888.671853 20 50
199479 25098680.859238 130107017.176249 -1235.336304 38 7.064062 25.475954 -18433593.197574 -2965610.254345 20731275.494715 20 50
199484 25099866.418306 130107017.176249 -1236.583374 38 7.069114 25.479216 -18424578.266902 -2973288.241631 20738203.900501 20 49
199485 25100104.212423 130107017.176249 -1237.901001 38 7.070126 25.479616 -18422775.232164 -2974824.511776 20739588.439793 20 49
199486 25100342.215943 130107017.176249 -1238.567505 38 7.071140 25.480270 -18420972.181362 -2976361.006105 20740972.598401 20 49
199487 25100580.315439 130107017.176249 -1238.986572 38 7.072153 25.480925 -18419169.114549 -2977897.724600 20742356.376301 20 49
199488 25100818.554537 130107017.176249 -1239.825928 38 7.073165 25.481579 -18417366.031784 -2979434.667245 20743739.773465 20 49
199489 25101056.453355 130107017.176249 -1238.252808 38 7.074180 25.482233 -18415562.933119 -2980971.834024 20745122.789873 20 49
199490 25101532.495295 130107017.176249 -1238.503662 38 7.076209 25.483541 -18411956.688391 -2984046.839848 20747887.680255 20 49
199494 25102247.003186 130107017.176249 -1240.853027 38 7.079255 25.485508 -18406547.203374 -2988661.029217 20752032.159582 20 49
199495 25102485.626188 130107017.176249 -1242.261719 39 7.080272 25.486164 -18404744.010510 -2990199.540413 20753412.890901 20 49
199496 25102724.388792 130107017.176249 -1242.947021 39 7.081289 25.486820 -18402940.802143 -2991738.275616 20754793.241284 20 49
199497 25102963.081596 130107017.176249 -1242.718994 39 7.082306 25.487476 -18401137.578328 -2993277.234810 20756173.210705 20 49
199498 25103201.896550 130107017.176249 -1243.141357 39 7.083324 25.487881 -18399334.339122 -2994816.417976 20757552.799141 20 49
199499 25103440.423577 130107017.176249 -1241.823608 39 7.084342 25.488539 -18397531.084580 -2996355.825098 20758932.006565 20 49
199504 25104635.091659 130107017.176249 -1244.997070 39 7.089438 25.491827 -18388514.583897 -3004056.219332 20765822.327573 20 49
199505 25104874.403945 130107017.176249 -1246.221069 38 7.090459 25.492485 -18386711.238532 -3005596.969803 20767199.248395 20 49
199506 25105113.620254 130107017.176249 -1246.007202 38 7.091482 25.493145 -18384907.878225 -3007137.944104 20768575.788031 20 49
199507 25105352.967441 130107017.176249 -1246.692139 38 7.092504 25.493803 -18383104.503034 -3008679.142216 20769951.946453 20 49
199514 25107032.978429 130107017.176249 -1249.350464 38 7.099672 25.498173 -18370480.464743 -3019473.794141 20779574.379257 20 49
199515 25107272.753146 130107017.176249 -1249.132324 38 7.100699 25.498835 -18368676.972501 -3021016.782100 20780947.487068 20 49
199516 25107512.728540 130107017.176249 -1250.115601 38 7.101726 25.499496 -18366873.465881 -3022559.993707 20782320.213439 20 49
199517 25107752.895887 130107017.176249 -1251.017944 38 7.102753 25.500158 -18365069.944939 -3024103.428946 20783692.558345 19 49
199524 25109437.949987 130107017.176249 -1256.652100 38 7.109963 25.504545 -18352444.902131 -3034913.735724 20793288.289512 19 49
199525 25109679.181797 130107017.176249 -1256.695679 38 7.110995 25.505209 -18350641.268639 -3036458.959366 20794657.581797 19 49
199526 25109920.212930 130107017.176249 -1255.326660 38 7.112029 25.505875 -18348837.621329 -3038004.406477 20796026.492393 19 49
199527 25110161.130636 130107017.176249 -1254.801147 38 7.113064 25.506538 -18347033.960258 -3039550.077042 20797395.021275 19 49
199528 25110402.222844 130107017.176249 -1256.212280 38 7.114099 25.507204 -18345230.285484 -3041095.971038 20798763.168416 19 49
199536 25112336.841234 130107017.176249 -1259.433960 38 7.122408 25.512533 -18330800.400782 -3053471.164344 20809694.599838 19 49
199537 25112578.840854 130107017.176249 -1260.144531 38 7.123450 25.512945 -18328996.605202 -3055019.068419 20811059.310193 19 49
199538 25112821.180753 130107017.176249 -1261.433716 38 7.124494 25.513613 -18327192.796483 -3056567.195743 20812423.638557 19 49
199539 25113063.538102 130107017.176249 -1261.907104 38 7.125537 25.514280 -18325388.974677 -3058115.546301 20813787.584907 19 49
199546 25114763.581939 130107017.176249 -1264.359741 38 7.132849 25.518963 -18312761.860424 -3068960.249123 20823324.510789 19 49
199547 25115006.227217 130107017.176249 -1264.321777 38 7.133896 25.519632 -18310957.935950 -3070510.384887 20824685.400125 19 49
199548 25115249.012096 130107017.176249 -1265.099365 38 7.134943 25.520304 -18309153.998896 -3072060.743719 20826045.907222 19 49
199549 25115492.128530 130107017.176249 -1266.657593 38 7.135989 25.520973 -18307350.049320 -3073611.325599 20827406.032054 19 49
199556 25117198.341020 130107017.176249 -1272.301392 38 7.143350 25.525419 -18294722.056398 -3084471.642537 20836916.200345 19 49
199557 25117442.434666 130107017.176249 -1270.895264 38 7.144404 25.526093 -18292918.008650 -3086024.008151 20838273.266171 19 49
199558 25117686.284008 130107017.676249 -1269.979004 38 7.145459 25.526764 -18291113.948880 -3087576.596651 20839629.949511 19 49
199559 25117930.238052 130107017.676249 -1270.682617 38 7.146514 25.527437 -18289309.877147 -3089129.408015 20840986.250340 19 49
199560 25118174.514925 130107017.676249 -1272.476807 38 7.147569 25.528111 -18287505.793508 -3090682.442226 20842342.168630 19 49
199566 25119642.610469 130107017.676249 -1273.893677 37 7.153913 25.531902 -18276681.044845 -3100005.326178 20850469.643657 19 49
199567 25119887.402123 130107017.676249 -1274.974609 37 7.154973 25.532578 -18274876.879428 -3101559.919800 20851822.883497 19 49
199568 25120132.211228 130107017.676249 -1275.316040 38 7.156034 25.533253 -18273072.702552 -3103114.736121 20853175.740602 19 49
199569 25120377.177385 130107017.676249 -1275.916870 38 7.157094 25.533928 -18271268.514275 -3104669.775121 20854528.214947 19 49
199570 25120622.387844 130107017.676249 -1277.006714 38 7.158156 25.534603 -18269464.314653 -3106225.036782 20855880.306507 19 49
199579 25122835.598960 130107017.676249 -1280.942383 38 7.167750 25.540443 -18253226.016819 -3120232.408358 20868031.901115 19 49
199580 25123081.821532 130107017.676249 -1281.197754 39 7.168819 25.541122 -18251421.706821 -3121789.895609 20869380.163474 19 49
199581 25123328.358209 130107017.676249 -1282.820557 39 7.169888 25.541801 -18249617.386096 -3123347.605315 20870728.042775 19 49
199582 25123574.938510 130107017.676249 -1283.045166 39 7.170958 25.542480 -18247813.054698 -3124905.537459 20872075.538996 19 49
199583 25123821.344310 130107017.676249 -1282.181152 38 7.172028 25.543159 -18246008.712680 -3126463.692023 20873422.652114 19 49
199591 25125797.572744 130107017.676249 -1286.992920 38 7.180620 25.548347 -18231573.601131 -3138936.933292 20884185.762261 19 49
199592 25126044.755078 130107017.676249 -1287.480469 39 7.181696 25.549028 -18229769.166082 -3140497.088780 20885529.426326 19 49
199593 25126291.893787 130107017.676249 -1287.201782 39 7.182775 25.549711 -18227964.720975 -3142057.466500 20886872.707042 19 49
199594 25126539.416400 130107017.676249 -1289.401978 38 7.183851 25.550392 -18226160.265869 -3143618.066431 20888215.604380 19 49
199595 25126787.261843 130107017.676249 -1290.745850 38 7.184932 25.551077 -18224355.800819 -3145178.888553 20889558.118317 19 49
199596 25127035.150911 130107017.676249 -1291.018799 38 7.186011 25.551758 -18222551.325881 -3146739.932850 20890900.248830 19 49
199597 25127283.101055 130107017.676249 -1291.557983 38 7.187092 25.552443 -18220746.841110 -3148301.199302 20892241.995894 19 49
199604 25129020.584335 130107017.676249 -1294.642334 38 7.194674 25.556973 -18208115.177168 -3159236.283173 20901623.486664 19 49
199605 25129269.101611 130107017.676249 -1293.313110 38 7.195759 25.557657 -18206310.615751 -3160799.326187 20902962.165254 19 49
199606 25129517.557811 130107017.676249 -1292.710938 38 7.196844 25.558344 -18204506.045004 -3162362.591187 20904300.460176 19 49
199607 25129766.205964 130107017.676249 -1293.710327 38 7.197930 25.559029 -18202701.464985 -3163926.078152 20905638.371403 19 49
199608 25130014.950092 130107017.676249 -1294.439087 38 7.199016 25.559715 -18200896.875750 -3165489.787064 20906975.898912 19 49
199613 25131511.079411 130107017.676249 -1299.224121 38 7.205547 25.563578 -18190069.150003 -3174876.700283 20914993.004452 19 49
199616 25132009.902610 130107017.676249 -1297.475220 38 7.207729 25.564953 -18186459.836865 -3178007.446089 20917662.302131 19 49
199617 25132259.370923 130107017.676249 -1298.785522 39 7.208821 25.565641 -18184655.167198 -3179573.151665 20918996.375075 19 49
199618 25132508.882861 130107017.176249 -1298.796143 39 7.209912 25.566330 -18182850.488874 -3181139.078998 20920330.064058 19 49
199619 25132758.499501 130107017.176249 -1299.409546 39 7.211005 25.567019 -18181045.801949 -3182705.228067 20921663.369054 19 49
199627 25134760.388480 130107017.176249 -1303.819946 39 7.219764 25.572281 -18166608.003707 -3195242.400780 20932315.982511 19 49
199628 25135010.659503 130107017.176249 -1303.579956 39 7.220861 25.572971 -18164803.241889 -3196810.544619 20933645.830530 19 49
199629 25135261.070127 130107017.176249 -1303.935547 39 7.221959 25.573662 -18162998.472031 -3198378.910003 20934975.294319 19 49
199630 25135511.864657 130107017.176249 -1305.781494 39 7.223056 25.574354 -18161193.694188 -3199947.496911 20936304.373852 19 49
199631 25135762.571935 130107017.176249 -1305.381348 39 7.224156 25.575045 -18159388.908415 -3201516.305326 20937633.069107 19 49
199638 25137520.506870 130107017.176249 -1308.243530 37 7.231867 25.579636 -18146755.190738 -3212504.164731 20946923.173996 19 49
199639 25137771.659129 130107017.176249 -1308.919434 37 7.232973 25.580330 -18144950.343538 -3214074.744504 20948248.794148 19 49
199640 25138022.898639 130107017.176249 -1309.625000 37 7.234079 25.581022 -18143145.488911 -3215645.545610 20949574.029804 19 49
199641 25138274.548229 130107017.176249 -1311.554565 37 7.235186 25.581718 -18141340.626916 -3217216.568027 20950898.880937 19 49
199642 25138526.415946 130107017.176249 -1312.640747 38 7.236293 25.582413 -18139535.757607 -3218787.811738 20952223.347524 19 49
199649 25140290.868538 130107017.176249 -1315.815186 38 7.244061 25.587021 -18126901.472385 -3229792.712251 20961483.844283 19 49
199650 25140543.783269 130107017.176249 -1316.718628 38 7.245174 25.587717 -18125096.546572 -3231365.725610 20962805.233634 19 49
199651 25140796.828876 130107017.176249 -1317.128906 38 7.246286 25.588413 -18123291.613947 -3232938.960088 20964126.238222 19 49
199652 25141049.961735 130107017.176249 -1317.460327 38 7.247399 25.589111 -18121486.674566 -3234512.415665 20965446.858023 19 49
199653 25141303.094593 130107017.176249 -1317.420654 38 7.248513 25.589809 -18119681.728484 -3236086.092323 20966767.093014 19 49
199654 25141555.974424 130107017.176249 -1316.303589 38 7.248898 25.590509 -18117876.775756 -3237659.990042 20968086.943170 19 49
199659 25142822.179673 130107017.176249 -1318.892944 38 7.254662 25.593739 -18108851.914479 -3245532.793797 20974680.420524 19 48
199660 25143075.809863 130107017.176249 -1320.643555 38 7.255786 25.594439 -18107046.923060 -3247108.017466 20975997.961160 19 48
199661 25143329.527304 130107017.176249 -1321.527466 38 7.256913 25.595137 -18105241.925387 -3248683.462059 20977315.116793 19 48
199662 25143583.454147 130107017.176249 -1322.203125 39 7.258039 25.595837 -18103436.921518 -3250259.127554 20978631.887397 19 48
199663 25143837.398441 130107017.176249 -1322.315308 39 7.259167 25.596537 -18101631.911506 -3251835.013934 20979948.272949 19 48
199664 25144091.037355 130107017.176249 -1320.802979 39 7.260295 25.597237 -18099826.895407 -3253411.121181 20981264.273427 19 48
199671 25145868.970240 130107017.176249 -1324.608032 38 7.268223 25.601883 -18087191.617065 -3264450.054399 20990465.492565 19 48
199672 25146123.568917 130107017.176249 -1325.325806 38 7.269359 25.602585 -18085386.554290 -3266027.927852 20991778.411567 19 48
199673 25146378.097793 130107017.176249 -1324.697266 38 7.270497 25.603287 -18083581.485931 -3267606.021992 20993090.945276 19 48
199674 25146632.836071 130107017.176249 -1326.137573 38 7.271632 25.603989 -18081776.412044 -3269184.336800 20994403.093669 19 48
199675 25146887.958255 130107017.176249 -1327.929565 38 7.272771 25.604692 -18079971.332688 -3270762.872254 20995714.856720 19 48
199682 25148674.197443 130107017.176249 -1329.214600 38 7.280742 25.609356 -18067335.628726 -3281818.796857 21004886.406494 19 48
199683 25148929.572655 130107017.176249 -1329.867432 38 7.281887 25.610062 -18065530.507601 -3283399.096782 21006195.085962 19 48
199684 25149184.939141 130107017.176249 -1330.334229 38 7.283031 25.610765 -18063725.381505 -3284979.617178 21007503.379874 19 48
199685 25149440.410329 130107017.176249 -1330.900146 38 7.284179 25.611471 -18061920.250496 -3286560.358024 21008811.288207 19 48
199686 25149696.073469 130107017.176249 -1331.657837 38 7.285326 25.612177 -18060115.114629 -3288141.319298 21010118.810936 19 48
199693 25151489.441071 130107017.176249 -1334.417603 38 7.293361 25.616858 -18047479.032291 -3299214.218516 21019260.671073 19 48
199694 25151746.063973 130107017.176249 -1336.510620 38 7.294512 25.617567 -18045673.859568 -3300796.942510 21020565.108112 19 48
199695 25152002.878828 130107017.176249 -1337.851196 38 7.295661 25.618273 -18043868.682488 -3302379.886755 21021869.159332 19 48
199696 25152259.737308 130107017.176249 -1338.275879 38 7.296813 25.618980 -18042063.501108 -3303963.051230 21023172.824710 19 48
199697 25152516.665588 130107017.176249 -1338.573486 37 7.297965 25.619690 -18040258.315483 -3305546.435916 21024476.104222 19 48
199698 25152773.794547 130107017.176249 -1339.218994 37 7.299118 25.620398 -18038453.125669 -3307130.040791 21025778.997844 19 48
199699 25153030.862429 130107017.176249 -1339.120728 38 7.300272 25.621105 -18036647.931721 -3308713.865838 21027081.505553 19 48
199705 25154573.269725 130107017.176249 -1340.456177 38 7.307207 25.625099 -18025816.684408 -3318221.438525 21034888.446246 19 48
199706 25154831.105417 130107017.176249 -1342.521851 38 7.308363 25.625811 -18024011.463086 -3319806.804202 21036188.251892 19 48
199707 25155089.176688 130107017.176249 -1343.822266 38 7.309521 25.626520 -18022206.238078 -3321392.389889 21037487.671435 19 48
199708 25155347.256683 130107017.176249 -1344.038452 38 7.310678 25.627232 -18020401.009438 -3322978.195566 21038786.704850 19 48
199709 25155605.458830 130107017.176249 -1344.686768 38 7.311834 25.627943 -18018595.777222 -3324564.221212 21040085.352113 19 48
199710 25155863.617351 130107017.176249 -1344.301514 38 7.312993 25.628654 -18016790.541484 -3326150.466809 21041383.613202 19 48
199711 25156121.514119 130107017.176249 -1342.766846 38 7.314151 25.629364 -18014985.302279 -3327736.932337 21042681.488094 19 48
199717 25157671.198155 130107017.176249 -1346.963989 38 7.321121 25.633377 -18004153.797478 -3337260.342828 21050460.625892 19 48
199718 25157930.194287 130107017.176249 -1348.552368 38 7.322285 25.634089 -18002348.535581 -3338848.347294 21051755.796727 19 48
199719 25158189.321295 130107017.176249 -1349.233154 38 7.323449 25.634802 -18000543.270665 -3340436.571527 21053050.581174 19 48
199720 25158448.500654 130107017.176249 -1349.762085 38 7.324615 25.635515 -17998738.002785 -3342025.015508 21054344.979208 19 48
199721 25158707.505511 130107017.176249 -1348.774170 38 7.325779 25.636230 -17996932.731996 -3343613.679218 21055638.990808 19 48
199722 25158966.335866 130107017.176249 -1347.770386 38 7.326942 25.636944 -17995127.458353 -3345202.562636 21056932.615951 19 48
199730 25161041.646636 130107017.176249 -1351.663330 38 7.336286 25.642403 -17980685.173276 -3357921.536931 21067267.701666 19 48
199731 25161301.349502 130107017.176249 -1352.364380 38 7.337455 25.643118 -17978879.876466 -3359512.396798 21068557.847612 19 48
199732 25161561.113443 130107017.176249 -1353.017334 38 7.338627 25.643835 -17977074.577360 -3361103.476169 21069847.606863 19 48
199733 25161821.051886 130107017.176249 -1353.744629 38 7.339799 25.644552 -17975269.276015 -3362694.775023 21071136.979395 19 48
199734 25162080.964154 130107017.176249 -1354.145142 38 7.340971 25.645269 -17973463.972484 -3364286.293340 21072425.965185 19 48
199736 25162862.690284 130107017.176249 -1357.174805 38 7.344492 25.647158 -17968048.049417 -3369062.164798 21076290.601811 19 48
199742 25164166.474577 130107017.176249 -1358.130493 39 7.350367 25.650749 -17959021.472351 -3377026.338019 21082723.925895 19 48
199743 25164427.364057 130107017.176249 -1357.974487 39 7.351545 25.651468 -17957216.151663 -3378619.830582 21084009.429944 19 48
199744 25164688.340789 130107017.176249 -1358.750122 39 7.352722 25.652187 -17955410.829346 -3380213.542404 21085294.547016 19 48
199745 25164949.492022 130107017.176249 -1359.821899 39 7.353899 25.652906 -17953605.505456 -3381807.473463 21086579.277086 19 48
199746 25165210.861384 130107017.176249 -1360.859863 38 7.355077 25.653627 -17951800.180050 -3383401.623739 21087863.620132 19 48
199754 25167304.233129 130107017.176249 -1363.129028 38 7.364514 25.659130 -17937357.528916 -3396162.715243 21098124.428753 19 48
199755 25167566.221973 130107017.176249 -1363.820557 38 7.365696 25.659851 -17935552.192355 -3397758.837550 21099405.287524 19 48
199756 25167828.184642 130107017.176249 -1364.040283 38 7.366881 25.660574 -17933746.854831 -3399355.178869 21100685.759036 19 48
199757 25168090.278187 130107017.176249 -1364.744629 38 7.368066 25.661295 -17931941.516402 -3400951.739178 21101965.843266 19 48
199758 25168352.502609 130107017.176249 -1365.576782 38 7.369253 25.662018 -17930136.177123 -3402548.518457 21103245.540191 19 48
199759 25168615.014960 130107017.176249 -1367.308838 38 7.370440 25.662476 -17928330.837050 -3404145.516684 21104524.849785 19 48
199765 25170191.415280 130107017.176249 -1368.318970 38 7.377575 25.666817 -17917498.783099 -3413732.102769 21112192.572089 19 48
199766 25170454.477312 130107017.176249 -1370.488647 37 7.378768 25.667542 -17915693.439017 -3415330.633063 21113469.169727 19 48
199767 25170717.801098 130107017.176249 -1371.332520 37 7.379961 25.668266 -17913888.094586 -3416929.382140 21114745.379849 19 48
199768 25170981.255760 130107017.176249 -1371.841919 38 7.381156 25.668991 -17912082.749860 -3418528.349979 21116021.202431 19 48
199769 25171244.631897 130107017.176249 -1371.177734 38 7.382351 25.669716 -17910277.404894 -3420127.536561 21117296.637452 19 48
199770 25171507.816081 130107017.176249 -1370.272217 38 7.383547 25.670176 -17908472.059743 -3421726.941866 21118571.684889 19 48
199771 25171771.061340 130107017.176249 -1370.090088 38 7.384743 25.670902 -17906666.714462 -3423326.565871 21119846.344716 19 48
199779 25173881.691351 130107017.676249 -1370.663208 38 7.394359 25.676714 -17892223.954337 -3436131.428563 21130029.666567 19 48
199780 25174145.669520 130107017.176249 -1374.086914 38 7.395561 25.677177 -17890418.610399 -3437733.019935 21131300.836867 19 48
199781 25174410.153745 130107017.176249 -1376.706665 38 7.396763 25.677904 -17888613.266890 -3439334.829797 21132571.619324 19 48
199784 25175203.449369 130107017.176249 -1376.805908 38 7.400372 25.680090 -17883197.239543 -3444141.570066 21136381.639369 19 48
199785 25175468.090646 130107017.176249 -1376.884888 38 7.401575 25.680819 -17881391.898294 -3445744.253687 21137650.870229 19 48
199786 25175733.037302 130107017.176249 -1378.783691 38 7.402781 25.681547 -17879586.557750 -3447347.155693 21138919.713130 19 48
199787 25175998.245711 130107017.176249 -1380.212280 38 7.403988 25.682276 -17877781.217968 -3448950.276065 21140188.168050 19 48
199788 25176263.550096 130107017.176249 -1380.710815 38 7.405199 25.683006 -17875975.879000 -3450553.614782 21141456.234966 19 48
199789 25176528.898107 130107017.176249 -1381.171265 38 7.406415 25.683735 -17874170.540902 -3452157.171823 21142723.913856 19 48
199790 25176794.315919 130107017.176249 -1381.617310 38 7.407631 25.684465 -17872365.203730 -3453760.947168 21143991.204695 19 48
199791 25177059.585404 130107017.176249 -1380.629150 38 7.408847 25.684929 -17870559.867538 -3455364.940795 21145258.107462 19 48
199792 25177324.933415 130107017.176249 -1381.185669 38 7.410061 25.685659 -17868754.532383 -3456969.152684 21146524.622133 19 48
199793 25177590.281426 130107017.176249 -1381.273682 38 7.411275 25.686390 -17866949.198320 -3458573.582814 21147790.748685 19 48
199794 25177855.681788 130107017.176249 -1381.693726 38 7.412488 25.687120 -17865143.865404 -3460178.231162 21149056.487094 19 48
199795 25178121.309002 130107017.176249 -1383.202881 38 7.413702 25.687851 -17863338.533692 -3461783.097708 21150321.837336 19 48
199803 25180249.092577 130107017.676249 -1384.899536 37 7.423430 25.693441 -17848895.930030 -3474629.882606 21160430.662487 19 48
199804 25180515.217123 130107017.676249 -1386.041138 37 7.424650 25.694174 -17847090.611639 -3476236.711985 21161692.518199 19 48
199805 25180781.551071 130107017.676249 -1386.684692 37 7.425872 25.694908 -17845285.295007 -3477843.759349 21162953.985514 19 48
199806 25181048.347450 130107017.676249 -1388.803955 37 7.427094 25.695641 -17843479.980190 -3479451.024677 21164215.064408 19 48
199807 25181315.213630 130107017.676249 -1389.437378 37 7.428318 25.696375 -17841674.667240 -3481058.507949 21165475.754858 19 48
199817 25183987.487624 130107017.676249 -1393.655396 37 7.440568 25.703457 -17823621.652754 -3497145.322877 21178061.289911 19 48
199818 25184255.348466 130107017.676249 -1394.853149 37 7.441796 25.704193 -17821816.364012 -3498755.202134 21179317.705973 19 48
199819 25184523.008631 130107017.676249 -1393.382935 37 7.443023 25.704929 -17820011.077801 -3500365.299081 21180573.733318 19 48
199820 25184790.808398 130107017.676249 -1394.338013 38 7.444252 25.705667 -17818205.794179 -3501975.613695 21181829.371922 19 48
199821 25185058.599439 130107017.676249 -1394.117310 38 7.445482 25.706404 -17816400.513200 -3503586.145956 21183084.621761 19 48
199822 25185326.626058 130107017.676249 -1395.511719 38 7.446712 25.706873 -17814595.234921 -3505196.895842 21184339.482812 19 48
199823 25185594.792279 130107017.676249 -1396.436523 38 7.447942 25.707611 -17812789.959397 -3506807.863330 21185593.955052 19 48
199832 25188012.415246 130107017.676249 -1399.709961 37 7.459049 25.713989 -17796542.612827 -3521316.359296 21196866.704924 18 48
199833 25188280.982822 130107017.676249 -1398.797363 37 7.460287 25.714729 -17794737.367888 -3522929.501645 21198117.287804 18 48
199834 25188549.777251 130107017.676249 -1399.750854 37 7.461525 25.715469 -17792932.126312 -3524542.861362 21199367.481622 18 48
199835 25188818.528054 130107017.676249 -1400.032959 37 7.462765 25.716209 -17791126.888154 -3526156.438425 21200617.286355 18 48
199845 25191516.008888 130107017.676249 -1405.556152 38 7.475205 25.723352 -17773074.706858 -3542304.158276 21213093.928932 18 47
199846 25191785.928856 130107017.676249 -1405.397461 38 7.476456 25.724096 -17771269.509954 -3543920.124726 21214339.452226 18 47
199847 25192056.084402 130107017.676249 -1406.407349 38 7.477705 25.724838 -17769464.317133 -3545536.308261 21215584.586161 18 47
199848 25192326.423175 130107017.676249 -1406.942017 38 7.478954 25.725580 -17767659.128450 -3547152.708862 21216829.330714 18 47
199849 25192596.744498 130107017.676249 -1406.975830 38 7.480206 25.726324 -17765853.943959 -3548769.326508 21218073.685864 18 47
199850 25192867.179248 130107017.676249 -1408.004639 38 7.481458 25.727066 -17764048.763716 -3550386.161176 21219317.651588 18 47
199857 25194764.244769 130107017.676249 -1411.549927 38 7.490244 25.732008 -17751412.625675 -3561710.078586 21228014.505749 18 47
199858 25195035.255375 130107017.676249 -1410.800171 38 7.491503 25.732752 -17749607.481403 -3563328.648653 21229255.355243 18 47
199859 25195306.449209 130107017.676249 -1411.553589 38 7.492761 25.733498 -17747802.341878 -3564947.435546 21230495.815106 18 47
199859 25195577.651768 130107017.676249 -1412.067505 38 7.492761 25.733498 -17747802.341878 -3564947.435546 21230495.815106 18 47
199868 25197751.879098 130107017.676249 -1416.018677 38 7.504101 25.739944 -17731556.308862 -3579526.271135 21241642.416707 18 47
199869 25198023.605163 130107017.676249 -1416.125488 38 7.505364 25.740692 -17729751.219823 -3581147.225101 21242878.979019 18 47
199870 25198295.479556 130107017.676249 -1416.282349 38 7.506625 25.741440 -17727946.136137 -3582768.395652 21244115.151452 18 47
199871 25198567.476100 130107017.676249 -1416.755371 38 7.507889 25.742188 -17726141.057859 -3584389.782769 21245350.933982 18 47
199872 25198839.751847 130107017.676249 -1417.764648 38 7.509153 25.742666 -17724335.985045 -3586011.386427 21246586.326586 18 47
199880 25201024.109028 130107017.676249 -1421.875244 38 7.519308 25.748657 -17709895.605912 -3598992.008534 21256455.427368 18 47
199881 25201297.257286 130107017.676249 -1422.044189 38 7.520580 25.749407 -17708090.584749 -3600615.560092 21257687.309635 18 47
199882 25201570.422995 130107017.176249 -1422.157837 38 7.521854 25.749887 -17706285.569600 -3602239.327973 21258918.801752 18 47
199883 25201843.815556 130107017.176249 -1423.307983 38 7.523130 25.750637 -17704480.560522 -3603863.312155 21260149.903697 18 47
199884 25202117.181942 130107017.176249 -1423.199951 38 7.524406 25.751389 -17702675.557569 -3605487.512618 21261380.615447 18 47
199895 25205132.248013 130107017.176249 -1430.859375 38 7.538486 25.759388 -17682820.945196 -3623367.985750 21274892.685343 18 47
199896 25205406.818464 130107017.176249 -1429.953247 38 7.539771 25.760139 -17681016.020046 -3624994.779841 21276118.713001 18 47
199897 25205680.970110 130107017.176249 -1428.066772 38 7.541057 25.760893 -17679211.101736 -3626621.789926 21277344.350174 18 47
199898 25205955.200282 130107017.176249 -1428.679321 38 7.542346 25.761646 -17677406.190322 -3628249.015981 21278569.596838 18 47
199899 25206229.535155 130107017.176249 -1428.751709 38 7.543633 25.762402 -17675601.285860 -3629876.457984 21279794.452971 18 47
199900 25206503.931104 130107017.176249 -1429.226563 38 7.544921 25.763155 -17673796.388406 -3631504.115912 21281018.918550 18 47
199908 25208705.764678 130107017.176249 -1433.364014 38 7.555270 25.768921 -17659357.467734 -3644533.149896 21290800.580501 18 47
199909 25208981.417042 130107017.176249 -1435.695801 38 7.556569 25.769678 -17657552.635827 -3646162.750148 21292021.530088 18 47
199910 25209257.191558 130107017.176249 -1435.972656 38 7.557868 25.770433 -17655747.811478 -3647792.566102 21293242.088898 18 47
199911 25209532.861373 130107017.176249 -1435.327759 38 7.559168 25.770918 -17653942.994741 -3649422.597738 21294462.256910 18 47
199912 25209808.662064 130107017.176249 -1436.028076 38 7.560467 25.771675 -17652138.185673 -3651052.845031 21295682.034099 18 47
199913 25210084.663433 130107017.176249 -1436.980347 39 7.561767 25.772430 -17650333.384329 -3652683.307959 21296901.420444 18 47
199920 25212018.522739 130107017.176249 -1440.559326 38 7.570885 25.777731 -17637699.995864 -3664102.584316 21305426.179316 18 47
199921 25212294.969088 130107017.176249 -1439.753784 38 7.572191 25.778219 -17635895.258287 -3665734.771525 21306642.438109 18 47
199922 25212571.581214 130107017.176249 -1440.595703 38 7.573497 25.778976 -17634090.528929 -3667367.174167 21307858.305858 18 47
199923 25212848.175891 130107017.176249 -1440.203857 37 7.574804 25.779736 -17632285.807844 -3668999.792221 21309073.782541 18 47
199924 25213124.953794 130107017.176249 -1441.189209 37 7.576113 25.780495 -17630481.095089 -3670632.625664 21310288.868136 18 47
199932 25215343.426151 130107017.176249 -1444.877686 37 7.586610 25.786299 -17616043.699560 -3683703.044444 21319995.470990 18 47
199933 25215621.224892 130107017.176249 -1446.817993 37 7.587926 25.787060 -17614239.064241 -3685337.815375 21321207.035789 18 47
199934 25215899.171960 130107017.176249 -1447.443115 37 7.589243 25.787821 -17612434.437802 -3686972.801468 21322418.209277 18 47
199935 25216177.180104 130107017.176249 -1448.045898 37 7.590561 25.788582 -17610629.820296 -3688608.002703 21323628.991434 18 47
199936 25216455.310400 130107017.176249 -1448.567505 37 7.591879 25.789343 -17608825.211778 -3690243.419056 21324839.382236 18 47
199937 25216733.152767 130107017.176249 -1447.021240 37 7.593200 25.790104 -17607020.612303 -3691879.050508 21326049.381663 18 47
199938 25217010.942783 130107017.176249 -1446.639404 37 7.594520 25.790865 -17605216.021926 -3693514.897033 21327258.989692 18 47
199945 25218960.105929 130107017.176249 -1452.927368 37 7.603784 25.795929 -17592584.148749 -3704971.842789 21335715.284826 18 47
199946 25219239.379214 130107017.176249 -1454.443848 37 7.605110 25.796692 -17590779.633146 -3706609.409081 21336921.760869 18 47
199947 25219518.460546 130107017.176249 -1453.655273 37 7.606438 25.797455 -17588975.127134 -3708247.190244 21338127.845316 18 47
199948 25219797.472077 130107017.176249 -1452.864990 37 7.607766 25.798220 -17587170.630770 -3709885.186255 21339333.538145 18 47
199949 25220076.274206 130107017.176249 -1451.984375 37 7.609096 25.798710 -17585366.144107 -3711523.397091 21340538.839334 18 47
199950 25220355.277013 130107017.176249 -1452.919312 37 7.610426 25.799475 -17583561.667204 -3713161.822728 21341743.748859 18 47
199959 25222873.579010 130107017.176249 -1457.153320 38 7.622432 25.806086 -17567321.823345 -3727917.315665 21352570.306056 18 47
199960 25223153.419427 130107017.176249 -1456.794434 38 7.623770 25.806850 -17565517.447045 -3729557.888059 21353771.297741 18 47
199961 25223433.443071 130107017.176249 -1457.771484 38 7.625110 25.807617 -17563713.081107 -3731198.675003 21354971.897521 18 47
199962 25223713.684843 130107017.176249 -1458.631836 38 7.626450 25.808384 -17561908.725588 -3732839.676473 21356172.105373 18 47
199963 25223993.804463 130107017.176249 -1458.394653 38 7.627792 25.809151 -17560104.380540 -3734480.892449 21357371.921278 18 47
199973 25226803.682149 130107017.176249 -1465.743164 37 7.641258 25.816553 -17542061.518189 -3750904.844817 21369348.518275 18 47
199974 25227085.407190 130107017.176249 -1466.368042 38 7.642609 25.817322 -17540257.291960 -3752548.418824 21370544.021298 18 47
199975 25227367.210756 130107017.176249 -1467.076294 38 7.643961 25.818090 -17538453.076861 -3754192.207059 21371739.132110 18 47
199976 25227648.988147 130107017.176249 -1466.611206 38 7.645314 25.818859 -17536648.872948 -3755836.209500 21372933.850690 18 47
199977 25227930.381633 130107017.176249 -1464.892090 38 7.646666 25.819355 -17534844.680271 -3757480.426127 21374128.177016 18 47
199978 25228211.714043 130107017.176249 -1464.871582 38 7.648020 25.820124 -17533040.498889 -3759124.856915 21375322.111067 18 47
199983 25229903.992534 130107017.176249 -1470.038940 37 7.656159 25.824745 -17522215.650947 -3768995.937625 21382477.476291 18 47
199987 25230749.595185 130107017.176249 -1470.222168 37 7.660239 25.826782 -17516803.383856 -3773934.367307 21386049.861436 18 47
199988 25231032.070585 130107017.176249 -1471.048096 37 7.661602 25.827555 -17514999.318442 -3775580.938420 21387239.871523 18 47
199989 25231314.641961 130107017.176249 -1471.087646 37 7.662964 25.828325 -17513195.264926 -3777227.723438 21388429.489094 18 47
199990 25231597.640867 130107017.176249 -1472.984619 37 7.664329 25.829098 -17511391.223364 -3778874.722337 21389618.714126 18 47
199991 25231880.482721 130107017.176249 -1472.299805 37 7.665694 25.829870 -17509587.193810 -3780521.935096 21390807.546600 18 47
199992 25232163.315850 130107017.176249 -1472.354126 37 7.667059 25.830643 -17507783.176317 -3782169.361692 21391995.986493 18 47
199999 25234145.791462 130107017.176249 -1474.532837 37 7.676644 25.835777 -17495155.396286 -3793707.333251 21400304.071608 18 47
200000 25234429.130648 130107017.176249 -1475.588379 37 7.678015 25.836552 -17493351.477264 -3795356.469698 21401489.370072 18 47
200001 25234712.443658 130107017.176249 -1475.484619 37 7.679389 25.837324 -17491547.570796 -3797005.819772 21402674.275762 18 47
200002 25234995.870094 130107017.176249 -1476.182861 37 7.680763 25.838099 -17489743.676939 -3798655.383450 21403858.788653 18 47
200003 25235279.453583 130107017.176249 -1477.026367 37 7.682138 25.838873 -17487939.795747 -3800305.160707 21405042.908725 18 47
200011 25237553.522333 130107017.676249 -1482.491455 37 7.693164 25.844799 -17473509.208800 -3813511.064764 21414501.725155 18 47
200012 25237838.135385 130107017.676249 -1481.612915 37 7.694545 25.845573 -17471705.444057 -3815162.763188 21415682.308879 18 47
200013 25238122.521583 130107017.676249 -1480.937622 37 7.695927 25.846075 -17469901.692524 -3816814.674960 21416862.499570 18 47
200014 25238407.117184 130107017.676249 -1481.746460 37 7.697310 25.846851 -17468097.954259 -3818466.800053 21418042.297203 18 47
200015 25238691.817487 130107017.676249 -1482.317871 37 7.698695 25.847628 -17466294.229316 -3820119.138447 21419221.701758 18 47
200016 25238976.596315 130107017.676249 -1482.951294 37 7.700079 25.848404 -17464490.517749 -3821771.690116 21420400.713213 18 47
200023 25240974.585170 130107017.676249 -1488.274170 37 7.709795 25.853571 -17451864.915994 -3833345.521473 21428642.784741 18 47
200024 25241260.035832 130107017.676249 -1486.829834 37 7.711185 25.854349 -17450061.313407 -3834999.778503 21429818.650623 18 46
200025 25241545.364342 130107017.676249 -1485.913330 37 7.712577 25.855127 -17448257.724686 -3836654.248598 21430994.123213 18 46
200026 25241830.832454 130107017.676249 -1486.653931 37 7.713970 25.855906 -17446454.149890 -3838308.931734 21432169.202487 18 46
200027 25242116.396543 130107017.676249 -1486.971802 37 7.715363 25.856684 -17444650.589071 -3839963.827886 21433343.888425 18 46
200036 25244694.282309 130107017.676249 -1491.144775 38 7.727931 25.863426 -17428419.179815 -3854867.475044 21443898.358139 18 46
200037 25244980.797434 130107017.676249 -1492.043823 37 7.729331 25.864206 -17426615.761781 -3856524.500067 21445069.109535 18 46
200038 25245267.487061 130107017.676249 -1492.740601 37 7.730731 25.864986 -17424812.358326 -3858181.737847 21446239.467360 18 46
200039 25245554.351191 130107017.676249 -1493.440796 37 7.732131 25.865767 -17423008.969506 -3859839.188359 21447409.431591 18 46
200047 25247853.871083 130107017.176249 -1496.376221 37 7.743363 25.871744 -17408582.392378 -3873106.447937 21456754.973474 18 46
200048 25248141.215094 130107017.176249 -1496.840576 37 7.744771 25.872528 -17406779.137714 -3874765.811982 21457921.394408 18 46
200049 25248428.899384 130107017.176249 -1498.485840 37 7.746179 25.873034 -17404975.898232 -3876425.388521 21459087.421534 18 46
200050 25248716.496422 130107017.176249 -1498.019897 37 7.747588 25.873817 -17403172.673983 -3878085.177533 21460253.054833 18 46
200051 25249004.346489 130107017.176249 -1499.601685 37 7.748998 25.874599 -17401369.465023 -3879745.178992 21461418.294282 18 46
200052 25249292.222731 130107017.176249 -1499.634766 37 7.750408 25.875383 -17399566.271406 -3881405.392875 21462583.139861 18 46
200059 25251310.087384 130107017.176249 -1501.504883 36 7.760310 25.880592 -17386944.350353 -3893032.835864 21470726.028719 18 46
200060 25251598.504583 130107017.176249 -1502.905273 36 7.761729 25.881378 -17385141.281445 -3894694.748281 21471887.722571 18 46
200061 25251887.340587 130107017.176249 -1504.559326 36 7.763151 25.882162 -17383338.228374 -3896356.872906 21473049.022361 18 46
200062 25252176.272567 130107017.676249 -1505.338745 36 7.764569 25.882948 -17381535.191191 -3898019.209715 21474209.928069 18 46
200063 25252465.440126 130107017.676249 -1506.357788 36 7.765992 25.883734 -17379732.169952 -3899681.758685 21475370.439672 18 46
200068 25253910.300704 130107017.676249 -1505.256958 37 7.773111 25.887383 -17370717.304873 -3907997.685061 21481167.085354 18 46
200069 25254199.529338 130107017.676249 -1506.298950 36 7.774538 25.888170 -17368914.380436 -3909661.506496 21482325.231891 18 46
200070 25254488.888849 130107017.676249 -1507.150757 36 7.775965 25.888956 -17367111.472325 -3911325.539924 21483482.984176 18 46
200071 25254778.649714 130107017.676249 -1508.958618 37 7.777392 25.889742 -17365308.580595 -3912989.785319 21484640.342187 18 46
200078 25256809.200676 130107017.676249 -1511.627808 37 7.787410 25.894976 -17352688.801752 -3924645.436132 21492730.806800 18 46
200079 25257099.572299 130107017.676249 -1511.696899 37 7.788845 25.895763 -17350886.043019 -3926311.376413 21493885.009867 18 46
200080 25257389.909022 130107017.676249 -1511.654663 37 7.790280 25.896551 -17349083.301154 -3927977.528446 21495038.818471 18 46
200081 25257680.263195 130107017.676249 -1511.893311 37 7.791717 25.897341 -17347280.576213 -3929643.892208 21496192.232591 18 46
200082 25257971.001273 130107017.676249 -1513.897705 38 7.793154 25.898129 -17345477.868252 -3931310.467672 21497345.252205 18 46
200091 25260591.552821 130107017.676249 -1516.217041 38 7.806139 25.904955 -17329254.269701 -3946319.169458 21507704.672485 18 46
200092 25260882.849306 130107017.676249 -1516.753296 38 7.807588 25.905466 -17327451.734519 -3947987.860629 21508853.745893 18 46
200093 25261174.276667 130107017.676249 -1517.472656 38 7.809039 25.906258 -17325649.216916 -3949656.763238 21510002.424564 18 46
200094 25261465.712754 130107017.676249 -1517.341431 38 7.810489 25.907047 -17323846.716944 -3951325.877259 21511150.708478 18 46
200102 25263802.139857 130107017.676249 -1523.267456 37 7.822128 25.913099 -17309427.358524 -3964686.397306 21520322.765967 18 46
200103 25264094.841084 130107017.676249 -1524.115234 37 7.823585 25.913891 -17307625.019690 -3966357.412946 21521467.496122 18 46
200104 25264387.629563 130107017.176249 -1524.523438 37 7.825044 25.914684 -17305822.699032 -3968028.639756 21522611.831310 18 46
200105 25264680.435491 130107017.176249 -1525.036133 37 7.826504 25.915476 -17304020.396603 -3969700.077711 21523755.771512 18 46
200106 25264972.962216 130107017.176249 -1523.047241 37 7.827964 25.916269 -17302218.112457 -3971371.726789 21524899.316706 18 46
200106 25265265.340615 130107017.176249 -1522.643555 37 7.827964 25.916269 -17302218.112457 -3971371.726789 21524899.316706 18 46
200108 25265557.675387 130107017.176249 -1522.168823 37 7.830889 25.917854 -17298613.599233 -3974715.658211 21527185.221989 18 46
200117 25268197.745005 130107017.176249 -1528.385620 37 7.844076 25.924440 -17282394.209255 -3989773.793532 21537452.237284 18 46
200118 25268491.030814 130107017.176249 -1528.106812 37 7.845546 25.925234 -17280592.148761 -3991447.974149 21538591.040754 18 46
200119 25268784.508576 130107017.176249 -1529.231445 37 7.847015 25.926029 -17278790.107260 -3993122.365567 21539729.448945 18 46
