199376 25250694.618205 131991976.198374 1061.832520 39 6.801011 26.424952 15480555.817469 14820654.220317 17876040.986739 20 300
199377 25250490.947988 131991976.198374 1060.428711 39 6.800549 26.424625 15480776.582547 14822689.552919 17874162.176585 20 300
199378 25250287.652952 131991976.198374 1058.467529 39 6.800089 26.424299 15480997.442902 14824724.660344 17872283.038628 20 300
199379 25250084.523692 131991976.198374 1057.584106 39 6.799629 26.423973 15481218.398497 14826759.542553 17870403.572900 20 300
199380 25249881.464233 131991976.198374 1057.172974 39 6.799171 26.423647 15481439.449298 14828794.199508 17868523.779435 20 300
199381 25249678.439675 131991976.198374 1057.101318 39 6.798713 26.423323 15481660.595268 14830828.631167 17866643.658267 20 300
199382 25249475.354041 131991976.198374 1057.590576 39 6.798254 26.422997 15481881.836371 14832862.837491 17864763.209430 20 300
199386 25248662.671225 131991976.198374 1056.993896 39 6.796426 26.421701 15482767.751397 14840997.408549 17857238.138158 20 300
199387 25248459.890970 131991976.198374 1055.917358 39 6.795969 26.421377 15482989.467632 14843030.487588 17855356.051498 20 300
199388 25248257.110715 131991976.198374 1056.004517 40 6.795511 26.421057 15483211.278786 14845063.341049 17853473.637376 20 300
199389 25248054.731815 131991976.198374 1054.193970 40 6.795054 26.420734 15483433.184822 14847095.968890 17851590.895830 20 300
199395 25246842.456463 131991976.198374 1052.013428 39 6.792317 26.418808 15484766.611573 14859286.995612 17840287.572606 20 300
199396 25246640.775572 131991976.198374 1050.597900 39 6.791862 26.418489 15484989.180788 14861318.042994 17838402.540042 20 300
199397 25246439.373884 131991976.198374 1049.021118 39 6.791408 26.418171 15485211.844599 14863348.864435 17836517.180330 20 300
199398 25246237.963471 131991976.198374 1048.643433 39 6.790954 26.417850 15485434.602972 14865379.459896 17834631.493501 20 300
199402 25245431.100303 131991976.198374 1049.803589 39 6.789141 26.416580 15486326.581342 14873499.581060 17827085.475780 20 300
199404 25245028.314377 131991976.198374 1048.114624 39 6.788233 26.415947 15486773.136962 14877558.284749 17823310.505090 20 300
199405 25244827.078466 131991976.198374 1047.405884 39 6.787781 26.415630 15486996.556254 14879587.297220 17821422.529418 20 300
199406 25244626.025782 131991976.198374 1046.573486 39 6.787330 26.415316 15487220.069819 14881616.083387 17819534.226908 20 300
199407 25244425.435529 131991976.198374 1044.302612 39 6.786878 26.415001 15487443.677622 14883644.643210 17817645.597595 20 300
199413 25243224.528995 131991976.198374 1043.755371 39 6.784176 26.413118 15488787.301403 14895811.246614 17806306.960850 20 300
199414 25243024.470973 131991976.198374 1041.329468 38 6.783726 26.412806 15489011.567861 14897838.220914 17804416.044877 20 300
199415 25242824.491478 131991976.198374 1041.311890 38 6.783277 26.412493 15489235.928270 14899864.968550 17802524.802378 20 300
199416 25242624.416007 131991976.198374 1041.420898 39 6.782828 26.412182 15489460.382592 14901891.489483 17800633.233385 20 300
199417 25242424.567388 131991976.198374 1040.631958 39 6.782381 26.411871 15489684.930793 14903917.783671 17798741.337935 21 300
199418 25242224.910722 131991976.198374 1039.344238 38 6.781934 26.411558 15489909.572835 14905943.851075 17796849.116063 21 300
199426 25240631.452814 131991976.698374 1036.105469 39 6.778378 26.409084 15491710.083146 14922144.221188 17781699.594100 21 300
199427 25240432.625033 131991976.698374 1035.683716 39 6.777936 26.408777 15491935.568143 14924168.245733 17779804.435983 21 300
199428 25240233.805977 131991976.698374 1035.695435 39 6.777495 26.408470 15492161.146622 14926192.043094 17777908.951790 21 300
199429 25240035.170149 131991976.698374 1034.419189 39 6.777053 26.408163 15492386.818546 14928215.613230 17776013.141557 21 300
199430 25239836.499420 131991976.698374 1034.364136 38 6.776612 26.407858 15492612.583880 14930238.956102 17774117.005316 21 300
199437 25238450.376274 131991976.698374 1031.363525 39 6.773537 26.405724 15494195.553630 14944395.989358 17760834.926463 21 300
199438 25238252.909610 131991976.698374 1028.741577 39 6.773099 26.405420 15494422.064938 14946417.512674 17758936.183427 21 300
199439 25238055.608723 131991976.698374 1027.734985 39 6.772661 26.405117 15494648.669329 14948438.808365 17757037.114699 21 300
199440 25237858.342737 131991976.698374 1027.283813 38 6.772225 26.404816 15494875.366768 14950459.876394 17755137.720312 21 300
199441 25237661.251252 131991976.698374 1026.606934 38 6.771789 26.404514 15495102.157219 14952480.716718 17753238.000302 21 300
199442 25237463.854389 131991976.698374 1028.098633 38 6.771354 26.404213 15495329.040646 14954501.329301 17751337.954701 21 300
199446 25236674.816619 131991976.698374 1026.315674 39 6.769614 26.403009 15496237.503378 14962581.501327 17743734.517176 21 300
199447 25236478.205016 131991976.698374 1024.091187 39 6.769180 26.402708 15496464.851140 14964600.974593 17741832.844157 21 300
199448 25236281.846441 131991976.698374 1023.020386 39 6.768746 26.402409 15496692.291661 14966620.219875 17739930.845758 21 300
199449 25236085.435515 131991976.698374 1022.586670 38 6.768312 26.402111 15496919.824903 14968639.237136 17738028.522014 21 300
199450 25235889.190366 131991976.698374 1022.003174 38 6.767877 26.401812 15497147.450832 14970658.026334 17736125.872961 21 300
199451 25235691.714977 131991976.698374 1028.337646 38 6.767443 26.401512 15497375.169411 14972676.587439 17734222.898624 21 300
199456 25234710.532859 131991976.698374 1021.200500 38 6.765277 26.400030 15498515.150774 14982765.969930 17724703.149140 21 300
199457 25234514.811217 131991976.698374 1019.866882 38 6.764845 26.399733 15498743.424490 14984783.161579 17722798.223894 21 300
199458 25234319.325153 131991976.698374 1018.140015 38 6.764413 26.399439 15498971.790601 14986800.124847 17720892.973619 21 300
199459 25234123.926339 131991976.698374 1017.740906 38 6.763982 26.399141 15499200.249073 14988816.859694 17718987.398347 21 300
199460 25233928.571152 131991976.698374 1017.280884 38 6.763551 26.398848 15499428.799867 14990833.366082 17717081.498115 21 300
199465 25232951.454935 131991976.698374 1017.568848 38 6.761405 26.397381 15500572.937411 15000912.469668 17707547.123828 21 300
199466 25232756.431301 131991976.698374 1015.832825 38 6.760977 26.397087 15500802.041383 15002927.604464 17705639.274563 21 300
199467 25232561.355317 131991976.698374 1015.898804 38 6.760550 26.396795 15501031.237425 15004942.510523 17703731.100582 21 300
199468 25232366.296783 131991976.698374 1015.455688 38 6.760124 26.396503 15501260.525499 15006957.187805 17701822.601920 21 300
199469 25232171.683230 131991976.698374 1013.261353 38 6.759697 26.396212 15501489.905568 15008971.636268 17699913.778614 21 300
199475 25231005.310676 131991976.698374 1012.108398 37 6.757143 26.394474 15502868.115865 15021053.519592 17688454.023239 21 300
199476 25230811.115928 131991976.698374 1010.709900 38 6.756718 26.394186 15503098.138891 15023066.365226 17686542.928389 21 300
199477 25230617.244009 131991976.698374 1008.903992 38 6.756293 26.393896 15503328.253621 15025078.981725 17684631.509175 21 300
199478 25230423.502966 131991976.698374 1008.243286 38 6.755870 26.393608 15503558.460021 15027091.369050 17682719.765631 21 300
199479 25230229.884076 131991976.698374 1007.604797 38 6.755446 26.393320 15503788.758052 15029103.527162 17680807.697791 21 300
199484 25229261.623844 131991976.698374 1006.334106 37 6.753333 26.391890 15504941.621411 15039160.878070 17671242.495443 21 300
199485 25229068.685511 131991976.698374 1004.927612 37 6.752913 26.391605 15505172.468471 15041171.660071 17669328.482566 21 300
199486 25228875.930406 131991976.698374 1004.274353 37 6.752492 26.391319 15505403.406908 15043182.212580 17667414.145638 21 300
199487 25228683.201476 131991976.698374 1003.802490 38 6.752071 26.391035 15505634.436685 15045192.535561 17665499.484695 21 300
199488 25228490.638324 131991976.698374 1002.976685 38 6.751649 26.390753 15505865.557767 15047202.628973 17663584.499773 21 300
199489 25228297.752342 131991976.698374 1004.547852 38 6.751228 26.390469 15506096.770116 15049212.492778 17661669.190903 21 300
199490 25227912.460259 131991976.698374 1004.239807 38 6.750388 26.389902 15506559.468463 15053231.531328 17657837.601543 21 300
199494 25227335.050005 131991976.198374 1001.875427 38 6.749127 26.389057 15507254.199591 15059258.366217 17652087.788682 21 300
199495 25227142.958008 131991976.198374 1000.346375 38 6.748708 26.388775 15507485.958779 15061266.851541 17650170.536882 21 300
199496 25226951.127764 131991976.198374 999.698853 38 6.748289 26.388494 15507717.808978 15063275.106979 17648252.961383 21 300
199497 25226759.192819 131991976.198374 999.886108 38 6.747870 26.388216 15507949.750154 15065283.132494 17646335.062220 21 300
199498 25226567.371301 131991976.198374 999.414917 38 6.747451 26.387936 15508181.782268 15067290.928046 17644416.839427 21 300
199499 25226375.270579 131991976.198374 1000.793762 38 6.747032 26.387655 15508413.905284 15069298.493596 17642498.293039 21 300
199504 25225416.267687 131991976.198374 997.510437 38 6.744940 26.386265 15509575.882610 15079332.869850 17632900.708501 21 300
199505 25225224.943500 131991976.198374 996.206116 38 6.744523 26.385986 15509808.550271 15081339.054554 17630980.221292 21 300
199506 25225033.532062 131991976.198374 996.441406 38 6.744106 26.385710 15510041.308579 15083345.008981 17629059.410735 21 300
199507 25224842.251500 131991976.198374 995.699646 38 6.743690 26.385433 15510274.157495 15085350.733090 17627138.276866 21 300
199514 25223507.327293 131991976.698374 992.928955 38 6.740778 26.383509 15511906.633887 15099384.349558 17613681.290090 21 299
199515 25223316.500437 131991976.698374 993.118042 38 6.740365 26.383236 15512140.206360 15101388.229710 17611757.570992 21 299
199516 25223125.970235 131991976.698374 992.080627 38 6.739950 26.382963 15512373.869111 15103391.879188 17609833.528901 21 299
199517 25222935.631985 131991976.698374 991.233032 38 6.739536 26.382692 15512607.622106 15105395.297955 17607909.163851 21 299
199524 25221607.321410 131991976.698374 985.392273 38 6.736649 26.380795 15514246.416771 15119412.766035 17594429.568682 21 299
199525 25221418.082524 131991976.698374 985.386169 39 6.736238 26.380526 15514480.890385 15121414.337700 17592502.621229 21 299
199526 25221228.616785 131991976.698374 986.676270 39 6.735828 26.380257 15514715.453912 15123415.678303 17590575.351132 21 299
199527 25221038.967818 131991976.698374 987.234497 39 6.735419 26.379990 15514950.107314 15125416.787805 17588647.758428 21 299
199528 25220849.580605 131991976.698374 985.775818 38 6.735010 26.379721 15515184.850555 15127417.666164 17586719.843153 21 299
199536 25219340.730078 131991976.698374 982.366577 38 6.731755 26.377588 15517066.026247 15143416.367120 17571284.912733 21 299
199537 25219152.241551 131991976.698374 981.672363 38 6.731350 26.377325 15517301.576380 15145415.163437 17569354.095911 21 299
199538 25218964.023503 131991976.698374 980.407471 38 6.730947 26.377060 15517537.215983 15147413.728219 17567422.956872 21 299
199539 25218775.875255 131991976.698374 979.796021 38 6.730543 26.376797 15517772.945020 15149412.061429 17565491.495652 21 299
199546 25217462.327565 131991976.198374 977.269897 38 6.727718 26.374962 15519425.549315 15163393.906508 17551962.249071 21 299
199547 25217274.519597 131991976.198374 977.227661 38 6.727315 26.374701 15519661.992495 15165390.385735 17550028.211668 21 299
199548 25217086.921031 131991976.198374 976.447693 38 6.726912 26.374441 15519898.524776 15167386.633037 17548093.852403 21 299
199549 25216899.619119 131991976.198374 974.870117 38 6.726509 26.374180 15520135.146121 15169382.648376 17546159.171312 21 299
199556 25215593.330719 131991976.198374 969.051819 39 6.723713 26.372374 15521793.986245 15183348.257424 17532607.395572 21 299
199557 25215406.918768 131991976.198374 970.454773 39 6.723316 26.372114 15522031.318779 15185342.415656 17530670.141139 21 299
199558 25215220.271239 131991976.198374 971.344421 38 6.722918 26.371859 15522268.740046 15187336.341578 17528732.565196 21 299
199559 25215033.780762 131991976.198374 970.612305 38 6.722521 26.371603 15522506.250009 15189330.035147 17526794.667781 21 299
199560 25214847.665465 131991976.198374 968.776855 38 6.722123 26.371347 15522743.848630 15191323.496323 17524856.448931 21 299
199566 25213733.669740 131991976.198374 967.229492 37 6.719744 26.369823 15524171.300096 15203279.380907 17513220.387723 21 299
199567 25213547.981973 131991976.198374 966.124390 38 6.719349 26.369570 15524409.518289 15205271.214258 17511279.919807 21 299
199568 25213362.407632 131991976.198374 965.839172 38 6.718955 26.369318 15524647.824844 15207262.814907 17509339.130740 21 299
199569 25213176.964168 131991976.198374 965.187622 38 6.718560 26.369064 15524886.219724 15209254.182815 17507398.020556 21 299
199570 25212991.730107 131991976.198374 963.996033 38 6.718166 26.368814 15525124.702892 15211245.317943 17505456.589291 21 299
199579 25211331.132486 131991976.698374 959.918152 38 6.714646 26.366568 15527275.018236 15229155.052517 17487969.265209 21 299
199580 25211146.919263 131991976.698374 959.630859 38 6.714256 26.366320 15527514.382244 15231143.857715 17486024.625090 21 299
199581 25210962.950342 131991976.698374 957.953491 38 6.713867 26.366072 15527753.834133 15233132.429705 17484079.664282 21 299
199582 25210779.121024 131991976.698374 957.768677 38 6.713478 26.365826 15527993.373864 15235120.768451 17482134.382821 21 299
199583 25210595.056127 131991976.698374 958.502319 38 6.713088 26.365580 15528233.001401 15237108.873916 17480188.780740 21 299
199591 25209128.312975 131991976.698374 953.558105 38 6.709994 26.363621 15530153.178230 15253005.314695 17464612.426205 21 299
199592 25208945.181665 131991976.698374 953.029419 38 6.709609 26.363377 15530393.594345 15254991.318867 17462663.940166 21 299
199593 25208761.954379 131991976.698374 953.285645 38 6.709225 26.363134 15530634.097894 15256977.089371 17460715.133865 21 299
199594 25208579.215699 131991976.698374 951.103271 38 6.708839 26.362892 15530874.688839 15258962.626164 17458766.007342 21 299
199595 25208396.721322 131991976.698374 949.696045 38 6.708457 26.362650 15531115.367144 15260947.929208 17456816.560629 21 299
199596 25208214.279295 131991976.698374 949.360168 38 6.708073 26.362410 15531356.132771 15262932.998467 17454866.793762 21 299
199597 25208032.003046 131991976.698374 948.869446 38 6.707690 26.362167 15531596.985682 15264917.833901 17452916.706778 21 299
199604 25206757.718345 131991976.698374 945.578430 38 6.705019 26.360493 15533285.396902 15278805.131548 17439257.137648 21 299
199605 25206576.035403 131991976.698374 946.903992 38 6.704638 26.360256 15533526.946751 15280788.094999 17437304.491004 21 299
199606 25206394.177959 131991976.698374 947.446899 38 6.704257 26.360018 15533768.583550 15282770.824282 17435351.524562 21 299
199607 25206212.556093 131991976.698374 946.452759 38 6.703877 26.359781 15534010.307261 15284753.319353 17433398.238361 21 299
199608 25206031.038928 131991976.698374 945.682007 38 6.703496 26.359545 15534252.117846 15286735.580176 17431444.632435 21 299
199613 25204945.853512 131991976.698374 940.762329 39 6.701221 26.358133 15535704.803628 15298624.223658 17419716.284758 21 299
199616 25204583.168187 131991976.698374 947.207397 38 6.700465 26.357775 15536189.725532 15302585.229126 17415804.279323 21 299
199617 25204402.479907 131991976.698374 941.204285 38 6.700087 26.357540 15536432.316310 15304565.379984 17413847.797489 21 299
199618 25204221.843978 131991976.198374 941.041016 38 6.699709 26.357309 15536674.993590 15306545.296209 17411890.996287 21 299
199619 25204041.190599 131991976.198374 940.486755 38 6.699332 26.357077 15536917.757333 15308524.977764 17409933.875755 21 299
199627 25202602.106043 131991976.198374 935.816711 38 6.696320 26.355234 15538862.975478 15324353.977345 17394265.420007 21 299
199628 25202422.316449 131991976.198374 935.998108 38 6.695945 26.355005 15539106.515712 15326331.545133 17392305.427118 21 299
199629 25202242.535581 131991976.198374 935.632385 38 6.695570 26.354776 15539350.142036 15328308.877867 17390345.115257 21 299
199630 25202063.190968 131991976.198374 933.775513 38 6.695194 26.354549 15539593.854411 15330285.975506 17388384.484463 21 299
199631 25201883.855081 131991976.198374 934.134888 38 6.694820 26.354321 15539837.652802 15332262.838014 17386423.534769 21 299
199638 25200632.805345 131991976.198374 931.111145 38 6.692207 26.352741 15541546.646784 15346094.288595 17372687.960838 21 299
199639 25200454.141291 131991976.198374 930.412903 38 6.691837 26.352518 15541791.131942 15348069.268676 17370724.461244 21 299
199640 25200275.608113 131991976.198374 929.658508 38 6.691467 26.352293 15542035.702777 15350044.013281 17368760.643075 21 299
199641 25200097.406490 131991976.198374 927.744812 38 6.691096 26.352068 15542280.359251 15352018.522371 17366796.506368 21 299
199642 25199919.440444 131991976.198374 926.536682 38 6.690728 26.351847 15542525.101327 15353992.795908 17364832.051158 21 299
199649 25198674.611711 131991976.198374 923.204529 39 6.688147 26.350296 15544240.689552 15367806.111940 17351071.949682 21 299
199650 25198497.553077 131991976.198374 922.298584 38 6.687780 26.350077 15544486.115091 15369778.499686 17349104.947742 21 299
199651 25198320.555519 131991976.198374 921.846191 38 6.687413 26.349857 15544731.625894 15371750.651537 17347137.627623 21 299
199652 25198143.671386 131991976.198374 921.495972 39 6.687047 26.349638 15544977.221924 15373722.567455 17345169.989361 21 299
199653 25197966.656378 131991976.198374 921.982971 39 6.686679 26.349419 15545222.903142 15375694.247402 17343202.032991 21 299
199654 25197789.501767 131991976.198374 922.639160 39 6.685640 26.349205 15545468.669511 15377665.691340 17341233.758548 21 299
199659 25196905.412661 131991976.198374 919.847229 38 6.683981 26.348120 15546698.777295 15387519.369479 17331387.616611 21 298
199660 25196728.999684 131991976.198374 918.086365 38 6.683623 26.347904 15546945.053780 15389489.396559 17329417.434502 21 298
199661 25196552.769936 131991976.198374 917.184265 38 6.683266 26.347689 15547191.415151 15391459.187362 17327446.934576 21 298
199662 25196376.723414 131991976.198374 916.484253 38 6.682908 26.347473 15547437.861373 15393428.741850 17325476.116868 21 298
199663 25196200.746693 131991976.198374 916.315186 38 6.682551 26.347258 15547684.392406 15395398.059986 17323504.981414 21 298
199664 25196024.429693 131991976.198374 917.811768 38 6.682195 26.347044 15547931.008214 15397367.141735 17321533.528247 21 298
199671 25194793.814163 131991976.198374 913.791687 38 6.679722 26.345556 15549659.689373 15411144.091776 17307724.463325 21 298
199672 25194618.570351 131991976.198374 913.108521 38 6.679370 26.345345 15549906.982018 15413111.281033 17305750.469784 21 298
199673 25194443.195663 131991976.198374 913.643372 38 6.679020 26.345135 15550154.359098 15415078.233559 17303776.158858 21 298
199674 25194267.986752 131991976.198374 912.171265 38 6.678668 26.344925 15550401.820574 15417044.949316 17301801.530583 21 298
199675 25194093.144295 131991976.198374 910.395813 38 6.678318 26.344713 15550649.366410 15419011.428262 17299826.584999 21 298
199682 25192870.233036 131991976.698374 908.872192 38 6.675863 26.343256 15552384.546138 15432770.147021 17285993.084285 21 298
199683 25192695.809384 131991976.698374 908.203247 38 6.675517 26.343050 15552632.765487 15434734.730142 17284015.601507 21 298
199684 25192521.499159 131991976.698374 907.716980 38 6.675170 26.342842 15552881.068856 15436699.076115 17282037.801745 21 298
199685 25192347.250010 131991976.698374 907.116516 39 6.674826 26.342638 15553129.456207 15438663.184902 17280059.685032 21 298
199686 25192173.262614 131991976.698374 906.352539 39 6.674480 26.342432 15553377.927500 15440627.056463 17278081.251408 21 298
199693 25190958.142877 131991976.698374 903.364441 38 6.672063 26.341007 15555119.573781 15454367.511857 17264223.345590 21 298
199694 25190785.054167 131991976.698374 901.192993 38 6.671718 26.340803 15555368.715259 15456329.484261 17262242.377967 21 298
199695 25190612.174860 131991976.698374 899.916077 38 6.671373 26.340603 15555617.940339 15458291.219100 17260261.093758 21 298
199696 25190439.382804 131991976.698374 899.391418 38 6.671029 26.340401 15555867.248984 15460252.716337 17258279.492999 21 298
199697 25190266.721625 131991976.698374 899.073792 38 6.670685 26.340200 15556116.641156 15462213.975934 17256297.575726 21 298
199698 25190094.182597 131991976.698374 898.408142 38 6.670341 26.340000 15556366.116817 15464174.997853 17254315.341976 21 298
199699 25189921.661019 131991976.698374 898.476501 38 6.669999 26.339800 15556615.675928 15466135.782057 17252332.791785 21 298
199705 25188885.781194 131991976.698374 896.968018 38 6.667949 26.338608 15558114.780936 15477895.493092 17240430.847463 21 298
199706 25188713.905274 131991976.698374 894.825256 38 6.667607 26.338524 15558364.923142 15479854.612234 17238446.083201 21 298
199707 25188542.247482 131991976.698374 893.537109 38 6.667265 26.338327 15558615.148495 15481813.493358 17236461.002789 21 298
199708 25188370.659491 131991976.698374 893.289063 38 6.666923 26.338131 15558865.456958 15483772.136427 17234475.606264 21 298
199709 25188199.298353 131991976.698374 892.587341 38 6.666580 26.337934 15559115.848491 15485730.541404 17232489.893662 21 298
199710 25188027.832513 131991976.698374 892.951294 38 6.666237 26.337740 15559366.323058 15487688.708253 17230503.865018 21 298
199711 25187856.061295 131991976.698374 894.488647 38 6.665895 26.337543 15559616.880621 15489646.636937 17228517.520366 21 298
199717 25186828.705901 131991976.698374 890.103882 38 6.663856 26.336380 15561121.966761 15501389.205340 17216592.818483 21 298
199718 25186658.164923 131991976.698374 888.454102 39 6.663517 26.336187 15561373.104226 15503345.465798 17214604.262823 21 298
199719 25186487.728646 131991976.698374 887.761169 39 6.663178 26.335997 15561624.324382 15505301.487787 17212615.391450 21 298
199720 25186317.344720 131991976.698374 887.168518 38 6.662839 26.335804 15561875.627191 15507257.271271 17210626.204399 21 298
199721 25186146.812467 131991976.698374 888.097168 38 6.662500 26.335613 15562127.012616 15509212.816214 17208636.701707 21 298
199722 25185976.062087 131991976.698374 889.183105 38 6.662160 26.335423 15562378.480617 15511168.122579 17206646.883410 21 298
199730 25184615.468610 131991976.698374 884.991882 38 6.659457 26.333912 15564393.192816 15526801.980016 17190716.979763 21 298
199731 25184445.686716 131991976.698374 884.204529 38 6.659120 26.333723 15564645.402295 15528755.137469 17188724.322676 21 298
199732 25184276.088050 131991976.698374 883.571533 38 6.658783 26.333538 15564897.693970 15530708.055968 17186731.350350 21 298
199733 25184106.594085 131991976.698374 882.804932 38 6.658447 26.333351 15565150.067802 15532660.735473 17184738.062822 21 298
199734 25183937.196096 131991976.698374 882.361511 38 6.658112 26.333164 15565402.523754 15534613.175949 17182744.460129 21 298
199736 25183430.537749 131991976.698374 879.263123 38 6.657105 26.332611 15566160.383934 15540469.062742 17176761.761504 21 298
199742 25182586.627769 131991976.698374 878.116089 39 6.655427 26.331694 15567425.123079 15550224.090110 17166784.297095 21 298
199743 25182418.015040 131991976.698374 878.210938 39 6.655094 26.331511 15567678.316389 15552174.377635 17164787.859558 21 298
199744 25182249.498288 131130578.710319 877.450500 39 6.654759 26.331329 15567931.591436 15554124.425756 17162791.107220 21 298
199745 25182081.199663 131130578.710319 876.323242 39 6.654424 26.331146 15568184.948182 15556074.234436 17160794.040120 21 298
199746 25181913.127891 131130578.710319 875.249573 39 6.654089 26.330967 15568438.386589 15558023.803637 17158796.658295 21 298
199754 25180572.122283 131130578.710319 872.713379 38 6.651414 26.329533 15570468.829048 15573611.731482 17142806.278009 21 298
199755 25180404.652543 131130578.710319 872.017151 38 6.651080 26.329355 15570723.000685 15575559.143704 17140806.065292 21 298
199756 25180237.261329 131130578.710319 871.711304 38 6.650750 26.329178 15570977.253599 15577506.316075 17138805.538215 21 298
199757 25180069.966092 131130578.710319 871.014038 38 6.650417 26.329000 15571231.587754 15579453.248559 17136804.696814 21 298
199758 25179902.749380 131130578.710319 870.149719 38 6.650087 26.328827 15571486.003111 15581399.941117 17134803.541126 21 298
199759 25179735.899124 131130578.710319 868.365173 39 6.649757 26.328650 15571740.499631 15583346.393711 17132802.071191 21 298
199765 25178736.298301 131130578.710319 867.231018 38 6.647781 26.327602 15573269.181030 15595020.067915 17120786.654456 21 298
199766 25178570.093702 131130578.710319 864.920898 38 6.647453 26.327431 15573524.244622 15596964.839732 17118782.985798 21 298
199767 25178404.133406 131130578.710319 864.076538 38 6.647126 26.327257 15573779.389070 15598909.371289 17116779.003185 21 298
199768 25178238.277812 131130578.710319 863.569946 39 6.646800 26.327085 15574034.614337 15600853.662549 17114774.706653 21 298
199769 25178072.291340 131130578.710319 864.195923 39 6.646474 26.326914 15574289.920384 15602797.713477 17112770.096236 21 298
199770 25177906.182718 131130578.710319 864.995483 38 6.646148 26.326742 15574545.307172 15604741.524035 17110765.171972 21 298
199771 25177740.004294 131130578.710319 865.231506 38 6.645823 26.326572 15574800.774665 15606685.094186 17108759.933897 21 298
199779 25176416.326753 131130579.210319 864.661743 38 6.643246 26.325336 15576847.415297 15622224.996172 17092706.736673 21 298
199780 25176250.296656 131130578.710319 864.978394 38 6.642924 26.325169 15577103.607391 15624166.400989 17090698.675966 21 298
199781 25176085.601501 131130578.710319 858.342346 38 6.642599 26.325001 15577359.879802 15626107.565019 17088690.301826 21 298
199784 25175591.149581 131130578.710319 858.063965 38 6.641629 26.324505 15578129.178555 15631929.612001 17082663.299195 21 298
199785 25175426.524227 131130578.710319 857.919617 38 6.641305 26.324339 15578385.771858 15633869.812549 17080653.671656 21 298
199786 25175262.265328 131130578.710319 855.934143 38 6.640984 26.324173 15578642.445287 15635809.772133 17078643.730861 21 298
199787 25175098.233281 131130578.710319 854.539551 38 6.640663 26.324009 15578899.198804 15637749.490716 17076633.476847 21 298
199788 25174934.297210 131130578.710319 854.016602 38 6.640345 26.323845 15579156.032370 15639688.968261 17074622.909649 21 298
199789 25174770.448391 131130578.710319 853.465027 38 6.640031 26.323683 15579412.945948 15641628.204732 17072612.029305 21 298
199790 25174606.686822 131130578.710319 853.047302 38 6.639717 26.323519 15579669.939498 15643567.200093 17070600.835850 21 298
199791 25174442.785652 131130578.710319 853.961304 38 6.639403 26.323357 15579927.012982 15645505.954307 17068589.329322 21 298
199792 25174278.936833 131130578.710319 853.339539 38 6.639086 26.323193 15580184.166362 15647444.467336 17066577.509757 21 298
199793 25174115.070563 131130578.710319 853.268921 37 6.638770 26.323032 15580441.399599 15649382.739145 17064565.377193 21 298
199794 25173951.256644 131130578.710319 852.784668 38 6.638453 26.322870 15580698.712655 15651320.769695 17062552.931666 21 298
199795 25173787.748104 131130578.710319 851.262756 38 6.638135 26.322708 15580956.105490 15653258.558948 17060540.173215 21 298
199803 25172483.204726 131130578.710319 849.264771 38 6.635599 26.321436 15583018.115610 15668752.181839 17044426.844804 21 298
199804 25172320.376744 131130578.710319 848.055603 38 6.635284 26.321278 15583276.224728 15670687.797775 17042411.271686 21 298
199805 25172157.688364 131130578.710319 847.424744 38 6.634970 26.321119 15583534.413241 15672623.172048 17040395.386012 21 298
199806 25171995.375164 131130578.710319 845.287903 38 6.634656 26.320965 15583792.681109 15674558.304618 17038379.187821 21 297
199807 25171833.175390 131130578.710319 844.600281 38 6.634344 26.320807 15584051.028293 15676493.195451 17036362.677148 21 297
199817 25170215.644907 131130578.710319 840.022949 38 6.631212 26.319269 15586638.854053 15695828.800071 17016180.392112 21 297
199818 25170054.588122 131130578.710319 838.772705 38 6.630901 26.319117 15586898.071171 15697761.029367 17014160.446578 21 297
199819 25169893.252134 131130578.710319 840.234314 38 6.630587 26.318966 15587157.367143 15699693.016488 17012140.189004 21 297
199820 25169732.142999 131130578.710319 839.208862 38 6.630275 26.318815 15587416.741928 15701624.761394 17010119.619429 21 297
199821 25169570.990238 131130578.710319 839.398804 38 6.629963 26.318663 15587676.195489 15703556.264049 17008098.737890 21 297
199822 25169410.090506 131130578.710319 837.985046 38 6.629651 26.318514 15587935.727787 15705487.524415 17006077.544425 21 297
199823 25169249.356550 131130578.710319 836.964844 38 6.629340 26.318365 15588195.338783 15707418.542457 17004056.039071 21 297
199832 25167806.249718 131130578.710319 833.398315 38 6.626547 26.317158 15590535.372748 15724786.794114 16985848.462029 21 297
199833 25167645.969468 131130578.710319 834.273376 38 6.626240 26.317011 15590795.768592 15726715.386899 16983823.839813 21 297
199834 25167485.854995 131130578.710319 833.325684 38 6.625931 26.316864 15591056.242707 15728643.736958 16981798.906115 21 297
199835 25167325.888849 131130578.710319 833.002319 38 6.625623 26.316721 15591316.795056 15730571.844253 16979773.660973 21 297
199845 25165735.842459 131048717.926355 827.030151 38 6.622569 26.315298 15593926.612784 15749839.557078 16959504.088374 21 297
199846 25165577.028028 131048717.926355 827.175659 38 6.622266 26.315157 15594188.023129 15751764.991565 16957475.419793 21 297
199847 25165418.457899 131048717.926355 826.165283 38 6.621964 26.315018 15594449.511241 15753690.182851 16955446.440214 21 297
199848 25165260.044822 131048717.926355 825.616760 38 6.621660 26.314878 15594711.077080 15755615.130898 16953417.149675 21 297
199849 25165101.631746 131048717.926355 825.436401 39 6.621359 26.314739 15594972.720609 15757539.835673 16951387.548210 21 297
199850 25164943.384446 131048717.926355 824.438660 39 6.621057 26.314602 15595234.441787 15759464.297136 16949357.635859 21 297
199857 25163840.050804 131048717.926355 820.598816 39 6.618956 26.313643 15597068.660953 15772928.711551 16935139.547779 21 297
199858 25163682.396812 131048717.926355 821.295105 38 6.618657 26.313509 15597331.001930 15774851.225224 16933107.149670 21 297
199859 25163524.847521 131048717.926355 820.560974 38 6.618358 26.313374 15597593.420206 15776773.495259 16931074.441010 21 297
199859 25163367.420382 131048717.926355 819.996094 38 6.618358 26.313374 15597593.420206 15776773.495259 16931074.441010 21 297
199868 25162113.936341 131048717.926355 815.758240 39 6.615664 26.312180 15599958.656731 15794062.955811 16912766.094477 21 297
199869 25161957.285736 131048717.926355 815.630310 39 6.615365 26.312048 15600221.845859 15795982.787476 16910730.282348 21 297
199870 25161800.739833 131048717.926355 815.284912 39 6.615065 26.311920 15600485.111858 15797902.375105 16908694.160077 21 297
199871 25161644.263730 131048717.926355 814.876770 39 6.614767 26.311789 15600748.454688 15799821.718661 16906657.727702 21 297
199872 25161487.997031 131048717.926355 813.860352 38 6.614468 26.311659 15601011.874311 15801740.818108 16904620.985260 21 297
199880 25160243.962283 131048717.926355 809.920471 38 6.612105 26.310760 15603121.991128 15817084.821336 16888315.887896 21 297
199881 25160088.620444 131048717.926355 809.176941 38 6.611811 26.310637 15603386.100126 15819001.722175 16886276.356533 21 297
199882 25159933.330957 131048717.926355 809.039734 38 6.611517 26.310511 15603650.285527 15820918.378545 16884236.515477 21 297
199883 25159778.233422 131048717.926355 807.831970 38 6.611225 26.310385 15603914.547289 15822834.790408 16882196.364765 21 297
199884 25159623.153337 131048717.926355 807.909973 38 6.610933 26.310261 15604178.885376 15824750.957729 16880155.904435 21 297
199895 25157926.102211 131048717.926355 799.782715 38 6.607734 26.308920 15607091.630485 15845812.648048 16857690.416780 21 297
199896 25157772.313442 131048717.926355 800.672852 38 6.607446 26.308800 15607356.881402 15847725.878046 16855646.243949 21 297
199897 25157618.105868 131048717.926355 802.535461 38 6.607158 26.308680 15607622.208134 15849638.863036 16853601.761982 21 297
199898 25157463.968095 131048717.926355 801.897278 38 6.606872 26.308561 15607887.610642 15851551.602980 16851556.970921 21 297
199899 25157309.961198 131048717.926355 801.702881 38 6.606585 26.308443 15608153.088886 15853464.097840 16849511.870804 21 297
199900 25157155.936851 131048717.926355 801.235107 38 6.606297 26.308325 15608418.642827 15855376.347582 16847466.461667 21 297
199908 25155931.167144 131048717.926355 796.818848 38 6.604026 26.307398 15610545.794727 15870665.516833 16831092.068483 21 297
199909 25155778.573715 131048717.926355 794.453430 38 6.603745 26.307283 15610812.028175 15872575.558886 16829043.879865 21 297
199910 25155626.102437 131048717.926355 794.097229 38 6.603464 26.307173 15611078.336927 15874485.355461 16826995.382604 21 297
199911 25155473.526458 131048717.926355 794.631653 38 6.603183 26.307058 15611344.720945 15876394.906523 16824946.576734 21 297
199912 25155321.081356 131048717.926355 793.950500 38 6.602901 26.306946 15611611.180189 15878304.212036 16822897.462296 21 297
199913 25155168.871832 131048717.926355 792.959045 38 6.602619 26.306833 15611877.714620 15880213.271963 16820848.039328 21 297
199920 25154105.970344 131048717.926355 789.080505 38 6.600655 26.306057 15613745.557548 15893569.811978 16806493.442910 21 297
199921 25153954.319227 131048717.926355 789.852356 38 6.600375 26.305948 15614012.692057 15895476.905934 16804441.553044 21 297
199922 25153802.816437 131048717.926355 788.997620 38 6.600096 26.305840 15614279.901399 15897383.753982 16802389.354985 21 297
199923 25153651.235120 131048717.926355 789.314026 38 6.599817 26.305731 15614547.185534 15899290.356088 16800336.848770 21 297
199924 25153499.845756 131048717.926355 788.319824 38 6.599539 26.305748 15614814.544423 15901196.712214 16798284.034437 21 297
199932 25152293.573280 131048718.426355 784.265320 38 6.597327 26.304899 15616956.101946 15916438.701615 16781850.432153 21 297
199933 25152143.239654 131048718.426355 782.294800 38 6.597053 26.304798 15617224.131850 15918342.842323 16779794.846459 21 297
199934 25151993.010729 131048718.426355 781.644226 38 6.596778 26.304691 15617492.236113 15920246.736695 16777738.953023 21 297
199935 25151842.999933 131048718.426355 780.954712 38 6.596505 26.304590 15617760.414697 15922150.384695 16775682.751885 21 297
199936 25151693.076387 131048718.426355 780.388550 38 6.596231 26.304487 15618028.667562 15924053.786287 16773626.243082 21 297
199937 25151542.925988 131048718.426355 781.890686 39 6.595958 26.304384 15618296.994669 15925956.941439 16771569.426648 21 297
199938 25151392.679614 131048718.426355 782.284363 39 6.595685 26.304281 15618565.395979 15927859.850114 16769512.302623 21 297
199945 25150346.696112 131048718.426355 775.677856 39 6.593783 26.303579 15620446.279486 15941173.306361 16755103.825193 21 297
199946 25150198.028982 131048718.426355 774.085876 39 6.593512 26.303482 15620715.272993 15943074.241922 16753044.241811 21 297
199947 25150049.292051 131048718.426355 774.886230 39 6.593242 26.303383 15620984.340348 15944974.930687 16750984.351177 21 297
199948 25149900.354443 131048718.426355 775.587402 38 6.592972 26.303284 15621253.481510 15946875.372619 16748924.153328 21 297
199949 25149751.259782 131048718.426355 776.419617 38 6.592703 26.303188 15621522.696440 15948775.567683 16746863.648303 21 297
199950 25149602.391975 131048718.426355 775.460999 38 6.592434 26.303089 15621791.985099 15950675.515841 16744802.836142 21 297
199959 25148269.509443 131048718.426355 770.821045 39 6.590027 26.302235 15624218.894275 15967763.932599 16726241.711850 21 296
199960 25148121.383270 131048718.426355 771.177612 39 6.589761 26.302143 15624488.918044 15969661.409758 16724177.830395 21 296
199961 25147973.527575 131048718.426355 770.090027 39 6.589496 26.302052 15624759.015106 15971558.639621 16722113.642220 21 296
199962 25147825.828932 131048718.426355 769.231018 39 6.589231 26.301958 15625029.185422 15973455.622153 16720049.147362 21 296
199963 25147678.104114 131048718.426355 769.403320 39 6.588967 26.301865 15625299.428952 15975352.357320 16717984.345857 21 296
199973 25146210.392475 131048718.426355 761.602234 39 6.586351 26.301102 15628005.882305 15994306.095997 16697319.473748 21 296
199974 25146064.264352 131048718.426355 760.940308 39 6.586091 26.301014 15628276.928575 15996200.107805 16695251.301647 21 296
199975 25145918.267105 131048718.426355 760.171326 39 6.585831 26.300926 15628548.047584 15998093.871822 16693182.823355 21 296
199976 25145772.182607 131048718.426355 760.622314 39 6.585571 26.300840 15628819.239292 15999987.388016 16691114.038909 21 296
199977 25145625.696755 131048718.426355 762.292542 39 6.585311 26.300755 15629090.503660 16001880.656353 16689044.948344 21 296
199978 25145479.271978 131048718.426355 762.272705 39 6.585052 26.300669 15629361.840647 16003773.676794 16686975.551702 21 296
199983 25144605.321448 131048717.926355 756.820801 38 6.583503 26.300167 15630991.385340 16015126.591575 16674552.746454 21 296
199987 25144168.961303 131048717.926355 756.392090 39 6.582732 26.299919 15631807.134838 16020799.699564 16668337.214821 21 296
199988 25144023.758041 131048717.926355 755.647888 39 6.582476 26.299839 15632079.195835 16022690.239112 16666264.759498 21 296
199989 25143878.519879 131048717.926355 755.591736 39 6.582221 26.299759 15632351.329014 16024580.530378 16664191.998515 21 296
199990 25143733.683071 131048717.926355 753.581848 39 6.581965 26.299677 15632623.534335 16026470.573324 16662118.931913 21 296
199991 25143588.785188 131048717.926355 754.236694 39 6.581711 26.299597 15632895.811760 16028360.367919 16660045.559726 21 296
199992 25143443.913481 131048717.926355 754.153259 39 6.581456 26.299519 15633168.161248 16030249.914125 16657971.881994 21 296
199999 25142433.449897 131048717.926355 751.643066 39 6.579685 26.298973 15635076.622075 16043469.779678 16643447.585877 21 296
200000 25142289.293649 131048717.926355 750.619019 39 6.579432 26.298897 15635349.546635 16045357.337517 16641371.465151 21 296
200001 25142145.137400 131048717.926355 750.557251 39 6.579181 26.298822 15635622.542900 16047244.646653 16639295.039221 21 296
200002 25142001.059677 131048718.426355 749.915710 39 6.578929 26.298746 15635895.610830 16049131.707050 16637218.308126 21 296
200003 25141857.191357 131048718.426355 748.955383 39 6.578679 26.298672 15636168.750384 16051018.518672 16635141.271905 21 296
200011 25140711.261733 131048718.426355 743.163940 38 6.576680 26.298218 15638356.440534 16066104.051508 16618514.002234 21 296
200012 25140568.353175 131048718.426355 743.990540 38 6.576430 26.298145 15638630.222922 16067988.622590 16616434.221587 21 296
200013 25140425.296290 131048718.426355 744.618774 38 6.576181 26.298075 15638904.076536 16069872.944550 16614354.136192 21 296
200014 25140282.370282 131048718.426355 743.709961 38 6.575933 26.298004 15639178.001336 16071757.017351 16612273.746090 21 296
200015 25140139.548975 131048718.426355 743.138855 39 6.575686 26.297935 15639451.997283 16073640.840959 16610193.051319 21 296
200016 25139996.893445 131048718.426355 742.450134 39 6.575438 26.297865 15639726.064336 16075524.415337 16608112.051917 21 296
200023 25139002.649839 131048718.426355 736.857971 39 6.573711 26.297390 15641646.521330 16088702.454580 16593536.529725 21 296
200024 25138860.910445 131048718.426355 738.164978 39 6.573464 26.297325 15641921.155798 16090584.033874 16591453.094647 21 296
200025 25138718.952924 131048718.426355 739.054504 38 6.573219 26.297260 15642195.861014 16092465.363629 16589369.355280 21 296
200026 25138577.117554 131048718.426355 738.311890 38 6.572974 26.297194 15642470.636937 16094346.443806 16587285.311664 21 296
200027 25138435.404336 131048718.426355 737.912109 38 6.572730 26.297131 15642745.483527 16096227.274372 16585200.963837 21 296
200036 25137167.567491 131048718.426355 733.293152 39 6.570531 26.296566 15645222.276242 16113143.511097 16566428.150293 21 296
200037 25137026.927461 131048718.426355 732.353821 39 6.570287 26.296505 15645497.827302 16115021.843631 16564340.762457 21 296
200038 25136886.479384 131048717.926355 731.621338 39 6.570043 26.296444 15645773.448589 16116899.926171 16562253.070831 21 296
200039 25136746.170908 131048717.926355 730.873718 39 6.569799 26.296383 15646049.140062 16118777.758681 16560165.075452 21 296
200047 25135628.807291 131048717.926355 727.555542 39 6.567859 26.296053 15648257.193754 16133791.413481 16543450.182030 21 296
200048 25135489.240449 131048717.926355 727.006287 39 6.567617 26.295996 15648533.515105 16135666.994173 16541359.454604 21 296
200049 25135349.926636 131048717.926355 725.373657 39 6.567376 26.295940 15648809.906241 16137542.324488 16539268.423809 21 296
200050 25135210.595372 131048717.926355 725.771118 39 6.567134 26.295885 15649086.367124 16139417.404394 16537177.089683 21 296
200051 25135071.499687 131048717.926355 724.177307 39 6.566894 26.295832 15649362.897712 16141292.233855 16535085.452265 21 296
200052 25134932.499977 131048717.926355 724.022705 39 6.566653 26.295778 15649639.497965 16143166.812836 16532993.511593 21 296
200059 25133961.971217 131048717.926355 721.859497 39 6.564981 26.295410 15651577.646988 16156281.849318 16518341.439074 21 296
200060 25133823.425214 131048717.926355 720.374390 39 6.564745 26.295359 15651854.803119 16158154.423225 16516247.073748 21 296
200061 25133685.324190 131048717.926355 718.733765 39 6.564509 26.295307 15652132.028554 16160026.746339 16514152.405516 21 296
200062 25133547.406395 131048717.926355 717.867554 39 6.564272 26.295258 15652409.323253 16161898.818629 16512057.434413 21 296
200063 25133409.671826 131048717.926355 716.822266 39 6.564036 26.295208 15652686.687175 16163770.640059 16509962.160480 21 296
200068 25132720.039221 131048718.426355 717.620728 39 6.562861 26.294966 15654074.543724 16173125.983063 16499481.249741 21 296
200069 25132582.313377 131048718.426355 716.560913 39 6.562627 26.294918 15654352.322143 16174996.298620 16497384.159618 21 296
200070 25132444.814387 131048718.426355 715.666260 39 6.562393 26.294872 15654630.169504 16176866.363076 16495286.766934 21 296
200071 25132307.699301 131048718.426355 713.790039 39 6.562159 26.294825 15654908.085767 16178736.176395 16493189.071727 21 296
200078 25131350.764260 131048718.426355 710.807983 39 6.560529 26.294647 15656855.425460 16191817.834907 16478496.737908 21 296
200079 25131214.294833 131048718.426355 710.613708 39 6.560297 26.294605 15657133.891487 16193685.637914 16476396.623890 21 296
200080 25131077.851580 131048718.426355 710.692322 39 6.560066 26.294561 15657412.426052 16195553.189478 16474296.207693 21 296
200081 25130941.469403 131048718.426355 710.386169 38 6.559834 26.294521 15657691.029117 16197420.489564 16472195.489357 21 296
200082 25130805.506032 131048718.426355 708.278442 38 6.559604 26.294477 15657969.700640 16199287.538136 16470094.468921 21 296
200091 25129585.412983 131048718.426355 705.494751 39 6.557550 26.294123 15660480.818317 16216079.651504 16451171.696888 21 296
200092 25129449.964393 131048718.426355 704.963806 38 6.557325 26.294086 15660760.172207 16217944.183070 16449067.657558 21 296
200093 25129314.603054 131048718.426355 704.189209 38 6.557101 26.294048 15661039.594112 16219808.462747 16446963.316551 21 296
200094 25129179.241715 131048718.426355 704.286133 38 6.556876 26.294012 15661319.083992 16221672.490502 16444858.673905 21 296
200102 25128102.772683 131048718.426355 697.939758 38 6.555092 26.293736 15663557.445240 16236575.639108 16428010.678489 21 295
200103 25127968.877162 131048718.426355 697.047729 38 6.554868 26.293703 15663837.545069 16238437.398011 16425903.322838 21 295
200104 25127835.033992 131048718.426355 696.530762 38 6.554647 26.293671 15664117.712468 16240298.904650 16423795.665935 21 295
200105 25127701.278073 131048718.426355 696.049683 39 6.554425 26.293638 15664397.947398 16242160.158990 16421687.707819 21 295
200106 25127567.199325 131048718.426355 697.974121 39 6.554204 26.293741 15664678.249816 16244021.161000 16419579.448524 21 295
200106 25127433.059501 131048718.426355 698.269592 38 6.554204 26.293741 15664678.249816 16244021.161000 16419579.448524 21 295
200108 25127298.910952 131048718.426355 698.759521 38 6.553762 26.293682 15665239.056960 16247742.407886 16415362.026562 21 295
200117 25126101.459561 131048717.926355 691.982666 38 6.551775 26.293425 15667766.019120 16264475.519300 16396368.729894 21 295
200118 25125968.392925 131048717.926355 692.289978 38 6.551556 26.293398 15668047.128252 16266333.490659 16394256.859515 21 295
200119 25125835.588043 131048717.926355 691.080627 38 6.551336 26.293373 15668328.304346 16268191.209242 16392144.688465 21 295
