199376 25105340.699938 130404857.779196 -2685.087891 38 8.265117 34.727360 -6297324.234662 23433260.269007 -13818626.893720 17 190
199377 25105856.537099 130404857.779196 -2685.924316 38 8.267806 34.731983 -6297713.999158 23431725.230108 -13821052.846573 17 190
199378 25106372.644739 130404857.779196 -2687.342041 38 8.270496 34.736607 -6298103.905740 23430189.943705 -13823478.546358 17 190
199379 25106888.822180 130404857.779196 -2687.668945 38 8.273190 34.741230 -6298493.954438 23428654.409839 -13825903.993032 17 190
199380 25107404.938545 130404857.779196 -2687.568359 38 8.275886 34.745853 -6298884.145285 23427118.628550 -13828329.186551 17 190
199381 25107920.985109 130404857.779196 -2687.126953 38 8.278583 34.750477 -6299274.478311 23425582.599878 -13830754.126872 17 190
199382 25108436.752470 130404857.779196 -2686.037598 38 8.281281 34.755100 -6299664.953547 23424046.323863 -13833178.813951 17 190
199386 25110498.556771 130404857.779196 -2684.460938 38 8.292093 34.773598 -6301228.277200 23417898.747253 -13842875.028862 17 190
199387 25111014.210706 130404857.779196 -2685.065186 37 8.294798 34.778225 -6301619.463951 23416361.235140 -13845298.449059 17 190
199388 25111529.733763 130404857.779196 -2684.345459 38 8.297504 34.782848 -6302010.793099 23414823.475929 -13847721.615746 16 190
199389 25112045.597100 130404857.779196 -2685.683350 38 8.300213 34.787476 -6302402.264673 23413285.469664 -13850144.528877 16 189
199395 25115140.314690 130404857.779196 -2684.582031 38 8.316496 34.815231 -6304754.086801 23404052.246229 -13864676.680452 16 189
199396 25115655.933724 130404857.779196 -2685.350586 37 8.319215 34.819859 -6305146.556230 23402512.511710 -13867097.817464 16 189
199397 25116171.744710 130404857.779196 -2686.522705 37 8.321937 34.824486 -6305539.168333 23400972.530462 -13869518.700566 16 189
199398 25116687.599322 130404857.779196 -2686.305420 37 8.324658 34.829113 -6305931.923142 23399432.302525 -13871939.329714 16 189
199402 25118748.007606 130404857.779196 -2682.979736 36 8.335567 34.847626 -6307504.370033 23393268.924749 -13881619.305822 16 189
199404 25119778.460414 130404857.779196 -2683.549561 37 8.341027 34.856884 -6308291.450520 23390185.756761 -13886457.769050 16 189
199405 25120293.678093 130404857.779196 -2683.710693 37 8.343761 34.861511 -6308685.205130 23388643.803142 -13888876.619291 16 189
199406 25120809.070274 130404857.779196 -2683.992676 37 8.346498 34.866142 -6309079.102691 23387101.603162 -13891295.215224 16 189
199407 25121324.802734 130404857.779196 -2685.721191 37 8.349235 34.870770 -6309473.143235 23385559.156863 -13893713.556803 16 189
199413 25124419.040443 130404857.779196 -2683.072998 37 8.365692 34.898251 -6311840.390849 23376299.308674 -13908218.262319 16 189
199414 25124934.607126 130404857.779196 -2684.854980 37 8.368440 34.902882 -6312235.433136 23374755.139272 -13910634.822198 16 189
199415 25125450.182534 130404857.779196 -2684.384277 37 8.371190 34.907513 -6312630.618651 23373210.723877 -13913051.127371 16 189
199416 25125965.609616 130404857.779196 -2683.664307 37 8.373942 34.912144 -6313025.947427 23371666.062529 -13915467.177796 16 189
199417 25126481.132673 130404857.779196 -2683.943848 37 8.376697 34.916775 -6313421.419493 23370121.155270 -13917882.973426 16 189
199418 25126996.681906 130404857.779196 -2684.690674 37 8.379453 34.921406 -6313817.034881 23368576.002140 -13920298.514218 16 189
199426 25131120.918717 130404858.279196 -2683.506592 37 8.401575 34.958466 -6316987.121220 23356205.930744 -13939613.660978 16 189
199427 25131636.214922 130404858.279196 -2683.360596 36 8.404349 34.963097 -6317384.027881 23354658.566624 -13942026.906238 16 189
199428 25132151.319174 130404858.279196 -2682.907715 36 8.407125 34.967731 -6317781.078172 23353110.957044 -13944439.896220 16 189
199429 25132666.563029 130404858.279196 -2683.580566 36 8.409904 34.972366 -6318178.272120 23351563.102045 -13946852.630877 16 189
199430 25133181.737082 130404858.279196 -2683.099365 36 8.412682 34.976997 -6318575.609759 23350015.001668 -13949265.110165 16 189
199437 25136789.796452 130404858.279196 -2682.275879 36 8.432185 35.009441 -6321360.999090 23339171.431967 -13966145.311054 16 189
199438 25137305.258434 130404858.279196 -2684.285645 36 8.434978 35.014076 -6321759.487347 23337621.370048 -13968555.745803 16 189
199439 25137820.877468 130404858.279196 -2684.784180 36 8.437773 35.018715 -6322158.119568 23336071.063122 -13970965.924786 16 189
199440 25138336.505227 130404858.279196 -2684.668457 37 8.440571 35.023350 -6322556.895784 23334520.511229 -13973375.847959 16 189
199441 25138852.202787 130404858.279196 -2684.790527 37 8.443369 35.027985 -6322955.816027 23332969.714412 -13975785.515277 16 189
199442 25139367.507716 130404858.279196 -2682.733887 36 8.446172 35.032314 -6323354.880327 23331418.672708 -13978194.926701 16 189
199446 25141428.134128 130404858.279196 -2682.380371 36 8.457393 35.050861 -6324952.578688 23325212.057930 -13987830.012446 16 189
199447 25141943.665911 130404858.279196 -2683.973389 36 8.460202 35.055500 -6325352.363728 23323659.792424 -13990238.143717 16 189
199448 25142459.337295 130404858.279196 -2684.505859 37 8.463013 35.060135 -6325752.293008 23322107.282282 -13992646.018824 16 189
199449 25142974.860353 130404858.279196 -2684.429932 37 8.465825 35.064774 -6326152.366558 23320554.527543 -13995053.637726 16 189
199450 25143490.427036 130404858.279196 -2684.485596 37 8.468639 35.069412 -6326552.584409 23319001.528250 -13997461.000376 16 189
199451 25144005.827942 130404858.279196 -2684.615479 37 8.471453 35.074051 -6326952.946591 23317448.284443 -13999868.106734 16 189
199456 25146580.991475 130404858.279196 -2681.909912 36 8.485552 35.097240 -6328956.923521 23309678.399202 -14011899.792482 16 189
199457 25147096.191703 130404858.279196 -2682.804932 36 8.488378 35.101879 -6329358.152330 23308123.689181 -14014305.360148 16 189
199458 25147611.487908 130404858.279196 -2683.864014 37 8.491203 35.106518 -6329759.525683 23306568.734936 -14016710.671210 16 189
199459 25148126.836463 130404858.279196 -2683.796631 37 8.494033 35.111160 -6330161.043610 23305013.536509 -14019115.725625 16 189
199460 25148642.115218 130404858.279196 -2683.652588 37 8.496863 35.115799 -6330562.706143 23303458.093939 -14021520.523349 16 189
199465 25151216.729068 130404858.279196 -2680.653076 37 8.511046 35.139000 -6332573.188931 23295677.220463 -14033540.659989 16 189
199466 25151731.798420 130404858.279196 -2681.838135 37 8.513889 35.143639 -6332975.719732 23294120.313911 -14035943.916645 16 189
199467 25152246.701995 130404858.279196 -2681.157715 37 8.516733 35.148281 -6333378.395351 23292563.163505 -14038346.916304 16 189
199468 25152761.527044 130404858.279196 -2681.113525 37 8.519581 35.152924 -6333781.215818 23291005.769288 -14040749.658920 16 189
199469 25153276.683647 130404858.279196 -2682.757324 37 8.522429 35.157562 -6334184.181162 23289448.131303 -14043152.144446 16 189
199475 25156366.977607 130404858.279196 -2680.578369 37 8.539551 35.185104 -6336605.017358 23280097.186612 -14057561.656232 16 189
199476 25156881.820106 130404858.279196 -2681.413086 37 8.542410 35.189747 -6337008.997700 23278537.843399 -14059962.340922 16 189
199477 25157397.011609 130404858.279196 -2682.724365 37 8.545271 35.194389 -6337413.123162 23276978.256750 -14062362.768170 16 189
199478 25157912.246738 130404858.279196 -2682.711670 37 8.548135 35.199032 -6337817.393775 23275418.426705 -14064762.937936 16 189
199479 25158427.446967 130404858.279196 -2682.886230 37 8.551001 35.203674 -6338221.809569 23273858.353304 -14067162.850175 16 189
199484 25161001.790339 130404858.279196 -2681.422852 37 8.565353 35.226894 -6340246.067303 23266054.337475 -14079158.546861 16 189
199485 25161516.964392 130404858.279196 -2682.214600 37 8.568230 35.231537 -6340651.354819 23264492.804814 -14081556.913020 16 189
199486 25162032.094820 130404858.279196 -2682.307617 37 8.571109 35.236183 -6341056.787728 23262931.029088 -14083955.021345 16 189
199487 25162547.199072 130404858.279196 -2682.258301 37 8.573988 35.240826 -6341462.366060 23261369.010339 -14086352.871793 16 189
199488 25163062.329500 130404858.279196 -2682.502441 37 8.576867 35.245472 -6341868.089844 23259806.748609 -14088750.464320 16 189
199489 25163577.014947 130404858.279196 -2679.976318 37 8.579749 35.250114 -6342273.959113 23258244.243936 -14091147.798884 16 189
199490 25164606.717395 130404858.279196 -2679.602051 38 8.585519 35.259407 -6343086.134205 23255118.505997 -14095941.693847 16 189
199494 25166150.913338 130404858.279196 -2680.324707 38 8.594185 35.273342 -6344305.488745 23250428.077986 -14103130.600595 16 189
199495 25166665.869264 130404858.279196 -2681.247070 38 8.597078 35.277988 -6344712.231546 23248864.116546 -14105526.386443 16 189
199496 25167180.921166 130404858.279196 -2681.393799 38 8.599972 35.282635 -6345119.120041 23247299.912458 -14107921.914019 16 189
199497 25167695.807290 130404858.279196 -2680.588867 38 8.602867 35.287277 -6345526.154261 23245735.465762 -14110317.183279 16 189
199498 25168210.614889 130404857.779196 -2680.527832 38 8.605763 35.291927 -6345933.334235 23244170.776499 -14112712.194180 16 189
199499 25168725.056033 130404857.779196 -2678.664551 38 8.608662 35.296574 -6346340.659995 23242605.844710 -14115106.946680 16 189
199504 25171297.357729 130404857.779196 -2679.108643 37 8.623178 35.319805 -6348379.476597 23234777.549417 -14127076.831494 16 189
199505 25171811.886125 130404857.779196 -2679.855713 37 8.626086 35.324455 -6348787.677695 23233211.163357 -14129470.032649 16 189
199506 25172326.274918 130404857.779196 -2679.076904 37 8.628998 35.328789 -6349196.024788 23231644.535063 -14131862.975095 16 189
199507 25172840.707337 130404857.779196 -2679.270752 37 8.631910 35.333439 -6349604.517906 23230077.664579 -14134255.658786 16 189
199514 25176443.470566 130404857.779196 -2678.168457 38 8.652343 35.365978 -6352468.060936 23219102.793406 -14150997.195714 16 189
199515 25176957.519081 130404857.779196 -2677.397217 37 8.655270 35.370625 -6352877.723334 23217533.986892 -14153387.807797 16 189
199516 25177471.742097 130404857.779196 -2677.862061 37 8.658197 35.375275 -6353287.532028 23215964.938562 -14155778.160729 16 189
199517 25177986.017464 130404857.779196 -2678.218018 37 8.661126 35.379925 -6353697.487046 23214395.648460 -14158168.254469 16 189
199524 25181586.939695 130404857.779196 -2680.101563 37 8.681687 35.412476 -6356571.271766 23203403.851641 -14174891.649495 16 189
199525 25182101.581517 130404857.779196 -2679.618408 38 8.684633 35.417126 -6356982.398460 23201832.628852 -14177279.668121 16 189
199526 25182615.883059 130404857.779196 -2677.708252 38 8.687580 35.421776 -6357393.671748 23200261.164664 -14179667.427163 16 189
199527 25183129.835597 130404857.779196 -2676.561523 37 8.690530 35.426430 -6357805.091660 23198689.459117 -14182054.926579 16 189
199528 25183643.936462 130404857.779196 -2677.567139 37 8.693481 35.431080 -6358216.658226 23197117.512257 -14184442.166321 16 189
199536 25187758.811232 130404857.779196 -2676.473877 38 8.717169 35.468296 -6361514.473853 23184533.255157 -14203530.730675 16 189
199537 25188272.946997 130404857.779196 -2676.650635 38 8.720140 35.472633 -6361927.361645 23182959.138353 -14205915.631394 16 189
199538 25188787.152563 130404857.779196 -2677.311279 38 8.723112 35.477283 -6362340.396390 23181384.780654 -14208300.272002 16 189
199539 25189301.262153 130404857.779196 -2677.313965 38 8.726087 35.481937 -6362753.578116 23179810.182100 -14210684.652458 16 189
199546 25192900.945419 130404857.779196 -2675.970459 38 8.746948 35.514511 -6365649.968168 23168781.251911 -14227368.027588 16 189
199547 25193414.583853 130404857.779196 -2675.485107 37 8.749936 35.519165 -6366064.326820 23167204.728036 -14229750.325250 16 189
199548 25193928.309538 130404857.779196 -2675.660889 37 8.752924 35.523819 -6366478.832720 23165627.963685 -14232132.362365 16 189
199549 25194442.288251 130404857.779196 -2676.700928 38 8.755915 35.528477 -6366893.485899 23164050.958902 -14234514.138888 16 189
199556 25198041.256058 130404857.779196 -2679.512451 38 8.776917 35.561062 -6369800.184440 23153005.196858 -14251179.274284 16 189
199557 25198555.199871 130404857.779196 -2676.656250 38 8.779924 35.565720 -6370216.016919 23151426.270115 -14253558.964522 16 189
199558 25199068.873206 130404857.779196 -2675.215576 38 8.782934 35.570374 -6370631.996944 23149847.103314 -14255938.393781 16 189
199559 25199582.642517 130404857.779196 -2675.336670 37 8.785947 35.575031 -6371048.124545 23148267.696500 -14258317.562014 16 189
199560 25200096.682306 130404857.779196 -2676.658691 37 8.788960 35.579689 -6371464.399750 23146688.049715 -14260696.469176 16 189
199566 25203181.400921 130404857.779196 -2674.849854 38 8.807077 35.607307 -6373965.152329 23137205.132022 -14274964.427170 15 189
199567 25203695.205132 130404857.779196 -2675.349121 38 8.810104 35.611965 -6374382.461599 23135623.806613 -14277341.505634 15 189
199568 25204208.948267 130404857.779196 -2675.123535 38 8.813133 35.616619 -6374799.918710 23134042.241569 -14279718.322681 15 189
199569 25204722.691403 130404857.779196 -2675.202881 38 8.816164 35.621277 -6375217.523692 23132460.436932 -14282094.878267 15 189
199570 25205236.486889 130404857.779196 -2675.812744 38 8.819198 35.625938 -6375635.276576 23130878.392745 -14284471.172349 15 189
199579 25209862.478536 130404857.779196 -2674.843262 38 8.846592 35.667862 -6379401.712902 23116629.222309 -14305846.044131 15 189
199580 25210376.221671 130404857.779196 -2674.578613 38 8.849645 35.672520 -6379820.946414 23115044.784935 -14308219.720783 15 189
199581 25210890.060783 130404857.779196 -2675.682617 38 8.852700 35.677181 -6380240.328151 23113460.108475 -14310593.135452 15 189
199582 25211403.830094 130404857.779196 -2675.353271 38 8.855758 35.681839 -6380659.858142 23111875.192970 -14312966.288096 15 189
199583 25211917.346376 130404857.779196 -2674.004639 37 8.858815 35.686501 -6381079.536418 23110290.038462 -14315339.178673 15 189
199591 25216027.413610 130404857.779196 -2674.467041 37 8.883366 35.723782 -6384442.304344 23097600.203464 -14334312.863491 15 189
199592 25216540.868817 130404857.779196 -2674.427734 37 8.886444 35.728443 -6384863.318495 23096012.899839 -14336683.393494 15 189
199593 25217054.201873 130404857.779196 -2673.612549 37 8.889524 35.733105 -6385284.481225 23094425.357634 -14339053.660995 15 189
199594 25217567.831581 130404857.779196 -2675.263184 37 8.892604 35.737766 -6385705.792560 23092837.576894 -14341423.665948 15 189
199595 25218081.723044 130404857.779196 -2676.055664 37 8.895690 35.742104 -6386127.252532 23091249.557661 -14343793.408308 15 189
199596 25218595.544705 130404857.779196 -2675.860107 37 8.898776 35.746765 -6386548.861169 23089661.299974 -14346162.888036 15 189
199597 25219109.383817 130404857.779196 -2675.759033 37 8.901864 35.751427 -6386970.618501 23088072.803878 -14348532.105088 15 189
199604 25222704.887755 130404857.779196 -2675.164551 37 8.923539 35.784061 -6389927.085723 23076946.659340 -14365109.265784 15 189
199605 25223218.325512 130404857.779196 -2673.257080 37 8.926643 35.788723 -6390350.033667 23075356.257488 -14367476.379866 15 189
199606 25223731.580041 130404857.779196 -2672.099121 37 8.929747 35.793385 -6390773.130570 23073765.617606 -14369843.230883 15 189
199607 25224244.930547 130404857.779196 -2672.535645 37 8.932855 35.798050 -6391196.376460 23072174.739738 -14372209.818789 15 189
199608 25224758.281052 130404857.779196 -2672.776367 37 8.935963 35.802711 -6391619.771367 23070583.623927 -14374576.143542 15 189
199613 25227839.492174 130404857.779196 -2674.297363 37 8.954659 35.830692 -6394163.271773 23061031.934687 -14388768.563318 15 189
199616 25228866.053583 130404857.779196 -2671.511230 36 8.960906 35.840019 -6395012.298703 23057846.136625 -14393497.262756 15 189
199617 25229379.212136 130404857.779196 -2672.265869 36 8.964033 35.844685 -6395437.036073 23056252.881230 -14395861.217183 15 189
199618 25229892.274713 130404857.779196 -2671.696533 37 8.967161 35.849350 -6395861.922751 23054659.388316 -14398224.908025 15 189
199619 25230405.337290 130404857.779196 -2671.809570 37 8.970292 35.854015 -6396286.958767 23053065.657925 -14400588.335238 15 189
199627 25234511.914481 130404857.779196 -2671.895996 36 8.995401 35.891006 -6399692.626511 23040307.270816 -14419486.256987 15 189
199628 25235024.863631 130404857.779196 -2671.122559 36 8.998549 35.895668 -6400119.007873 23038711.405050 -14421847.309590 15 189
199629 25235537.856407 130404857.779196 -2670.947754 37 9.001698 35.900337 -6400545.538863 23037115.302232 -14424208.098132 15 189
199630 25236051.128387 130404857.779196 -2672.233643 37 9.004848 35.905003 -6400972.219510 23035518.962408 -14426568.622567 15 189
199631 25236564.208414 130404857.779196 -2671.322266 37 9.008001 35.909668 -6401399.049843 23033922.385617 -14428928.882855 15 189
199638 25240156.475337 130404857.779196 -2670.456543 36 9.030132 35.942333 -6404391.055813 23022739.716676 -14445443.305001 15 189
199639 25240669.267436 130404857.779196 -2670.518311 37 9.033303 35.946999 -6404819.084681 23021141.245690 -14447801.450552 15 189
199640 25241182.199136 130404857.779196 -2670.674316 37 9.036477 35.951668 -6405247.263497 23019542.538122 -14450159.331565 15 189
199641 25241695.375139 130404857.779196 -2672.043213 37 9.039653 35.956333 -6405675.592288 23017943.594016 -14452516.947997 15 189
199642 25242208.629669 130404857.779196 -2672.669678 37 9.042830 35.961002 -6406104.071084 23016344.413414 -14454874.299805 15 189
199649 25245798.828741 130404857.779196 -2672.031494 37 9.065130 35.993679 -6409107.625215 23005143.530917 -14471368.349324 15 189
199650 25246312.013470 130404857.779196 -2672.357178 37 9.068326 35.998013 -6409537.305093 23003542.459876 -14473723.582596 15 189
199651 25246825.163298 130404857.779196 -2672.261719 37 9.071521 36.002682 -6409967.135236 23001941.152723 -14476078.550857 15 189
199652 25247338.356751 130404857.779196 -2672.046143 37 9.074718 36.007351 -6410397.115673 23000339.609499 -14478433.254064 15 189
199653 25247851.410603 130404857.779196 -2671.495117 37 9.077918 36.012020 -6410827.246433 22998737.830248 -14480787.692174 15 189
199654 25248364.124175 130404857.779196 -2669.815674 37 9.080204 36.016685 -6411257.527545 22997135.815011 -14483141.865147 15 189
199659 25250927.997417 130404857.779196 -2669.750732 37 9.096472 36.040031 -6413411.189373 22989122.200620 -14494908.751305 15 189
199660 25251440.972742 130404857.779196 -2670.910400 37 9.099694 36.044704 -6413842.373200 22987518.770377 -14497261.332529 15 189
199661 25251953.956793 130404857.779196 -2671.219727 37 9.102920 36.049374 -6414273.707580 22985915.104449 -14499613.648310 15 189
199662 25252467.028095 130404857.779196 -2671.381836 37 9.106147 36.054043 -6414705.192543 22984311.202880 -14501965.698607 15 189
199663 25252980.038322 130404857.779196 -2671.009277 37 9.109377 36.058712 -6415136.828116 22982707.065711 -14504317.483375 15 189
199664 25253492.586117 130404857.779196 -2668.912354 37 9.112609 36.063381 -6415568.614330 22981102.692983 -14506669.002577 15 189
199671 25257080.019330 130404857.779196 -2668.936035 37 9.135306 36.096073 -6418595.338135 22969865.491972 -14523122.197297 15 189
199672 25257592.540950 130404857.779196 -2669.104004 37 9.138559 36.100746 -6419028.330501 22968259.236336 -14525471.590382 15 189
199673 25258104.818267 130404857.779196 -2667.957520 37 9.141815 36.105415 -6419461.473765 22966652.745529 -14527820.717510 15 189
199674 25258617.278812 130404857.779196 -2668.825439 37 9.145069 36.110088 -6419894.767955 22965046.019595 -14530169.578636 15 189
199675 25259129.948759 130404857.779196 -2670.093750 37 9.148329 36.114758 -6420328.213101 22963439.058578 -14532518.173716 15 189
199682 25262717.041693 130404857.779196 -2667.569580 36 9.171183 36.147121 -6423366.558266 22952183.752744 -14548950.886353 15 189
199683 25263229.345185 130404857.779196 -2667.722412 37 9.174459 36.151794 -6423801.212087 22950574.912593 -14551297.351536 15 189
199684 25263741.648677 130404857.779196 -2667.673096 37 9.177739 36.156467 -6424236.017121 22948965.837743 -14553643.550287 15 189
199685 25264253.821293 130404857.779196 -2667.634033 37 9.181024 36.161140 -6424670.973397 22947356.528238 -14555989.482567 15 189
199686 25264766.168411 130404857.779196 -2667.876465 36 9.184308 36.165810 -6425106.080943 22945746.984122 -14558335.148328 15 189
199693 25268352.851265 130404857.779196 -2666.803955 37 9.207346 36.198521 -6428156.071714 22934473.609841 -14574747.342491 15 189
199694 25268865.233283 130404857.779196 -2668.431152 37 9.210645 36.203194 -6428592.390450 22932862.190376 -14577090.874573 15 189
199695 25269377.737453 130404857.779196 -2669.171387 36 9.213945 36.207867 -6429028.860713 22931250.536687 -14579434.139751 15 189
199696 25269890.267798 130404857.779196 -2669.018311 36 9.217249 36.212540 -6429465.482531 22929638.648816 -14581777.137984 15 189
199697 25270402.789419 130404857.779196 -2668.895752 36 9.220553 36.217213 -6429902.255934 22928026.526805 -14584119.869227 15 189
199698 25270915.302314 130404857.779196 -2668.946289 37 9.223862 36.221886 -6430339.180949 22926414.170700 -14586462.333440 15 189
199699 25271427.754133 130404857.779196 -2668.261719 37 9.227173 36.226559 -6430776.257605 22924801.580541 -14588804.530578 15 189
199705 25274499.594488 130404857.779196 -2666.410400 36 9.247081 36.254261 -6433401.903584 22915121.126942 -14602852.102379 15 189
199706 25275011.871805 130404857.779196 -2667.923828 36 9.250405 36.258938 -6433840.042525 22913506.899620 -14605192.428798 15 189
199707 25275524.271273 130404857.779196 -2668.635010 36 9.253731 36.263611 -6434278.333333 22911892.438592 -14607532.487799 15 189
199708 25276036.670742 130404857.779196 -2668.328613 36 9.257058 36.268288 -6434716.776039 22910277.743899 -14609872.279340 15 189
199709 25276549.131286 130404857.779196 -2668.489746 36 9.260386 36.272961 -6435155.370669 22908662.815585 -14612211.803377 15 189
199710 25277061.399878 130404857.779196 -2667.483398 36 9.263716 36.277634 -6435594.117254 22907047.653691 -14614551.059870 15 189
199711 25277573.302015 130404857.779196 -2665.430420 36 9.267049 36.282310 -6436033.015821 22905432.258261 -14616890.048778 15 189
199717 25280645.264522 130404857.779196 -2666.328125 36 9.287100 36.310360 -6438669.600416 22895734.983924 -14630918.360376 15 189
199718 25281157.454588 130404857.779196 -2667.451172 36 9.290449 36.315037 -6439109.563651 22894117.954959 -14633255.474964 15 189
199719 25281669.670829 130404857.779196 -2667.536133 36 9.293800 36.319714 -6439549.679094 22892500.692804 -14635592.321620 15 189
199720 25282181.878345 130404857.779196 -2667.568848 37 9.297153 36.324387 -6439989.946774 22890883.197504 -14637928.900304 15 189
199721 25282693.981160 130404857.779196 -2666.079590 37 9.300508 36.329063 -6440430.366720 22889265.469099 -14640265.210972 15 189
199722 25283205.665170 130404857.779196 -2664.403564 36 9.303863 36.333740 -6440870.938960 22887647.507633 -14642601.253584 15 189
199730 25287300.079559 130404857.779196 -2664.035156 37 9.330791 36.370804 -6444401.002821 22874695.431010 -14661279.939126 15 189
199731 25287811.693768 130404857.779196 -2664.179199 37 9.334166 36.375481 -6444842.946974 22873075.373952 -14663613.567284 15 189
199732 25288323.395228 130404857.779196 -2664.272705 37 9.337544 36.380157 -6445285.043703 22871455.084269 -14665946.926954 15 189
199733 25288835.105413 130404857.779196 -2664.525391 37 9.340925 36.384834 -6445727.293037 22869834.562002 -14668280.018095 15 189
199734 25289346.719621 130404857.779196 -2664.320068 37 9.344308 36.389511 -6446169.695002 22868213.807194 -14670612.840665 15 188
199736 25290882.565635 130404857.779196 -2665.730469 37 9.354467 36.403542 -6447497.816957 22863350.148030 -14677609.696421 15 188
199742 25293440.689030 130404857.779196 -2663.973877 37 9.371437 36.426929 -6449714.408851 22855239.402553 -14689265.747421 14 188
199743 25293952.120012 130404857.779196 -2663.275146 37 9.374840 36.431606 -6450158.185775 22853616.556834 -14691596.150926 14 188
199744 25294463.568443 130404857.779196 -2663.485840 37 9.378242 36.436283 -6450602.115612 22851993.479008 -14693926.285432 14 188
199745 25294975.182652 130404857.779196 -2664.112549 37 9.381646 36.440960 -6451046.198390 22850370.169119 -14696256.150895 14 188
199746 25295486.910287 130404857.779196 -2664.518066 37 9.385052 36.445637 -6451490.434138 22848746.627212 -14698585.747274 14 188
199754 25299579.911209 130404857.779196 -2661.995117 37 9.412371 36.482716 -6455049.830388 22835749.944517 -14717212.826089 14 188
199755 25300091.202589 130404857.779196 -2662.656738 37 9.415796 36.487396 -6455495.444127 22834124.316386 -14719539.998798 14 188
199756 25300602.441618 130404857.779196 -2662.325195 37 9.419226 36.492073 -6455941.211117 22832498.456669 -14721866.901999 14 188
199757 25301113.706822 130404857.779196 -2662.417725 37 9.422656 36.496750 -6456387.131384 22830872.365411 -14724193.535646 14 188
199758 25301624.972027 130404857.779196 -2662.744873 37 9.426091 36.501431 -6456833.204958 22829246.042654 -14726519.899698 14 188
199759 25302136.464084 130404857.779196 -2663.935303 37 9.429527 36.506111 -6457279.431866 22827619.488445 -14728845.994111 14 188
199765 25305204.631168 130404858.279196 -2661.676514 37 9.450194 36.534184 -6459960.014877 22817855.305136 -14742796.895730 14 188
199766 25305716.140675 130404858.279196 -2663.340088 37 9.453648 36.538864 -6460407.315906 22816227.131963 -14745121.101487 14 188
199767 25306227.702533 130404858.279196 -2663.563721 37 9.457104 36.543541 -6460854.770492 22814598.727685 -14747445.037266 14 188
199768 25306739.246941 130404858.279196 -2663.570313 37 9.460563 36.548222 -6461302.378664 22812970.092343 -14749768.703024 14 188
199769 25307250.581947 130404858.279196 -2662.397705 37 9.464025 36.552902 -6461750.140450 22811341.225982 -14752092.098720 14 188
199770 25307761.707549 130404858.279196 -2660.930176 37 9.467488 36.557583 -6462198.055877 22809712.128644 -14754415.224313 14 188
199771 25308272.658650 130404858.279196 -2660.180176 37 9.470954 36.562260 -6462646.124973 22808082.800373 -14756738.079758 14 188
199779 25312361.427893 130404858.279196 -2655.594727 37 9.498790 36.599350 -6466236.213157 22795039.865960 -14775311.192788 14 188
199780 25312872.893775 130404857.779196 -2662.677002 37 9.502277 36.604031 -6466685.666527 22793408.461267 -14777631.614983 14 188
199781 25313384.001928 130404857.779196 -2661.315674 37 9.505764 36.608711 -6467135.273846 22791776.826078 -14779951.766607 14 188
199784 25314916.558576 130404857.779196 -2659.860352 37 9.516239 36.622753 -6468485.019748 22786880.538031 -14786910.597535 14 188
199785 25315427.378800 130404857.779196 -2659.382324 37 9.519734 36.627434 -6468935.243134 22785247.981294 -14789229.666445 14 188
199786 25315938.356076 130404857.779196 -2660.707275 37 9.523235 36.632114 -6469385.620607 22783615.194281 -14791548.464568 14 188
199787 25316449.525304 130404857.779196 -2661.599121 37 9.526738 36.636795 -6469836.152193 22781982.177036 -14793866.991862 14 188
199788 25316960.624731 130404857.779196 -2661.587402 37 9.530248 36.641476 -6470286.837920 22780348.929601 -14796185.248286 14 188
199789 25317471.689258 130404857.779196 -2661.461182 37 9.533765 36.646156 -6470737.677818 22778715.452020 -14798503.233797 14 188
199790 25317982.771235 130404857.779196 -2661.381104 36 9.537285 36.650837 -6471188.671912 22777081.744336 -14800820.948354 14 188
199791 25318493.547834 130404857.779196 -2659.879395 36 9.540805 36.655518 -6471639.820231 22775447.806592 -14803138.391915 14 188
199792 25319004.359332 130404857.779196 -2659.903564 36 9.544324 36.660198 -6472091.122804 22773813.638834 -14805455.564436 14 188
199793 25319514.996329 130404857.779196 -2659.367432 36 9.547845 36.664879 -6472542.579656 22772179.241104 -14807772.465876 14 188
199794 25320025.720577 130404857.779196 -2659.319336 36 9.551367 36.669559 -6472994.190816 22770544.613447 -14810089.096190 14 188
199795 25320536.601876 130404857.779196 -2660.211914 36 9.554891 36.674244 -6473445.956312 22768909.755908 -14812405.455336 14 188
199803 25324622.893189 130404857.779196 -2657.661133 36 9.583157 36.711338 -6477065.639658 22755822.625099 -14830926.561319 14 188
199804 25325133.242257 130404857.779196 -2658.143799 36 9.586701 36.716022 -6477518.795418 22754185.700575 -14833240.478058 14 188
199805 25325643.687301 130404857.779196 -2658.296875 36 9.590251 36.720703 -6477972.105790 22752548.546607 -14835554.123205 14 188
199806 25326154.402824 130404857.779196 -2659.890625 36 9.593801 36.725384 -6478425.570801 22750911.163239 -14837867.496716 14 188
199807 25326665.153247 130404857.779196 -2659.893311 36 9.597355 36.730068 -6478879.190479 22749273.550513 -14840180.598552 14 188
199817 25331770.973531 130404857.779196 -2658.693848 36 9.633000 36.776890 -6483423.899984 22732884.818284 -14863296.665369 14 188
199818 25332281.758855 130404857.779196 -2659.422607 35 9.636578 36.781570 -6483879.222816 22731244.685519 -14865606.775981 14 188
199819 25332792.055572 130404857.779196 -2657.313232 35 9.640154 36.786255 -6484334.700645 22729604.323920 -14867916.614413 14 188
199820 25333302.422090 130404857.779196 -2657.786133 35 9.643735 36.790577 -6484790.333499 22727963.733535 -14870226.180619 14 188
199821 25333812.657732 130404857.779196 -2656.962158 36 9.647319 36.795261 -6485246.121405 22726322.914405 -14872535.474558 14 188
199822 25334323.024250 130404857.779196 -2657.880371 36 9.650905 36.799946 -6485702.064391 22724681.866578 -14874844.496187 14 188
199823 25334833.582721 130404857.779196 -2658.262939 36 9.654492 36.804626 -6486158.162483 22723040.590096 -14877153.245461 14 188
199832 25339426.776683 130404857.779196 -2656.602539 35 9.686891 36.846771 -6490270.029633 22708258.819582 -14897919.726033 14 188
199833 25339936.610970 130404857.779196 -2655.122070 35 9.690505 36.851456 -6490727.680302 22706615.258963 -14900225.749467 14 188
199834 25340446.532508 130404857.779196 -2655.520752 35 9.694119 36.856140 -6491185.486380 22704971.470173 -14902531.500083 14 188
199835 25340956.392970 130404857.779196 -2655.313721 35 9.697737 36.860821 -6491643.447894 22703327.453256 -14904836.977841 14 188
199845 25346059.115840 130404857.779196 -2655.354980 36 9.734060 36.907295 -6496231.617966 22686874.746869 -14927876.738772 14 188
199846 25346568.897776 130404857.779196 -2654.662354 36 9.737709 36.911980 -6496691.291072 22685228.223461 -14930179.212298 14 188
199847 25347078.836764 130404857.779196 -2655.110107 36 9.741360 36.916664 -6497151.119941 22683581.472456 -14932481.412457 14 188
199848 25347588.775752 130404857.779196 -2655.044434 36 9.745010 36.921349 -6497611.104600 22681934.493897 -14934783.339209 14 188
199849 25348098.601313 130404857.779196 -2654.657715 36 9.748666 36.926029 -6498071.245076 22680287.287827 -14937084.992513 14 188
199850 25348608.514126 130404857.779196 -2655.065186 36 9.752323 36.930714 -6498531.541397 22678639.854293 -14939386.372324 14 188
199857 25352179.474334 130404857.779196 -2654.792236 36 9.778001 36.963501 -6501757.981552 22667101.454291 -14955488.369607 14 188
199858 25352689.090492 130404857.779196 -2653.508545 37 9.781680 36.968185 -6502219.525608 22665452.202619 -14957787.559974 14 188
199859 25353198.715376 130404857.779196 -2653.692383 37 9.785359 36.972870 -6502681.225752 22663802.723879 -14960086.476470 14 188
199859 25353708.209384 130404857.779196 -2653.684570 36 9.785359 36.972870 -6502681.225752 22663802.723879 -14960086.476470 14 188
199868 25357786.569573 130404857.779196 -2653.181396 36 9.818574 37.014664 -6506843.555515 22648947.204525 -14980764.393734 14 188
199869 25358296.002504 130404857.779196 -2652.809570 36 9.822276 37.019348 -6507306.818040 22647295.457536 -14983060.569215 14 188
199870 25358805.452886 130404857.779196 -2652.484863 36 9.825978 37.024033 -6507770.236953 22645643.483966 -14985356.470363 14 188
199871 25359314.842192 130404857.779196 -2652.340088 36 9.829684 37.028717 -6508233.812280 22643991.283859 -14987652.097137 14 188
199872 25359824.336199 130404857.779196 -2652.800293 37 9.833393 37.033401 -6508697.544047 22642338.857259 -14989947.449493 14 188
199880 25363901.684276 130404857.779196 -2652.026123 36 9.863177 37.070881 -6512413.033281 22629111.296115 -15008300.384196 14 188
199881 25364411.108482 130404857.779196 -2652.130371 36 9.866912 37.075565 -6512878.174231 22627456.833075 -15010593.264911 14 188
199882 25364920.454163 130404857.779196 -2651.767578 36 9.870650 37.080250 -6513343.471893 22625802.143985 -15012885.870790 14 188
199883 25365429.869644 130404857.779196 -2652.319092 36 9.874392 37.084934 -6513808.926292 22624147.228891 -15015178.201790 14 188
199884 25365939.258950 130404857.779196 -2651.693848 37 9.878136 37.089619 -6514274.537456 22622492.087836 -15017470.257869 14 188
199895 25371542.602392 130404857.779196 -2653.376465 36 9.919486 37.140785 -6519406.614389 22604270.635594 -15042664.717893 14 188
199896 25372051.791021 130404857.779196 -2651.872314 36 9.923263 37.145473 -6519874.108825 22602612.786475 -15044953.471655 14 188
199897 25372560.569569 130404857.779196 -2649.436523 36 9.927041 37.150158 -6520341.760374 22600954.711970 -15047241.949954 14 188
199898 25373069.348118 130404857.779196 -2649.436035 36 9.930825 37.154842 -6520809.569065 22599296.412127 -15049530.152747 14 188
199899 25373578.083040 130404857.779196 -2649.091553 36 9.934608 37.159527 -6521277.534922 22597637.886990 -15051818.079990 14 188
199900 25374086.765613 130404857.779196 -2648.966797 36 9.938396 37.164211 -6521745.657974 22595979.136602 -15054105.731642 14 188
199908 25378159.201452 130404857.779196 -2648.727051 36 9.968806 37.201324 -6525496.304564 22582701.029939 -15072397.018441 14 188
199909 25378668.215579 130404857.779196 -2650.451172 36 9.972622 37.206009 -6525965.843566 22581040.254310 -15074682.187887 14 188
199910 25379177.247155 130404857.779196 -2650.239746 36 9.976440 37.210693 -6526435.540030 22579379.253877 -15076967.081322 14 188
199911 25379685.929728 130404857.779196 -2649.026855 36 9.980261 37.215378 -6526905.393982 22577718.028682 -15079251.698708 14 188
199912 25380194.690826 130404857.779196 -2649.195557 36 9.984082 37.220066 -6527375.405449 22576056.578773 -15081536.040000 14 188
199913 25380703.556625 130404857.779196 -2649.606201 36 9.987906 37.224751 -6527845.574457 22574394.904193 -15083820.105157 14 188
199920 25384264.962839 130404857.779196 -2649.303711 36 10.014748 37.257549 -6531141.170899 22562756.895166 -15099800.825875 13 188
199921 25384773.418558 130404857.779196 -2648.007568 35 10.018592 37.262234 -6531612.601199 22561093.424825 -15102082.680449 13 188
199922 25385281.900453 130404857.779196 -2648.274414 35 10.022440 37.266918 -6532084.189280 22559429.730215 -15104364.258512 13 188
199923 25385790.146770 130404857.779196 -2647.262695 35 10.026291 37.271603 -6532555.935169 22557765.811380 -15106645.560024 13 188
199924 25386298.462887 130404857.779196 -2647.787598 35 10.030145 37.276291 -6533027.838893 22556101.668365 -15108926.584940 13 188
199932 25390366.571073 130404857.779196 -2647.083984 35 10.061080 37.313400 -6536808.753884 22542780.459204 -15127164.821754 13 188
199933 25390875.201295 130404857.779196 -2648.453857 35 10.064960 37.318085 -6537282.079311 22541114.300583 -15129443.355437 13 188
199934 25391383.866417 130404857.779196 -2648.562500 35 10.068843 37.322769 -6537755.562837 22539447.918229 -15131721.612109 13 188
199935 25391892.653690 130404857.779196 -2648.558350 35 10.072728 37.327454 -6538229.204489 22537781.312188 -15133999.591726 13 188
199936 25392401.379888 130404857.779196 -2648.590820 36 10.076617 37.332142 -6538703.004294 22536114.482503 -15136277.294248 13 188
199937 25392909.730906 130404857.779196 -2646.482422 36 10.080509 37.336826 -6539176.962279 22534447.429217 -15138554.719636 13 188
199938 25393417.924872 130404857.779196 -2645.540039 36 10.084402 37.341511 -6539651.078469 22532780.152377 -15140831.867846 13 188
199945 25396977.245785 130404857.779196 -2648.005859 36 10.111740 37.374310 -6542974.323756 22521102.958816 -15156764.140714 13 188
199946 25397485.910907 130404857.779196 -2648.996826 36 10.115656 37.378616 -6543449.706542 22519433.895158 -15159039.069992 13 188
199947 25397994.375351 130404857.779196 -2647.603516 36 10.119576 37.383305 -6543925.247771 22517764.608348 -15161313.721717 13 188
199948 25398502.569317 130404857.779196 -2646.323486 35 10.123499 37.387989 -6544400.947470 22516095.098431 -15163588.095849 13 188
199949 25399010.484080 130404857.779196 -2644.843018 35 10.127424 37.392673 -6544876.805665 22514425.365451 -15165862.192347 13 188
199950 25399518.520994 130404857.779196 -2645.272949 35 10.131352 37.397358 -6545352.822383 22512755.409454 -15168136.011165 13 188
199959 25404091.847884 130404857.779196 -2644.550049 36 10.166836 37.439526 -6549644.110671 22497715.777218 -15188587.878038 13 188
199960 25404599.631770 130404857.779196 -2643.577393 36 10.170791 37.444210 -6550121.714060 22496043.593523 -15190858.917786 13 188
199961 25405107.468007 130404857.779196 -2644.125977 36 10.174752 37.448898 -6550599.476261 22494371.187305 -15193129.679397 13 188
199962 25405615.312968 130404857.779196 -2644.395264 36 10.178715 37.453583 -6551077.397299 22492698.558609 -15195400.162830 13 188
199963 25406122.992153 130404857.779196 -2643.602051 36 10.182682 37.458267 -6551555.477202 22491025.707480 -15197670.368046 13 188
199973 25411202.951215 130404857.779196 -2645.455566 36 10.222518 37.504738 -6556345.019507 22474284.972332 -15220357.108905 13 188
199974 25411710.909603 130404857.779196 -2645.563232 36 10.226518 37.509426 -6556824.848645 22472609.677406 -15222624.250968 13 188
199975 25412218.833091 130404857.779196 -2645.687256 36 10.230520 37.514111 -6557304.836962 22470934.160587 -15224891.114313 13 188
199976 25412726.625702 130404857.779196 -2644.652832 36 10.234525 37.518795 -6557784.984483 22469258.421918 -15227157.698901 13 188
199977 25413233.973332 130404857.779196 -2642.400879 36 10.238532 37.523479 -6558265.291236 22467582.461443 -15229424.004692 13 188
199978 25413741.242437 130404857.779196 -2641.887207 36 10.242543 37.528164 -6558745.757246 22465906.279210 -15231690.031642 13 188
199983 25416787.492047 130404857.779196 -2643.718750 36 10.266665 37.556274 -6561631.899135 22455844.531479 -15245280.335234 13 188
199987 25418308.871831 130404857.779196 -2643.746094 36 10.278766 37.569946 -6563077.122171 22450810.667480 -15252071.719365 13 188
199988 25418816.428864 130404857.779196 -2642.517334 36 10.282805 37.574631 -6563559.182183 22449132.270139 -15254334.955615 13 188
199989 25419323.846295 130404857.779196 -2641.963867 36 10.286849 37.579315 -6564041.401738 22447453.651535 -15256597.912568 13 188
199990 25419831.446954 130404857.779196 -2643.366699 36 10.290895 37.584000 -6564523.780862 22445774.811715 -15258860.590181 13 188
199991 25420338.803310 130404857.779196 -2642.115723 36 10.294946 37.588684 -6565006.319582 22444095.750720 -15261122.988415 13 188
199992 25420846.089864 130404857.779196 -2641.624756 36 10.298997 37.593369 -6565489.017924 22442416.468597 -15263385.107227 13 188
199999 25424397.217900 130404857.779196 -2639.935303 36 10.327447 37.626160 -6568872.377881 22430655.306020 -15279212.111537 13 188
200000 25424904.251426 130404857.779196 -2640.408936 36 10.331522 37.630844 -6569356.354129 22428974.256499 -15281471.993486 13 188
200001 25425411.136626 130404857.779196 -2639.850830 36 10.335602 37.635529 -6569840.490233 22427292.986257 -15283731.595642 13 188
200002 25425918.030551 130404857.779196 -2639.917480 36 10.339684 37.640213 -6570324.786218 22425611.495338 -15285990.917962 13 188
200003 25426425.037902 130404857.779196 -2640.263916 35 10.343770 37.644897 -6570809.242109 22423929.783789 -15288249.960404 13 188
200011 25430481.847072 130404858.279196 -2641.307129 35 10.376555 37.681984 -6574690.648971 22410468.154173 -15306312.219315 13 188
200012 25430988.802073 130404858.279196 -2639.886475 35 10.380666 37.686668 -6575176.545188 22408784.458979 -15308568.741005 13 188
200013 25431495.504045 130404858.279196 -2638.599121 35 10.384780 37.691353 -6575662.601570 22407100.543605 -15310824.982405 13 188
200014 25432002.336894 130404858.279196 -2638.952148 35 10.388897 37.696037 -6576148.818144 22405416.408098 -15313080.943474 13 188
200015 25432509.134843 130404858.279196 -2638.942627 35 10.393018 37.700722 -6576635.194934 22403732.052503 -15315336.624169 13 188
200016 25433015.958967 130404858.279196 -2639.029053 35 10.397141 37.705406 -6577121.731967 22402047.476864 -15317592.024451 13 188
200023 25436565.132578 130404858.279196 -2640.443115 36 10.426085 37.737801 -6580531.980136 22390249.290068 -15333371.971261 13 188
200024 25437071.895626 130404858.279196 -2638.507568 36 10.430231 37.742485 -6581019.800038 22388562.955715 -15335625.126744 13 188
200025 25437578.423096 130404858.279196 -2637.031006 36 10.434381 37.747169 -6581507.780414 22386876.401726 -15337878.001443 13 188
200026 25438084.906941 130404858.279196 -2637.208740 36 10.438535 37.751854 -6581995.921291 22385189.628147 -15340130.595317 13 188
200027 25438591.329710 130404858.279196 -2636.960693 35 10.442690 37.756535 -6582484.222694 22383502.635023 -15342382.908322 13 188
200036 25443150.940729 130404858.279196 -2636.207031 35 10.480219 37.798683 -6586886.163187 22368309.824956 -15362641.079417 13 188
200037 25443657.284972 130404858.279196 -2636.601563 35 10.484403 37.803368 -6587376.071258 22366620.638880 -15364890.581478 13 188
200038 25444163.585590 130404857.779196 -2636.655762 35 10.488589 37.808048 -6587866.140136 22364931.233758 -15367139.802218 13 188
200039 25444669.964733 130404857.779196 -2636.881348 35 10.492778 37.812733 -6588356.369848 22363241.609637 -15369388.741595 13 188
200047 25448722.158320 130404857.779196 -2635.442871 36 10.526401 37.849800 -6592284.000591 22349716.738191 -15387370.122539 13 188
200048 25449228.214635 130404857.779196 -2635.288818 35 10.530616 37.854485 -6592775.678953 22348025.145113 -15389616.527807 13 188
200049 25449734.454177 130404857.779196 -2636.349365 35 10.534836 37.859165 -6593267.518404 22346333.333490 -15391862.651299 13 188
200050 25450240.440690 130404857.779196 -2635.355469 35 10.539057 37.863850 -6593759.518969 22344641.303366 -15394108.492979 13 188
200051 25450746.662782 130404857.779196 -2636.414307 35 10.543282 37.868530 -6594251.680673 22342949.054789 -15396354.052802 13 188
200052 25451252.849973 130404857.779196 -2635.873535 35 10.547511 37.873211 -6594744.003543 22341256.587802 -15398599.330728 13 188
200059 25454795.514652 130404857.779196 -2633.915771 35 10.577203 37.905594 -6598194.778375 22329403.207330 -15414308.379562 13 188
200060 25455301.317939 130404857.779196 -2634.739990 35 10.581460 37.910275 -6598688.391482 22327708.994709 -15416551.400837 13 188
200061 25455807.470229 130404857.779196 -2635.804688 35 10.585721 37.914955 -6599182.165983 22326014.564090 -15418794.139842 13 188
200062 25456313.692321 130404857.779196 -2636.045410 35 10.589980 37.919636 -6599676.101902 22324319.915518 -15421036.596539 13 188
200063 25456820.045289 130404857.779196 -2636.518799 35 10.594247 37.924320 -6600170.199267 22322625.049039 -15423278.770887 13 188
200068 25459349.000645 130404857.779196 -2632.681641 36 10.615622 37.947723 -6602643.108633 22314147.449667 -15434485.405893 13 188
200069 25459854.646879 130404857.779196 -2633.176758 36 10.619905 37.952408 -6603138.175200 22312451.276693 -15436725.885292 13 188
200070 25460360.389089 130404857.779196 -2633.466797 36 10.624192 37.957088 -6603633.403388 22310754.886131 -15438966.082055 13 188
200071 25460866.375603 130404857.779196 -2634.740479 36 10.628483 37.961769 -6604128.793223 22309058.278027 -15441205.996139 13 188
200078 25464407.286536 130404857.779196 -2633.545410 35 10.658604 37.994137 -6607601.050304 22297175.933985 -15456877.476256 13 187
200079 25464912.871694 130404857.779196 -2633.068604 35 10.662919 37.998817 -6608097.734229 22295477.587177 -15459115.127453 13 187
200080 25465418.317251 130404858.279196 -2632.468506 35 10.667238 38.003498 -6608594.580029 22293779.023236 -15461352.495606 13 187
200081 25465923.658107 130404858.279196 -2632.139893 35 10.671561 38.008179 -6609091.587730 22292080.242208 -15463589.580673 13 187
200082 25466429.347966 130404858.279196 -2633.596191 35 10.675887 38.012859 -6609588.757355 22290381.244141 -15465826.382610 13 187
200091 25470979.876147 130404858.279196 -2630.976074 36 10.714981 38.054977 -6614070.574749 22275080.502305 -15485944.852472 13 187
200092 25471485.190827 130404858.279196 -2630.939697 36 10.719344 38.059658 -6614569.365011 22273379.336343 -15488178.820886 13 187
200093 25471990.496782 130404858.279196 -2631.100586 36 10.723710 38.064335 -6615068.317475 22271677.953843 -15490412.505723 13 187
200094 25472495.741661 130404858.279196 -2630.943359 36 10.728078 38.069016 -6615567.432166 22269976.354850 -15492645.906942 13 187
200102 25476538.320179 130404857.779196 -2631.924072 36 10.763153 38.106049 -6619566.192854 22256355.774765 -15510502.901438 12 187
200103 25477043.818086 130404857.779196 -2632.210693 36 10.767549 38.110725 -6620066.768715 22254652.229407 -15512733.748251 12 187
200104 25477549.202567 130404857.779196 -2632.131104 36 10.771952 38.115406 -6620567.507055 22252948.468016 -15514964.311038 12 187
200105 25478054.656849 130404857.779196 -2632.013916 36 10.776356 38.120083 -6621068.407897 22251244.490636 -15517194.589756 12 187
200106 25478559.570174 130404857.779196 -2629.491455 36 10.780764 38.124763 -6621569.471267 22249540.297312 -15519424.584370 12 187
200106 25479064.274097 130404857.779196 -2628.602783 35 10.780764 38.124763 -6621569.471267 22249540.297312 -15519424.584370 12 187
200108 25479569.012920 130404857.779196 -2628.202393 35 10.789591 38.134117 -6622572.085691 22246131.263018 -15523883.721112 12 187
200117 25484114.890617 130404857.779196 -2628.816162 35 10.829457 38.175816 -6627091.902277 22230779.931757 -15543935.762196 12 187
200118 25484619.507289 130404857.779196 -2627.878662 35 10.833902 38.180492 -6627594.917925 22229073.150705 -15546162.344328 12 187
200119 25485124.176311 130404857.779196 -2628.516113 35 10.838350 38.185173 -6628098.096424 22227366.154307 -15548388.641820 12 187
