199376 23641490.855442 122553868.541849 -1368.761841 44 4.216937 22.085571 7305125.051675 26758136.211879 3143084.958226 35 246
199377 23641753.917474 122553868.541849 -1369.998535 44 4.217359 22.087414 7305024.826559 26758521.710327 3140047.864111 35 246
199378 23642017.398312 122553868.541849 -1371.855103 44 4.217781 22.089256 7304924.562617 26758906.875320 3137010.712448 35 246
199379 23642281.027476 122553868.541849 -1372.567993 44 4.218204 22.091099 7304824.259800 26759291.706859 3133973.503291 35 246
199380 23642544.682816 122553868.541849 -1372.868530 44 4.218627 22.092943 7304723.918061 26759676.204944 3130936.236695 35 246
199381 23642808.355606 122553868.541849 -1372.825928 43 4.219050 22.094788 7304623.537354 26760060.369577 3127898.912714 35 246
199382 23643071.871344 122553868.541849 -1372.151611 43 4.219474 22.096632 7304523.117630 26760444.200758 3124861.531403 35 246
199386 23644125.157762 122553868.541849 -1372.234253 43 4.221170 22.104151 7304121.047633 26761976.190967 3112711.434094 35 246
199387 23644388.970154 122553868.541849 -1373.226929 43 4.221593 22.105997 7304020.432119 26762358.354901 3109673.766977 35 246
199388 23644652.660394 122553868.541849 -1372.980225 44 4.222017 22.107845 7303919.777305 26762740.185388 3106636.042865 35 246
199389 23644916.743264 122553868.541849 -1374.665771 44 4.222440 22.109694 7303819.083145 26763121.682428 3103598.261818 35 246
199395 23646502.313673 122553868.541849 -1376.037964 43 4.224985 22.120792 7303214.089244 26765403.662335 3085370.383064 35 245
199396 23646766.832799 122553868.541849 -1377.320313 43 4.225410 22.122644 7303113.118328 26765782.825276 3082332.205009 35 245
199397 23647031.604953 122553868.541849 -1378.788696 44 4.225835 22.124634 7303012.107687 26766161.654779 3079293.970462 35 245
199398 23647296.429457 122553868.541849 -1379.032471 44 4.226259 22.126484 7302911.057273 26766540.150843 3076255.679479 35 245
199402 23648353.973728 122553868.041849 -1377.337158 44 4.227961 22.133900 7302506.456945 26768050.800726 3064101.952380 35 245
199404 23648883.247557 122553868.041849 -1378.770874 43 4.228811 22.137609 7302303.916912 26768804.125071 3058024.751599 35 245
199405 23649147.941185 122553868.041849 -1379.290771 43 4.229237 22.139467 7302202.586763 26769180.287096 3054986.067110 35 245
199406 23649412.957642 122553868.041849 -1380.053833 44 4.229663 22.141323 7302101.216463 26769556.115691 3051947.326632 35 245
199407 23649678.323103 122553868.041849 -1382.111450 44 4.230089 22.143179 7301999.805964 26769931.610857 3048908.530222 35 245
199413 23651271.990413 122553868.041849 -1381.951172 44 4.232649 22.154469 7301390.496161 26772177.579883 3030674.580344 35 245
199414 23651537.722329 122553868.041849 -1384.156860 44 4.233076 22.156328 7301288.802949 26772550.741075 3027635.393942 35 245
199415 23651803.567671 122553868.041849 -1384.090454 43 4.233503 22.158190 7301187.069160 26772923.568846 3024596.152051 35 245
199416 23652069.343213 122553868.041849 -1383.792603 43 4.233931 22.160051 7301085.294747 26773296.063198 3021556.854724 35 245
199417 23652335.301981 122553868.041849 -1384.492920 44 4.234359 22.161913 7300983.479663 26773668.224132 3018517.502020 35 245
199418 23652601.487603 122553868.041849 -1385.634399 44 4.234787 22.163776 7300881.623860 26774040.051649 3015478.093994 35 245
199426 23654733.180026 122553868.041849 -1387.761475 44 4.238225 22.178827 7300065.305896 26777002.668907 2991160.844966 35 245
199427 23654999.845529 122553868.041849 -1388.074341 44 4.238657 22.180695 7299963.081498 26777371.495726 2988120.941541 35 245
199428 23655266.545931 122553868.041849 -1387.940430 44 4.239087 22.182560 7299860.815908 26777739.989141 2985080.983350 35 245
199429 23655533.342311 122553868.041849 -1389.061035 44 4.239519 22.184429 7299758.509080 26778108.149153 2982040.970449 35 245
199430 23655800.103789 122553868.041849 -1388.975098 44 4.239950 22.186296 7299656.160965 26778475.975762 2979000.902893 35 245
199437 23657671.534940 122553868.541849 -1391.047241 44 4.242976 22.199526 7298938.564191 26781041.426868 2957718.904503 35 245
199438 23657939.230006 122553868.541849 -1393.497192 44 4.243410 22.201397 7298835.884088 26781406.586309 2954678.401724 35 245
199439 23658207.134473 122553868.541849 -1394.415283 44 4.243843 22.203270 7298733.162273 26781771.412361 2951637.844794 35 245
199440 23658475.178543 122553868.541849 -1394.661011 44 4.244276 22.205143 7298630.398699 26782135.905023 2948597.233767 35 245
199441 23658743.336039 122553868.541849 -1395.225708 44 4.244710 22.207016 7298527.593320 26782500.064299 2945556.568700 35 245
199442 23659011.083455 122553868.541849 -1393.604492 44 4.245145 22.208891 7298424.746087 26782863.890190 2942515.849643 35 245
199446 23660081.889891 122553868.541849 -1394.827515 44 4.246882 22.216530 7298012.937682 26784315.859915 2930352.434782 35 245
199447 23660350.152089 122553868.541849 -1396.907959 44 4.247318 22.218407 7297909.880474 26784678.018900 2927311.446636 34 245
199448 23660618.580063 122553868.541849 -1397.852783 44 4.247753 22.220284 7297806.781130 26785039.844508 2924270.404840 34 245
199449 23660886.946962 122553868.541849 -1398.140015 44 4.248188 22.222160 7297703.639602 26785401.336742 2921229.309448 34 245
199450 23661155.374936 122553868.541849 -1398.609741 44 4.248622 22.224037 7297600.455842 26785762.495601 2918188.160516 34 245
199451 23661423.148527 122553868.541849 -1395.786621 44 4.249056 22.225916 7297497.229804 26786123.321090 2915146.958093 34 245
199456 23662765.253499 122553868.541849 -1398.571045 43 4.251232 22.235315 7296980.463785 26787922.447989 2899940.145813 34 245
199457 23663034.030477 122553868.541849 -1399.802979 44 4.251668 22.237335 7296876.983084 26788281.273278 2896898.623664 34 245
199458 23663303.025584 122553868.541849 -1401.366577 44 4.252104 22.239218 7296773.459773 26788639.765205 2893857.048424 34 245
199459 23663572.151567 122553868.541849 -1401.599731 44 4.252540 22.241100 7296669.893806 26788997.923772 2890815.420147 34 245
199460 23663841.277550 122553868.541849 -1401.926880 43 4.252976 22.242983 7296566.285135 26789355.748982 2887773.738888 34 245
199465 23665186.122206 122553868.541849 -1400.946167 43 4.255162 22.252403 7296047.599572 26791139.874713 2872564.539911 34 245
199466 23665455.527392 122553868.541849 -1402.590820 43 4.255600 22.254290 7295943.733686 26791495.699812 2869522.541930 34 245
199467 23665724.775527 122553868.541849 -1402.319946 44 4.256039 22.256176 7295839.824766 26791851.191565 2866480.491355 34 245
199468 23665994.137088 122553868.541849 -1402.610352 44 4.256477 22.258062 7295735.872763 26792206.349974 2863438.388245 34 245
199469 23666263.795303 122553868.541849 -1404.717529 44 4.256917 22.260090 7295631.877632 26792561.175041 2860396.232657 34 245
199475 23667883.812442 122553868.541849 -1405.053345 44 4.259550 22.271421 7295006.998494 26794683.125331 2842142.200294 34 245
199476 23668153.889462 122553868.541849 -1406.279175 44 4.259989 22.273314 7294902.700137 26795035.617049 2839099.678907 34 245
199477 23668424.324211 122553868.541849 -1407.962769 44 4.260428 22.275204 7294798.358274 26795387.775439 2836057.105489 34 245
199478 23668694.758961 122553868.541849 -1408.419434 44 4.260869 22.277096 7294693.972856 26795739.600503 2833014.480092 34 245
199479 23668965.376937 122553868.541849 -1408.973145 44 4.261309 22.278988 7294589.543837 26796091.092243 2829971.802774 34 245
199484 23670317.890964 122553868.541849 -1409.576782 44 4.263511 22.288595 7294066.743070 26797843.551127 2814757.639402 34 245
199485 23670589.119698 122553868.541849 -1410.777954 43 4.263952 22.290491 7293962.051451 26798193.042959 2811714.651724 34 245
199486 23670860.383333 122553868.541849 -1411.334839 43 4.264394 22.292385 7293857.315900 26798542.201480 2808671.612513 34 245
199487 23671131.690593 122553868.541849 -1411.627686 44 4.264835 22.294281 7293752.536369 26798891.026692 2805628.521826 34 245
199488 23671403.085104 122553868.541849 -1412.314697 44 4.265275 22.296177 7293647.712812 26799239.518596 2802585.379719 34 245
199489 23671673.956109 122553868.541849 -1410.130371 44 4.265717 22.298075 7293542.845181 26799587.677196 2799542.186242 34 245
199490 23672216.282701 122553868.541849 -1410.661987 44 4.266600 22.301868 7293332.977514 26800282.994474 2793455.645536 34 245
199494 23673029.846753 122553868.541849 -1412.577515 44 4.267924 22.307707 7293017.844274 26801323.470671 2784325.450461 34 245
199495 23673301.380866 122553868.541849 -1413.905029 44 4.268366 22.309607 7292912.711209 26801669.629480 2781281.949970 34 245
199496 23673573.106931 122553868.541849 -1414.495239 44 4.268808 22.311508 7292807.533741 26802015.454999 2778238.398507 34 245
199497 23673844.702120 122553868.541849 -1414.122681 44 4.269250 22.313408 7292702.311821 26802360.947228 2775194.796124 34 245
199498 23674116.271134 122553868.041849 -1414.456665 44 4.269692 22.315310 7292597.045402 26802706.106170 2772151.142877 34 245
199499 23674387.543494 122553868.041849 -1412.975464 44 4.270134 22.317211 7292491.734437 26803050.931827 2769107.438821 34 245
199504 23675745.371111 122553868.041849 -1415.519043 44 4.272345 22.326725 7291964.509777 26804770.060899 2753888.158510 34 245
199505 23676017.332755 122553868.041849 -1416.677368 44 4.272788 22.328773 7291858.930546 26805112.886891 2750844.150788 34 245
199506 23676289.076271 122553868.041849 -1416.301147 44 4.273231 22.330679 7291753.306438 26805455.379612 2747800.092648 34 245
199507 23676560.959388 122553868.041849 -1416.887085 43 4.273674 22.332584 7291647.637406 26805797.539065 2744755.984147 34 245
199514 23678468.355438 122553868.041849 -1418.671265 43 4.276777 22.345936 7290906.692365 26808183.323902 2723445.819386 34 245
199515 23678740.552660 122553868.041849 -1418.314697 43 4.277222 22.347845 7290800.662246 26808522.817291 2720401.310010 34 245
199516 23679013.081435 122553868.041849 -1419.188477 43 4.277666 22.349756 7290694.586778 26808861.977431 2717356.750779 34 245
199517 23679285.767263 122553868.041849 -1419.965210 43 4.278110 22.351809 7290588.465914 26809200.804326 2714312.141747 34 245
199524 23681197.281564 122553868.041849 -1424.730835 44 4.281225 22.365196 7289844.344832 26811563.261886 2692998.488875 34 245
199525 23681470.839902 122553868.041849 -1424.639404 44 4.281671 22.367109 7289737.859104 26811899.422898 2689953.483438 34 245
199526 23681744.101587 122553868.041849 -1423.198364 44 4.282117 22.369024 7289631.327556 26812235.250685 2686908.428698 34 245
199527 23682017.171319 122553868.041849 -1422.469482 43 4.282564 22.370941 7289524.750141 26812570.745250 2683863.324711 34 245
199528 23682290.502805 122553868.041849 -1423.837891 43 4.283011 22.372856 7289418.126810 26812905.906595 2680818.171538 34 244
199536 23684482.389755 122553868.041849 -1426.066284 43 4.286596 22.388344 7288563.481577 26815575.201714 2656455.182222 34 244
199537 23684756.532676 122553868.041849 -1426.607544 44 4.287045 22.390265 7288456.442891 26815907.364190 2653409.588869 34 244
199538 23685030.719222 122553868.041849 -1427.727295 44 4.287495 22.392185 7288349.357817 26816239.193470 2650363.946887 34 244
199539 23685304.905768 122553868.041849 -1428.175659 43 4.287945 22.394106 7288242.226310 26816570.689557 2647318.256329 34 244
199546 23687227.265380 122553868.041849 -1429.681030 43 4.291093 22.407713 7287491.001655 26818881.832972 2625997.067168 34 244
199547 23687501.547902 122553868.041849 -1429.592773 43 4.291543 22.409637 7287383.496979 26819210.663610 2622950.990023 34 244
199548 23687776.013652 122553868.041849 -1430.211670 43 4.291993 22.411562 7287275.945444 26819539.161079 2619904.864807 34 244
199549 23688050.863306 122553868.041849 -1431.624634 43 4.292443 22.413490 7287168.347004 26819867.325380 2616858.691579 34 244
199556 23689978.484159 122553868.041849 -1436.403564 43 4.295607 22.427130 7286413.840612 26822155.147024 2595534.139366 34 244
199557 23690254.031822 122553868.041849 -1434.890381 43 4.296060 22.429060 7286305.865230 26822480.646086 2592487.584024 34 244
199558 23690529.291557 122553868.541849 -1433.872681 43 4.296513 22.430990 7286197.842518 26822805.812006 2589440.981164 34 244
199559 23690804.717068 122553868.541849 -1434.411011 43 4.296966 22.432920 7286089.772428 26823130.644785 2586394.330849 34 244
199560 23691080.413058 122553868.541849 -1436.121948 43 4.297419 22.434853 7285981.654914 26823455.144428 2583347.633134 34 244
199566 23692737.232707 122553868.541849 -1436.811279 43 4.300139 22.446598 7285331.951283 26825395.146545 2565066.454669 34 244
199567 23693013.443478 122553868.541849 -1437.721436 43 4.300593 22.448532 7285223.500479 26825717.314305 2562019.426708 34 244
199568 23693289.689150 122553868.541849 -1437.871582 43 4.301048 22.450466 7285115.001872 26826039.148951 2558972.351792 34 244
199569 23693565.926097 122553868.541849 -1438.386597 43 4.301502 22.452402 7285006.455417 26826360.650485 2555925.229976 34 244
199570 23693842.389897 122553868.541849 -1439.405518 43 4.301957 22.454340 7284897.861066 26826681.818910 2552878.061319 34 244
199579 23696335.450155 122553868.541849 -1442.146973 43 4.306065 22.471933 7283918.348819 26829557.345301 2525451.444824 34 244
199580 23696612.681764 122553868.541849 -1442.308960 43 4.306522 22.473875 7283809.272916 26829875.182797 2522403.810810 34 244
199581 23696890.087875 122553868.541849 -1443.828247 43 4.306979 22.475817 7283700.148599 26830192.687217 2519356.130569 34 244
199582 23697167.537612 122553868.541849 -1443.850342 44 4.307436 22.477758 7283590.975820 26830509.858563 2516308.404156 34 244
199583 23697444.743046 122553868.541849 -1442.950317 44 4.307893 22.479702 7283481.754533 26830826.696839 2513260.631622 34 244
199591 23699666.094689 122553868.541849 -1446.744873 43 4.311563 22.495407 7282606.232267 26833349.412859 2488876.797982 34 244
199592 23699943.718928 122553868.541849 -1447.070801 43 4.312023 22.497353 7282496.572280 26833663.253638 2485828.612910 34 244
199593 23700221.386792 122553868.541849 -1446.679688 43 4.312483 22.499302 7282386.863312 26833976.761377 2482780.382279 34 244
199594 23700499.508363 122553868.541849 -1448.752930 43 4.312942 22.501249 7282277.105318 26834289.936079 2479732.106150 34 244
199595 23700777.848061 122553868.541849 -1449.941895 43 4.313403 22.503197 7282167.298250 26834602.777748 2476683.784577 34 244
199596 23701056.213934 122553868.541849 -1450.147339 43 4.313864 22.505146 7282057.442060 26834915.286386 2473635.417612 34 244
199597 23701334.736859 122553868.541849 -1450.540161 43 4.314324 22.507095 7281947.536702 26835227.461997 2470587.005314 34 244
199604 23703285.060445 122553868.541849 -1452.735718 43 4.317555 22.520903 7281176.818523 26837403.366774 2449246.854658 34 244
199605 23703563.801498 122553868.541849 -1451.258057 43 4.318017 22.522858 7281066.518120 26837712.878284 2446198.081693 34 244
199606 23703842.402950 122553868.541849 -1450.538940 43 4.318478 22.524809 7280956.168125 26838022.056796 2443149.263893 34 244
199607 23704121.318505 122553868.541849 -1451.426270 43 4.318941 22.526764 7280845.768490 26838330.902313 2440100.401320 34 244
199608 23704400.216610 122553868.541849 -1451.997192 43 4.319403 22.528719 7280735.319169 26838639.414839 2437051.494027 34 244
199613 23706076.955682 122553868.541849 -1456.015747 43 4.322179 22.540606 7280071.577185 26840483.497347 2418757.114416 34 244
199616 23706636.034483 122553868.541849 -1454.162598 43 4.323105 22.544521 7279849.930227 26841095.527741 2412658.632611 34 244
199617 23706915.569521 122553868.541849 -1455.226196 43 4.323568 22.546480 7279739.031605 26841401.043494 2409609.325355 34 244
199618 23707195.069658 122553868.541849 -1455.102905 43 4.324032 22.548441 7279628.082825 26841706.226289 2406559.973936 34 244
199619 23707474.595971 122553868.541849 -1455.592407 43 4.324495 22.550402 7279517.083840 26842011.076131 2403510.578412 34 244
199627 23709715.579109 122553868.541849 -1458.990234 43 4.328207 22.566248 7278627.278943 26844437.888901 2379113.833290 34 244
199628 23709995.759805 122553868.541849 -1458.626709 43 4.328672 22.568213 7278515.825996 26844739.742308 2376064.043337 34 244
199629 23710275.914325 122553868.541849 -1458.852417 43 4.329137 22.570177 7278404.322373 26845041.262796 2373014.209837 34 244
199630 23710556.478926 122553868.541849 -1460.540527 43 4.329601 22.572142 7278292.768027 26845342.450367 2369964.332850 34 244
199631 23710837.008627 122553868.541849 -1460.064819 43 4.330066 22.574108 7278181.162911 26845643.305026 2366914.412429 34 244
199638 23712803.229361 122553868.541849 -1462.039063 43 4.333326 22.588034 7277398.501593 26847739.966378 2345563.758139 34 244
199639 23713083.959738 122553868.541849 -1462.565552 43 4.333794 22.590004 7277286.488624 26848038.157867 2342513.492253 34 244
199640 23713364.794818 122553868.541849 -1463.121216 42 4.334261 22.591974 7277174.424460 26848336.016475 2339463.183436 34 244
199641 23713646.005077 122553868.541849 -1464.916382 42 4.334728 22.593945 7277062.309056 26848633.542208 2336412.831748 34 244
199642 23713927.407288 122553868.541849 -1465.934082 42 4.335196 22.595915 7276950.142364 26848930.735067 2333362.437241 34 244
199649 23715897.170416 122553868.541849 -1468.211182 42 4.338474 22.609879 7276163.535516 26851001.764951 2312008.481553 34 244
199650 23716179.322987 122553868.541849 -1468.940063 42 4.338944 22.611855 7276050.956828 26851296.294963 2308957.746509 34 244
199651 23716461.554083 122553868.541849 -1469.230225 42 4.339413 22.613829 7275938.326429 26851590.492136 2305906.969148 34 244
199652 23716743.916057 122553868.541849 -1469.455933 42 4.339882 22.615807 7275825.644272 26851884.356474 2302856.149529 34 244
199653 23717025.771973 122553868.541849 -1466.888306 42 4.340352 22.617783 7275712.910309 26852177.887981 2299805.287699 34 244
199654 23717307.802393 122553868.541849 -1467.925415 42 4.340384 22.619762 7275600.124494 26852471.086660 2296754.383722 34 244
199659 23718719.237079 122553868.541849 -1470.009277 43 4.342843 22.629805 7275035.415988 26853932.087765 2281499.233693 34 244
199660 23719001.747379 122553868.041849 -1471.616211 42 4.343317 22.631784 7274922.318070 26854223.289559 2278448.078003 34 244
199661 23719284.440907 122553868.041849 -1472.326660 43 4.343792 22.633766 7274809.167970 26854514.158552 2275396.880557 34 244
199662 23719567.404912 122553868.041849 -1472.925781 43 4.344267 22.635748 7274695.965642 26854804.694749 2272345.641412 34 244
199663 23719850.421269 122553868.041849 -1472.918335 43 4.344743 22.637728 7274582.711037 26855094.898153 2269294.360623 34 244
199664 23720133.053720 122553868.041849 -1471.243530 43 4.345219 22.639709 7274469.404110 26855384.768768 2266243.038240 34 244
199671 23722112.807098 122553868.041849 -1474.164429 42 4.348561 22.653751 7273674.786629 26857404.545310 2244882.621880 34 243
199672 23722396.032857 122553868.041849 -1474.730225 43 4.349040 22.655737 7273561.059425 26857691.753758 2241830.968800 34 243
199673 23722679.127740 122553868.041849 -1474.007080 43 4.349519 22.657721 7273447.279474 26857978.629452 2238779.274633 34 243
199674 23722962.458200 122553868.041849 -1475.307495 43 4.349997 22.659708 7273333.446731 26858265.172397 2235727.539438 34 243
199675 23723246.102764 122553868.041849 -1476.924683 42 4.350477 22.661695 7273219.561147 26858551.382597 2232675.763272 34 243
199682 23725232.181846 122553868.041849 -1477.356934 43 4.353828 22.675774 7272420.878587 26860545.537473 2211312.187651 34 243
199683 23725515.992187 122553868.041849 -1477.878906 43 4.354310 22.677767 7272306.568588 26860829.085862 2208260.085706 34 243
199684 23725799.802529 122553868.041849 -1478.204834 43 4.354792 22.679758 7272192.205325 26861112.301542 2205207.943291 34 243
199685 23726083.639045 122553868.041849 -1478.638794 43 4.355274 22.681749 7272077.788752 26861395.184518 2202155.760461 34 243
199686 23726367.737315 122553868.041849 -1479.247559 43 4.355757 22.683743 7271963.318822 26861677.734795 2199103.537275 33 243
199693 23728359.086363 122553868.041849 -1481.105713 43 4.359130 22.697857 7271160.531355 26863646.271482 2177736.849766 33 243
199694 23728643.865191 122553868.041849 -1483.135864 43 4.359613 22.699854 7271045.632872 26863926.160313 2174684.305729 33 243
199695 23728928.888323 122553868.041849 -1484.271606 43 4.360095 22.701853 7270930.680609 26864205.716482 2171631.721840 33 243
199696 23729213.815478 122553868.041849 -1484.573364 43 4.360578 22.703850 7270815.674519 26864484.939994 2168579.098151 33 243
199697 23729499.039287 122553868.041849 -1484.782349 43 4.361061 22.705849 7270700.614553 26864763.830852 2165526.434721 33 243
199698 23729784.271821 122553868.041849 -1485.291626 43 4.361544 22.707846 7270585.500667 26865042.389062 2162473.731604 33 243
199699 23730069.443279 122553868.041849 -1485.030640 43 4.362028 22.709845 7270470.332811 26865320.614628 2159420.988854 33 243
199705 23731779.311590 122553868.041849 -1485.604614 44 4.364932 22.722004 7269778.189712 26866982.982724 2141103.703335 33 243
199706 23732064.910578 122553868.041849 -1487.564087 44 4.365416 22.724007 7269662.642761 26867258.879901 2138050.684736 33 243
199707 23732350.692794 122553868.041849 -1488.739624 43 4.365900 22.726009 7269547.041466 26867534.444468 2134997.626955 33 243
199708 23732636.588437 122553868.041849 -1488.784790 43 4.366383 22.728012 7269431.385779 26867809.676430 2131944.530048 33 243
199709 23732922.684756 122553868.041849 -1489.329468 43 4.366866 22.730017 7269315.675654 26868084.575791 2128891.394071 33 243
199710 23733208.615299 122553868.041849 -1488.790649 43 4.367350 22.732019 7269199.911043 26868359.142556 2125838.219076 33 243
199711 23733494.170662 122553868.041849 -1487.126587 43 4.367833 22.734024 7269084.091900 26868633.376730 2122785.005117 33 243
199717 23735210.059298 122553868.041849 -1490.547852 43 4.370743 22.746220 7268388.029234 26870271.797586 2104464.906481 33 243
199718 23735496.696574 122553868.041849 -1492.010742 43 4.371228 22.748228 7268271.827049 26870543.703743 2101411.421381 33 243
199719 23735783.272775 122553868.041849 -1492.548218 43 4.371714 22.750237 7268155.569956 26870815.277344 2098357.897767 33 243
199720 23736069.988578 122553868.041849 -1492.980347 43 4.372200 22.752247 7268039.257908 26871086.518394 2095304.335699 33 243
199721 23736356.512428 122553868.041849 -1491.896606 43 4.372685 22.754255 7267922.890857 26871357.426898 2092250.735229 33 243
199722 23736642.687274 122553868.041849 -1490.661743 43 4.373169 22.756266 7267806.468757 26871628.002859 2089197.096410 33 243
199730 23738937.137878 122553868.041849 -1493.599487 43 4.377057 22.772520 7266873.104562 26873780.639581 2064766.612352 33 243
199731 23739224.036908 122553868.041849 -1494.121826 43 4.377543 22.774536 7266756.184907 26874048.222872 2061712.630961 33 243
199732 23739511.084265 122553868.041849 -1494.658447 43 4.378029 22.776550 7266639.209734 26874315.473668 2058658.611787 33 243
199733 23739798.271223 122553868.041849 -1495.252563 43 4.378517 22.778566 7266522.178995 26874582.391972 2055604.554886 33 243
199734 23740085.449457 122553868.041849 -1495.523682 43 4.379004 22.780582 7266405.092644 26874848.977790 2052550.460312 33 243
199736 23740948.589577 122553868.041849 -1498.159546 44 4.380465 22.786789 7266053.499450 26875646.740363 2043387.951247 33 243
199742 23742386.836523 122553868.041849 -1498.462769 43 4.382901 22.796885 7265466.394152 26876969.695387 2028116.354381 33 243
199743 23742674.485912 122553868.041849 -1498.191406 43 4.383390 22.798906 7265348.805175 26877233.289042 2025061.923278 33 243
199744 23742962.213827 122553868.041849 -1498.805542 44 4.383877 22.800926 7265231.160117 26877496.550259 2022007.455063 33 243
199745 23743250.220946 122553868.041849 -1499.765991 44 4.384365 22.802948 7265113.458929 26877759.479042 2018952.949793 33 243
199746 23743538.358941 122553868.041849 -1500.689697 44 4.384852 22.804968 7264995.701566 26878022.075396 2015898.407525 33 243
199754 23745846.115337 122553868.041849 -1501.432739 44 4.388753 22.821318 7264051.614703 26880110.879362 1991460.744209 33 243
199755 23746134.715763 122553868.041849 -1502.486694 44 4.389241 22.823345 7263933.349645 26880370.484076 1988405.871458 33 243
199756 23746423.316189 122553868.041849 -1502.537598 44 4.389731 22.825371 7263815.027943 26880629.756410 1985350.962265 33 243
199757 23746711.907890 122553868.041849 -1503.118286 44 4.390221 22.827398 7263696.649548 26880888.696369 1982296.016688 33 243
199758 23747000.569392 122553868.041849 -1503.788208 44 4.390710 22.829426 7263578.214415 26881147.303958 1979241.034782 33 243
199759 23747289.632249 122553868.041849 -1505.422729 43 4.391201 22.831455 7263459.722496 26881405.579181 1976186.016608 33 243
199765 23749024.480546 122553868.541849 -1505.588989 44 4.394145 22.843792 7262747.575858 26882948.251132 1957855.149090 33 243
199766 23749313.962208 122553868.541849 -1507.690918 44 4.394637 22.845825 7262628.685125 26883204.199942 1954799.878578 33 243
199767 23749603.600922 122553868.541849 -1508.369873 44 4.395129 22.847855 7262509.737231 26883459.816427 1951744.572242 33 243
199768 23749893.387963 122553868.541849 -1508.770508 44 4.395621 22.849888 7262390.732129 26883715.100593 1948689.230140 33 243
199769 23750183.000502 122553868.541849 -1507.973389 44 4.396114 22.851921 7262271.669773 26883970.052444 1945633.852322 33 243
199770 23750472.517064 122553868.541849 -1506.957153 44 4.396607 22.853954 7262152.550114 26884224.671986 1942578.438847 33 243
199771 23750761.928925 122553868.541849 -1506.587769 44 4.397100 22.856148 7262033.373107 26884478.959224 1939522.989770 33 243
199779 23753081.769597 122553868.541849 -1505.630493 44 4.401062 22.872438 7261077.886878 26886501.294782 1915078.122405 33 243
199780 23753372.446599 122553868.041849 -1511.970581 44 4.401557 22.874475 7260958.191624 26886752.591513 1912022.355453 33 243
199781 23753663.114876 122553868.041849 -1511.849487 44 4.402050 22.876513 7260838.438552 26887003.555993 1908966.553461 33 243
199784 23754534.456598 122553868.041849 -1511.608032 44 4.403533 22.882793 7260478.831967 26887754.455960 1899798.937909 33 243
199785 23754824.924197 122553868.041849 -1511.564697 44 4.404027 22.884834 7260358.847156 26888004.091482 1896742.996311 33 243
199786 23755115.679725 122553868.041849 -1513.358521 44 4.404522 22.886875 7260238.804293 26888253.394779 1893687.019956 33 243
199787 23755406.749357 122553868.041849 -1514.597168 44 4.405018 22.888918 7260118.703332 26888502.365854 1890631.008899 33 243
199788 23755697.818989 122553868.041849 -1514.960571 44 4.405516 22.890961 7259998.544226 26888751.004714 1887574.963193 33 243
199789 23755988.888621 122553868.041849 -1515.343750 44 4.406016 22.893003 7259878.326926 26888999.311364 1884518.882895 33 243
199790 23756280.071679 122553868.041849 -1515.634155 44 4.406517 22.895046 7259758.051388 26889247.285809 1881462.768061 33 243
199791 23756570.984259 122553868.041849 -1514.483643 44 4.407016 22.897089 7259637.717563 26889494.928054 1878406.618744 33 243
199792 23756861.923015 122553868.041849 -1514.983276 44 4.407515 22.899134 7259517.325405 26889742.238106 1875350.435003 33 243
199793 23757152.870495 122553868.041849 -1514.861206 44 4.408013 22.901176 7259396.874867 26889989.215969 1872294.216893 33 243
199794 23757443.826700 122553868.041849 -1515.200562 44 4.408511 22.903383 7259276.365902 26890235.861649 1869237.964470 33 243
199795 23757735.035934 122553868.041849 -1516.552124 44 4.409009 22.905430 7259155.798464 26890482.175150 1866181.677794 33 243
199803 23760066.533351 122553868.541849 -1517.252319 44 4.412994 22.921812 7258189.148290 26892440.725397 1841730.158004 33 243
199804 23760358.013063 122553868.541849 -1518.181396 44 4.413493 22.923861 7258068.052481 26892684.049541 1838673.565543 33 243
199805 23760649.545126 122553868.541849 -1518.708374 44 4.413993 22.926075 7257946.897729 26892927.041562 1835616.939385 33 243
199806 23760941.400017 122553868.541849 -1520.687378 44 4.414494 22.928125 7257825.683989 26893169.701465 1832560.279591 33 243
199807 23761233.411961 122553868.541849 -1521.159058 44 4.414994 22.930178 7257704.411213 26893412.029255 1829503.586214 33 242
199817 23764156.018054 122553868.541849 -1524.082642 43 4.419998 22.950880 7256488.426183 26895817.042187 1798934.817775 33 242
199818 23764448.928683 122553868.541849 -1525.148193 43 4.420499 22.952936 7256366.500923 26896055.717108 1795877.758678 33 242
199819 23764741.560110 122553868.541849 -1523.544800 43 4.421000 22.954994 7256244.516064 26896294.059984 1792820.666667 33 242
199820 23765034.304963 122553868.541849 -1524.350952 43 4.421500 22.957050 7256122.471561 26896532.070820 1789763.541800 33 242
199821 23765326.927664 122553868.541849 -1524.022339 44 4.422001 22.959110 7256000.367366 26896769.749622 1786706.384132 33 242
199822 23765619.812118 122553868.541849 -1525.240723 44 4.422503 22.961168 7255878.203433 26897007.096396 1783649.193724 33 242
199823 23765912.809999 122553868.541849 -1526.087646 44 4.423004 22.963228 7255755.979716 26897244.111148 1780591.970628 33 242
199832 23768553.246071 122553868.541849 -1528.107544 44 4.427522 22.981945 7254653.268212 26899362.303831 1753075.501220 33 242
199833 23768846.479530 122553868.541849 -1527.098267 44 4.428026 22.984009 7254530.444069 26899595.998673 1750017.954331 33 242
199834 23769139.896216 122553868.541849 -1527.875610 43 4.428529 22.986074 7254407.559627 26899829.361555 1746960.375373 33 242
199835 23769433.330353 122553868.541849 -1528.054199 43 4.429032 22.988138 7254284.614838 26900062.392485 1743902.764400 33 242
199845 23772374.878657 122553868.541849 -1532.240723 44 4.434083 23.008980 7253051.837595 26902374.445629 1713324.906351 33 242
199846 23772669.063152 122553868.541849 -1531.946167 44 4.434590 23.011049 7252928.225905 26902603.825461 1710266.946916 33 242
199847 23772963.465776 122553868.541849 -1532.806641 44 4.435097 23.013119 7252804.553307 26902832.873410 1707208.956142 33 242
199848 23773258.008001 122553868.541849 -1533.183228 44 4.435603 23.015192 7252680.819754 26903061.589482 1704150.934082 33 242
199849 23773552.340824 122553868.541849 -1533.180908 43 4.436110 23.017263 7252557.025199 26903289.973685 1701092.880789 33 242
199850 23773846.900499 122553868.541849 -1533.998779 43 4.436617 23.019501 7252433.169596 26903518.026023 1698034.796324 33 242
199857 23775913.023730 122553868.541849 -1536.616333 43 4.440176 23.034021 7251564.467099 26905105.100679 1676627.337049 33 242
199858 23776208.115637 122553868.541849 -1535.771606 43 4.440685 23.036097 7251440.121425 26905330.498319 1673569.005211 33 242
199859 23776503.224994 122553868.541849 -1536.341797 43 4.441195 23.038174 7251315.714283 26905555.564149 1670510.642703 33 242
199859 23776798.282001 122553868.541849 -1536.713867 43 4.441195 23.038174 7251315.714283 26905555.564149 1670510.642703 33 242
199868 23779164.348299 122553868.041849 -1539.571289 44 4.445773 23.057049 7250193.276176 26907566.226174 1642984.009396 33 242
199869 23779459.963713 122553868.041849 -1539.583374 43 4.446282 23.059132 7250068.251770 26907787.974243 1639925.343275 33 242
199870 23779755.779804 122553868.041849 -1539.606323 43 4.446790 23.061214 7249943.165380 26908009.390569 1636866.647104 33 242
199871 23780051.587170 122553868.041849 -1539.924805 44 4.447299 23.063295 7249818.016961 26908230.475160 1633807.920934 33 242
199872 23780347.621388 122553868.041849 -1540.806519 44 4.447808 23.065546 7249692.806464 26908451.228022 1630749.164826 33 242
199880 23782720.222793 122553868.041849 -1543.302856 44 4.451898 23.082226 7248688.882123 26910205.309390 1606278.044964 33 242
199881 23783016.780519 122553868.041849 -1543.886230 43 4.452410 23.084312 7248563.110832 26910423.076968 1603219.021913 33 242
199882 23783313.259718 122553868.041849 -1543.855835 43 4.452923 23.086403 7248437.276997 26910640.512880 1600159.969480 33 242
199883 23783609.957045 122553868.041849 -1544.846558 44 4.453436 23.088490 7248311.380571 26910857.617131 1597100.887725 33 242
199884 23783906.523496 122553868.041849 -1544.616821 44 4.453950 23.090746 7248185.421508 26911074.389729 1594041.776700 33 242
199895 23787176.327845 122553868.041849 -1550.800049 43 4.459605 23.113922 7246795.724380 26913437.000982 1560389.639937 33 242
199896 23787473.801707 122553868.041849 -1549.708862 43 4.460121 23.116016 7246669.010023 26913649.794236 1557330.182073 33 242
199897 23787770.935290 122553868.041849 -1547.747681 43 4.460637 23.118113 7246542.232421 26913862.255921 1554270.695667 33 242
199898 23788068.147398 122553868.041849 -1548.191895 42 4.461154 23.120209 7246415.391529 26914074.386043 1551211.180777 33 242
199899 23788365.350782 122553868.041849 -1548.166260 42 4.461671 23.122305 7246288.487298 26914286.184607 1548151.637461 33 242
199900 23788662.615241 122553868.041849 -1548.472534 43 4.462187 23.124399 7246161.519682 26914497.651622 1545092.065773 33 242
199908 23791047.039168 122553868.041849 -1551.491943 42 4.466336 23.141359 7245143.491314 26916177.452714 1520614.477818 33 242
199909 23791345.385541 122553868.041849 -1553.653687 42 4.466856 23.143461 7245015.951136 26916385.936074 1517554.653324 33 242
199910 23791643.871515 122553868.041849 -1553.866211 42 4.467377 23.145561 7244888.347106 26916594.087949 1514494.801020 33 242
199911 23791942.200438 122553868.041849 -1553.100952 42 4.467897 23.147663 7244760.679179 26916801.908348 1511434.920961 33 242
199912 23792240.607886 122553868.041849 -1553.636475 43 4.468418 23.149767 7244632.947307 26917009.397276 1508375.013204 33 242
199913 23792539.233463 122553868.041849 -1554.471558 43 4.468937 23.151869 7244505.151443 26917216.554740 1505315.077807 33 242
199920 23794630.790385 122553868.041849 -1557.057007 42 4.472583 23.166773 7243608.784724 26918657.376558 1483894.760887 32 242
199921 23794929.782416 122553868.041849 -1556.138794 43 4.473104 23.168879 7243480.475250 26918861.882553 1480834.606375 32 242
199922 23795228.852973 122553868.041849 -1556.799927 43 4.473626 23.170984 7243352.101364 26919066.057146 1477774.424726 32 242
199923 23795527.818828 122553868.041849 -1556.315186 43 4.474148 23.173094 7243223.663020 26919269.900342 1474714.215996 32 242
199924 23795826.837034 122553868.041849 -1557.168335 43 4.474670 23.175201 7243095.160172 26919473.412149 1471653.980240 32 242
199932 23798223.004958 122553868.041849 -1559.740601 42 4.478857 23.192255 7242064.809632 26921089.577399 1447171.128175 32 242
199933 23798522.817149 122553868.041849 -1561.536987 42 4.479382 23.194368 7241935.724144 26921290.107010 1444110.651724 32 242
199934 23798822.655516 122553868.041849 -1562.036865 43 4.479907 23.196480 7241806.573686 26921490.305300 1441050.148809 32 242
199935 23799122.598583 122553868.041849 -1562.504028 43 4.480432 23.198595 7241677.358210 26921690.172277 1437989.619487 32 242
199936 23799422.742328 122553868.041849 -1562.917358 42 4.480957 23.200706 7241548.077670 26921889.707947 1434929.063815 32 242
199937 23799722.624320 122553868.041849 -1561.193604 42 4.481483 23.202822 7241418.732019 26922088.912317 1431868.481845 32 242
199938 23800022.375435 122553868.041849 -1560.704468 42 4.482008 23.204937 7241289.321211 26922287.785395 1428807.873633 32 242
199945 23802125.109223 122553868.041849 -1566.010864 42 4.485694 23.219925 7240381.617240 26923670.621322 1407382.886305 32 242
199946 23802426.116754 122553868.041849 -1567.458618 42 4.486222 23.222044 7240251.683496 26923866.844310 1404322.070206 32 242
199947 23802726.949782 122553868.041849 -1566.419678 42 4.486749 23.224163 7240121.684175 26924062.736069 1401261.228370 32 242
199948 23803027.643209 122553868.041849 -1565.559692 43 4.487278 23.226286 7239991.619230 26924258.296606 1398200.360853 32 242
199949 23803328.109784 122553868.041849 -1564.511719 43 4.487805 23.228405 7239861.488616 26924453.525928 1395139.467712 32 242
199950 23803628.715959 122553868.041849 -1565.359253 42 4.488334 23.230696 7239731.292284 26924648.424041 1392078.549005 32 242
199959 23806339.476409 122553868.041849 -1568.343262 42 4.493099 23.249805 7238556.560379 26926387.603869 1364529.139567 32 241
199960 23806640.492665 122553868.041849 -1567.819214 42 4.493629 23.251930 7238425.704321 26926579.190295 1361467.968282 32 241
199961 23806941.744499 122553868.041849 -1568.646240 42 4.494160 23.254229 7238294.782033 26926770.445592 1358406.772050 32 241
199962 23807243.031233 122553868.041849 -1569.394775 42 4.494691 23.256357 7238163.793470 26926961.369768 1355345.550926 32 241
199963 23807544.291792 122553868.041849 -1569.056763 42 4.495223 23.258482 7238032.738585 26927151.962828 1352284.304963 32 241
199973 23810564.584204 122553868.041849 -1574.958740 42 4.500555 23.279953 7236718.531783 26929039.683727 1321670.491821 32 241
199974 23810867.092453 122553868.041849 -1575.503540 42 4.501090 23.282087 7236586.744282 26929226.635009 1318608.976364 32 241
199975 23811169.740305 122553868.041849 -1576.041504 42 4.501624 23.284218 7236454.889901 26929413.255264 1315547.436743 32 241
199976 23811472.361981 122553868.041849 -1575.419556 42 4.502158 23.286350 7236322.968592 26929599.544500 1312485.873015 32 241
199977 23811774.564851 122553868.041849 -1573.565063 42 4.502693 23.288486 7236190.980310 26929785.502724 1309424.285230 32 241
199978 23812076.758997 122553868.041849 -1573.405884 42 4.503228 23.290621 7236058.925007 26929971.129944 1306362.673450 32 241
199983 23813893.457540 122553868.041849 -1577.765869 42 4.506442 23.303610 7235265.183163 26931077.942580 1287992.502152 32 241
199987 23814801.976952 122553868.041849 -1577.657715 42 4.508050 23.310024 7234867.403694 26931626.880947 1278807.097050 32 241
199988 23815104.991258 122553868.041849 -1578.198486 42 4.508587 23.312164 7234734.675629 26931809.198534 1275745.248408 32 241
199989 23815407.961938 122553868.041849 -1578.081421 42 4.509125 23.314304 7234601.880032 26931991.185198 1272683.376386 32 241
199990 23815711.168196 122553868.041849 -1579.887085 42 4.509662 23.316442 7234469.016856 26932172.840948 1269621.481044 32 241
199991 23816014.304654 122553868.041849 -1579.035156 42 4.510201 23.318583 7234336.086054 26932354.165791 1266559.562436 32 241
199992 23816317.406211 122553868.041849 -1578.975342 42 4.510738 23.320724 7234203.087582 26932535.159735 1263497.620617 32 241
199999 23818442.022571 122553868.041849 -1580.165527 42 4.514512 23.335901 7233270.199564 26933792.852793 1242063.382864 32 241
200000 23818745.499308 122553868.041849 -1581.044434 42 4.515051 23.338045 7233136.658043 26933971.199816 1239001.257389 32 241
200001 23819048.976045 122553868.041849 -1580.857300 42 4.515591 23.340191 7233003.048433 26934149.216009 1235939.109209 32 241
200002 23819352.557483 122553868.041849 -1581.357422 42 4.516131 23.342337 7232869.370685 26934326.901379 1232876.938381 32 241
200003 23819656.365774 122553868.041849 -1582.136353 42 4.516672 23.344482 7232735.624755 26934504.255934 1229814.744962 32 241
200011 23822091.028878 122553868.541849 -1586.465820 42 4.521002 23.361847 7231663.197147 26935911.183944 1205316.391173 32 241
200012 23822395.561353 122553868.541849 -1585.409912 42 4.521544 23.363998 7231528.835477 26936085.561510 1202253.996953 32 241
200013 23822699.910600 122553868.541849 -1584.591797 42 4.522086 23.366148 7231394.405159 26936259.608339 1199191.580700 32 241
200014 23823004.434350 122553868.541849 -1585.321777 43 4.522627 23.368299 7231259.906146 26936433.324438 1196129.142474 32 241
200015 23823308.975550 122553868.541849 -1585.728027 43 4.523170 23.370628 7231125.338393 26936606.709815 1193066.682328 32 241
200016 23823613.682527 122553868.541849 -1586.179199 43 4.523714 23.372782 7230990.701852 26936779.764477 1190004.200321 32 241
200023 23825749.467027 122553868.541849 -1590.483032 43 4.527517 23.387863 7230046.316126 26937981.887776 1168566.218968 32 241
200024 23826054.645160 122553868.541849 -1589.014893 42 4.528060 23.390020 7229911.127614 26938152.297010 1165503.564082 32 241
200025 23826359.613890 122553868.541849 -1587.947144 42 4.528605 23.392176 7229775.869897 26938322.375601 1162440.887836 32 241
200026 23826664.608796 122553868.541849 -1588.503540 42 4.529149 23.394510 7229640.542928 26938492.123557 1159378.190289 32 241
200027 23826969.690953 122553868.541849 -1588.677979 42 4.529694 23.396669 7229505.146661 26938661.540886 1156315.471497 32 241
200036 23829722.235948 122553868.541849 -1591.594727 43 4.534599 23.416113 7228283.454180 26940171.419938 1128750.055765 32 241
200037 23830028.042289 122553868.541849 -1592.412720 43 4.535145 23.418453 7228147.362377 26940337.531437 1125687.127612 32 241
200038 23830333.874805 122553868.541849 -1592.899292 43 4.535690 23.420616 7228011.200764 26940503.312397 1122624.178831 32 241
200039 23830639.855648 122553868.541849 -1593.477539 43 4.536236 23.422781 7227874.969296 26940668.762827 1119561.209479 32 241
200047 23833091.428013 122553868.541849 -1595.315430 43 4.540606 23.440109 7226782.597198 26941980.468129 1095056.720968 32 241
200048 23833397.661884 122553868.541849 -1595.644165 43 4.541153 23.442455 7226645.734943 26942142.944149 1091993.568998 32 241
200049 23833704.140058 122553868.541849 -1597.100464 42 4.541700 23.444624 7226508.802369 26942305.089721 1088930.397019 32 241
200050 23834010.583332 122553868.041849 -1596.500977 42 4.542247 23.446791 7226371.799429 26942466.904851 1085867.205086 32 241
200051 23834317.323260 122553868.041849 -1597.952148 42 4.542794 23.448961 7226234.726077 26942628.389549 1082803.993258 32 241
200052 23834624.089362 122553868.041849 -1597.859863 42 4.543342 23.451130 7226097.582267 26942789.543823 1079740.761587 32 241
200059 23836773.711885 122553868.041849 -1598.716431 42 4.547184 23.466515 7225135.598863 26943908.372547 1058297.589171 32 241
200060 23837080.818267 122553868.041849 -1599.997803 42 4.547734 23.468689 7224997.889714 26944066.883724 1055234.200788 32 241
200061 23837388.369629 122553868.041849 -1601.474854 42 4.548285 23.470863 7224860.109690 26944225.064552 1052170.793073 32 241
200062 23837696.034418 122553868.041849 -1602.148682 42 4.548835 23.473038 7224722.258743 26944382.915039 1049107.366079 32 241
200063 23838003.864984 122553868.041849 -1603.008179 42 4.549387 23.475212 7224584.336827 26944540.435192 1046043.919861 32 241
200068 23839541.386219 122553868.041849 -1601.260010 42 4.552144 23.486095 7223893.661100 26945323.081255 1030726.402471 32 241
200069 23839849.024833 122553868.041849 -1602.106689 43 4.552696 23.488455 7223755.312399 26945478.619588 1027662.842084 32 241
200070 23840156.890299 122553868.041849 -1602.801025 43 4.553248 23.490633 7223616.892404 26945633.827646 1024599.262867 32 241
200071 23840465.165846 122553868.041849 -1604.508057 43 4.553800 23.492811 7223478.401070 26945788.705439 1021535.664879 32 241
200078 23842623.975908 122553868.041849 -1606.187012 43 4.557672 23.508080 7222506.960337 26946863.603260 1000089.958096 32 241
200079 23842932.356156 122553868.041849 -1606.118530 43 4.558226 23.510263 7222367.896619 26947015.839234 997026.211928 32 241
200080 23843240.753854 122553868.041849 -1605.911255 43 4.558780 23.512627 7222228.761143 26947167.745019 993962.447490 32 241
200081 23843549.151552 122553868.041849 -1606.022461 43 4.559334 23.514811 7222089.553865 26947319.320624 990898.664838 32 241
200082 23843857.985506 122553868.041849 -1607.900513 42 4.559889 23.516996 7221950.274738 26947470.566057 987834.864032 32 241
200091 23846638.843480 122553868.041849 -1608.986816 43 4.564896 23.536860 7220693.521741 26948816.918633 960259.849086 32 241
200092 23846947.799585 122553868.041849 -1609.286011 43 4.565454 23.539049 7220553.521574 26948964.862821 957195.869793 32 241
200093 23847256.834216 122553868.041849 -1609.885010 43 4.566013 23.541239 7220413.449049 26949112.476933 954131.872962 32 241
200094 23847565.860122 122553868.041849 -1609.582886 43 4.566572 23.543430 7220273.304119 26949259.760977 951067.858646 32 241
200102 23850043.380961 122553868.041849 -1614.421021 43 4.571052 23.561152 7219149.532551 26950426.151916 926555.121615 32 240
200103 23850353.602207 122553868.041849 -1615.128418 43 4.571612 23.563347 7219008.733894 26950570.465740 923490.952484 32 240
200104 23850663.814727 122553868.041849 -1615.405762 43 4.572173 23.565542 7218867.862369 26950714.449584 920426.766431 32 240
200105 23850974.193025 122553868.041849 -1615.713623 43 4.572734 23.567738 7218726.917930 26950858.103456 917362.563514 32 240
200106 23851284.100167 122553868.041849 -1613.597534 43 4.573295 23.569933 7218585.900530 26951001.427366 914298.343782 32 240
200106 23851593.911333 122553868.041849 -1613.125732 43 4.573295 23.569933 7218585.900530 26951001.427366 914298.343782 32 240
200108 23851903.678873 122553868.041849 -1612.401367 43 4.574418 23.574326 7218303.646665 26951287.085332 908169.854110 32 240
200117 23854699.526584 122553868.041849 -1617.434082 43 4.579474 23.594303 7217029.880532 26952556.215364 880590.833518 32 240
200118 23855009.965958 122553868.041849 -1616.911621 43 4.580036 23.596506 7216887.984000 26952695.580414 877526.416452 32 240
200119 23855320.518758 122553868.041849 -1617.973389 43 4.580599 23.598709 7216746.013908 26952834.615618 874461.983309 32 240
