199376 22095664.023706 115281086.458017 492.591583 49 2.826169 14.391119 -6562726.986067 14742943.897754 22751408.667717 59 359
199377 22095569.687829 115281086.458017 491.586884 49 2.826145 14.390913 -6565184.945417 14742084.226728 22751258.898487 59 359
199378 22095475.570080 115281085.958017 490.027252 49 2.826122 14.390708 -6567642.944482 14741224.721869 22751108.711407 59 359
199379 22095381.574482 115281085.958017 489.552765 49 2.826098 14.390502 -6570100.983205 14740365.383193 22750958.106478 59 359
199380 22095287.596334 115281085.958017 489.517975 49 2.826075 14.390298 -6572559.061533 14739506.210718 22750807.083705 59 359
199381 22095193.461134 115281085.958017 489.837128 49 2.826052 14.390092 -6575017.179409 14738647.204460 22750655.643089 59 359
199382 22095099.125257 115281085.958017 490.736908 49 2.826029 14.389887 -6577475.336779 14737788.364435 22750503.784635 59 359
199386 22094720.717286 115281085.958017 491.722656 48 2.825937 14.388957 -6587308.359957 14734354.667049 22749892.172486 59 359
199387 22094626.451209 115281085.958017 490.992310 48 2.825913 14.388752 -6589766.713938 14733496.658451 22749738.224878 59 359
199388 22094532.080432 115281085.958017 491.514435 49 2.825889 14.388547 -6592225.107073 14732638.816189 22749583.859449 59 359
199389 22094437.962683 115281085.958017 490.094299 49 2.825866 14.388342 -6594683.539303 14731781.140281 22749429.076200 59 359
199395 22093873.692442 115281085.958017 490.292847 49 2.825723 14.387005 -6609434.950472 14726638.579230 22748491.602682 59 359
199396 22093779.679394 115281085.958017 489.261017 49 2.825700 14.386800 -6611893.654805 14725782.068268 22748333.894784 59 359
199397 22093685.928099 115281085.958017 488.025391 49 2.825676 14.386595 -6614352.397782 14724925.723796 22748175.769090 59 359
199398 22093592.141904 115281085.958017 488.079651 49 2.825652 14.386391 -6616811.179349 14724069.545828 22748017.225603 59 359
199402 22093214.964172 115281085.958017 490.815247 48 2.825557 14.385464 -6626646.690318 14720646.499374 22747378.873800 59 359
199404 22093026.676323 115281085.958017 489.899597 48 2.825509 14.385055 -6631564.675924 14718935.975601 22747057.191220 59 359
199405 22092932.523673 115281085.958017 489.653320 49 2.825485 14.384851 -6634023.726048 14718080.963640 22746895.723271 59 360
199406 22092838.458274 115281085.958017 489.152039 49 2.825461 14.384646 -6636482.814312 14717226.118320 22746733.837554 59 360
199407 22092744.829131 115281085.958017 487.325439 49 2.825437 14.384442 -6638941.940655 14716371.439657 22746571.534073 59 360
199413 22092183.342200 115281085.958017 489.043457 48 2.825294 14.383108 -6653697.495207 14711246.868437 22745588.940295 59 360
199414 22092089.791583 115281085.958017 487.100098 48 2.825270 14.382905 -6656156.886554 14710393.356839 22745423.712544 59 360
199415 22091996.206065 115281085.958017 487.458588 49 2.825246 14.382702 -6658616.315532 14709540.012030 22745258.067052 59 360
199416 22091902.550746 115281085.958017 487.979767 49 2.825222 14.382498 -6661075.782087 14708686.834028 22745092.003824 59 360
199417 22091808.939053 115281085.958017 487.565918 49 2.825198 14.382294 -6663535.286161 14707833.822850 22744925.522861 59 360
199418 22091715.528038 115281085.958017 486.676575 49 2.825175 14.382091 -6665994.827697 14706980.978513 22744758.624167 59 360
199426 22090968.841946 115281086.458017 486.619232 48 2.824991 14.380353 -6685672.501780 14700164.232091 22743408.396688 59 360
199427 22090875.378579 115281086.458017 486.569214 48 2.824968 14.380150 -6688132.377944 14699312.890063 22743237.738558 59 360
199428 22090781.897763 115281086.458017 486.940430 49 2.824945 14.379947 -6690592.291008 14698461.715041 22743066.662729 59 360
199429 22090688.565273 115281086.458017 486.067810 49 2.824923 14.379744 -6693052.240913 14697610.707042 22742895.169204 59 360
199430 22090595.128083 115281086.458017 486.449585 48 2.824900 14.379430 -6695512.227605 14696759.866082 22742723.257987 59 360
199437 22089943.711454 115281086.458017 486.171204 48 2.824743 14.378011 -6712733.159601 14690808.657885 22741508.184349 59 360
199438 22089850.858846 115281086.458017 483.993805 48 2.824720 14.377808 -6715193.438545 14689959.153834 22741332.931708 59 360
199439 22089758.137114 115281086.458017 483.313385 48 2.824697 14.377494 -6717653.753765 14689109.816970 22741157.261403 59 360
199440 22089665.371756 115281086.458017 483.319031 48 2.824675 14.377292 -6720114.105208 14688260.647311 22740981.173438 59 360
199441 22089572.693650 115281086.458017 483.022003 48 2.824653 14.377090 -6722574.492815 14687411.644871 22740804.667817 59 360
199442 22089479.753790 115281086.458017 484.912292 48 2.824631 14.376886 -6725034.916533 14686562.809668 22740627.744542 59 360
199446 22089107.435945 115281086.458017 484.689178 48 2.824543 14.376077 -6734876.971274 14683169.141580 22739915.874984 59 0
199447 22089014.696762 115281086.458017 482.876068 48 2.824521 14.375875 -6737337.574687 14682321.142806 22739736.863493 59 0
199448 22088922.271684 115281086.458017 482.198761 48 2.824499 14.375672 -6739798.213868 14681473.311368 22739557.434370 59 0
199449 22088829.698279 115281086.458017 482.147522 48 2.824476 14.375359 -6742258.888763 14680625.647280 22739377.587616 59 0
199450 22088737.098699 115281086.458017 481.948975 48 2.824454 14.375156 -6744719.599315 14679778.150560 22739197.323236 59 0
199451 22088644.027962 115281086.458017 484.500641 48 2.824431 14.374954 -6747180.345471 14678930.821223 22739016.641232 59 0
199456 22088179.721294 115281085.958017 483.523834 48 2.824318 14.373945 -6759484.608181 14674696.685897 22738106.966997 59 0
199457 22088087.147889 115281085.958017 482.587799 48 2.824295 14.373744 -6761945.566749 14673850.361205 22737923.779327 59 0
199458 22087994.836237 115281085.958017 481.231781 48 2.824273 14.373430 -6764406.560521 14673004.204012 22737740.174059 59 0
199459 22087902.428609 115281085.958017 481.257233 48 2.824250 14.373229 -6766867.589442 14672158.214332 22737556.151195 59 0
199460 22087809.994805 115281085.958017 481.184052 48 2.824227 14.373027 -6769328.653454 14671312.392182 22737371.710739 59 0
199465 22087346.072042 115281085.958017 483.453247 48 2.824116 14.372020 -6781634.497840 14667085.794978 22736443.244704 59 0
199466 22087253.542262 115281085.958017 482.063904 48 2.824094 14.371819 -6784095.771219 14666240.978348 22736256.298768 59 0
199467 22087160.951407 115281085.958017 482.590393 48 2.824072 14.371505 -6786557.079294 14665396.329362 22736068.935264 59 0
199468 22087068.220950 115281085.958017 482.533966 48 2.824051 14.371304 -6789018.422010 14664551.848034 22735881.154197 59 0
199469 22086975.865672 115281085.958017 480.699585 48 2.824029 14.371102 -6791479.799306 14663707.534382 22735692.955569 59 0
199475 22086421.917235 115281085.958017 481.927551 48 2.823897 14.369896 -6806248.786069 14658645.174594 22734554.995233 59 0
199476 22086329.474707 115281085.958017 480.906921 48 2.823874 14.369696 -6808710.403866 14657802.035121 22734363.873781 59 0
199477 22086237.346282 115281085.958017 479.480133 48 2.823852 14.369383 -6811172.055790 14656959.063453 22734172.334796 59 0
199478 22086145.191682 115281085.958017 479.292969 48 2.823830 14.369182 -6813633.741789 14656116.259605 22733980.378283 59 0
199479 22086053.098158 115281085.958017 478.994019 48 2.823808 14.368981 -6816095.461805 14655273.623593 22733788.004245 59 0
199484 22085591.566074 115281085.958017 479.657959 48 2.823698 14.367977 -6828404.570086 14651062.961665 22732819.871316 59 1
199485 22085499.812829 115281085.958017 478.687500 48 2.823676 14.367777 -6830866.493017 14650221.333007 22732624.992205 59 1
199486 22085408.207911 115281085.958017 478.423309 48 2.823655 14.367464 -6833328.449569 14649379.872297 22732429.695595 59 1
199487 22085316.515742 115281085.958017 478.361572 48 2.823632 14.367264 -6835790.439687 14648538.579550 22732233.981489 59 1
199488 22085224.849749 115281085.958017 477.926117 49 2.823610 14.367063 -6838252.463313 14647697.454783 22732037.849891 59 1
199489 22085132.686424 115281085.958017 480.364655 49 2.823588 14.366863 -6840714.520395 14646856.498011 22731841.300805 59 1
199490 22084948.595351 115281085.958017 480.353577 49 2.823543 14.366462 -6845638.734592 14645175.088549 22731446.950190 59 1
199494 22084672.244978 115281085.958017 479.150299 49 2.823476 14.365862 -6853025.305505 14642654.234671 22730852.293185 59 1
199495 22084580.421933 115281085.958017 478.086609 49 2.823454 14.365549 -6855487.562107 14641814.286207 22730653.239247 59 1
199496 22084488.625062 115281085.958017 477.788971 49 2.823431 14.365350 -6857949.851764 14640974.505849 22730453.767846 59 1
199497 22084396.775841 115281085.958017 478.393799 49 2.823409 14.365149 -6860412.174421 14640134.893614 22730253.878987 59 1
199498 22084304.926620 115281085.958017 478.312622 49 2.823386 14.364949 -6862874.530020 14639295.449517 22730053.572673 59 1
199499 22084212.676044 115281085.958017 480.057037 49 2.823363 14.364750 -6865336.918509 14638456.173574 22729852.848907 59 1
199504 22083752.234599 115281085.958017 478.760529 49 2.823248 14.363751 -6877649.352156 14634262.316753 22728842.968455 59 1
199505 22083660.446453 115281085.958017 477.870331 49 2.823225 14.363439 -6880111.936767 14633424.050067 22728639.740063 59 1
199506 22083568.396555 115281085.958017 478.469971 48 2.823202 14.363239 -6882574.553869 14632585.951644 22728436.094246 59 1
199507 22083476.329206 115281085.958017 478.148010 48 2.823180 14.363040 -6885037.203404 14631748.021502 22728232.031008 59 1
199514 22082834.702150 115281085.958017 478.144531 49 2.823018 14.361531 -6902276.653391 14625887.223708 22726791.900900 59 1
199515 22082742.617351 115281085.958017 478.716583 49 2.822995 14.361332 -6904739.560349 14625050.640372 22726584.498436 59 1
199516 22082650.715779 115281086.458017 478.079071 49 2.822972 14.361134 -6907202.499228 14624214.225457 22726376.678586 59 1
199517 22082559.014885 115281086.458017 477.603455 48 2.822948 14.360934 -6909665.469972 14623377.978980 22726168.441354 59 1
199524 22081918.426117 115281086.458017 474.578156 48 2.822788 14.359429 -6926907.152568 14617528.971216 22724699.094372 59 1
199525 22081827.161478 115281086.458017 474.891418 48 2.822764 14.359230 -6929370.376198 14616694.072795 22724487.518225 59 1
199526 22081735.661261 115281086.458017 476.614563 48 2.822742 14.359032 -6931833.631186 14615859.342951 22724275.524732 59 1
199527 22081643.846941 115281086.458017 477.556976 48 2.822719 14.358833 -6934296.917475 14615024.781698 22724063.113896 59 1
199528 22081552.180947 115281086.458017 476.476807 48 2.822697 14.358635 -6936760.235007 14614190.389054 22723850.285721 59 1
199536 22080822.657144 115281086.458017 476.232513 48 2.822519 14.356936 -6956467.893064 14607521.319683 22722132.636627 59 1
199537 22080731.296529 115281086.458017 475.935944 49 2.822497 14.356737 -6958931.489226 14606688.445206 22721916.052586 59 1
199538 22080640.241293 115281086.458017 475.024353 49 2.822476 14.356540 -6961395.116060 14605855.739493 22721699.051247 59 1
199539 22080549.063905 115281086.458017 474.886719 49 2.822454 14.356341 -6963858.773514 14605023.202557 22721481.632613 59 1
199546 22079911.991356 115281085.958017 475.102783 48 2.822298 14.354842 -6981105.228153 14599200.171106 22719948.018292 59 1
199547 22079820.526040 115281085.958017 475.418396 48 2.822276 14.354645 -6983569.128518 14598368.984944 22719727.261451 59 1
199548 22079729.165425 115281085.958017 475.062469 48 2.822253 14.354447 -6986033.058990 14597537.967697 22719506.087354 59 1
199549 22079638.110189 115281085.958017 473.879211 48 2.822231 14.354249 -6988497.019512 14596707.119383 22719284.496003 59 1
199556 22079003.620271 115281085.958017 470.839874 48 2.822078 14.352754 -7005745.579717 14590895.912569 22717721.673822 59 1
199557 22078912.896589 115281085.958017 472.605927 48 2.822056 14.352556 -7008209.778604 14590066.416253 22717496.744597 59 1
199558 22078821.937330 115281085.958017 473.860718 48 2.822035 14.352360 -7010674.007033 14589237.089003 22717271.398156 59 1
199559 22078730.925719 115281085.958017 473.589539 48 2.822013 14.352162 -7013138.264947 14588407.930837 22717045.634503 59 2
199560 22078640.228212 115281085.958017 472.126190 48 2.821990 14.351965 -7015602.552285 14587578.941770 22716819.453644 59 2
199566 22078097.421739 115281085.958017 472.931580 48 2.821859 14.350669 -7030388.890996 14582608.559317 22715453.607390 59 2
199567 22078006.837659 115281085.958017 472.236389 48 2.821837 14.350473 -7032853.382732 14581780.754362 22715224.506201 59 2
199568 22077916.175053 115281085.958017 472.339447 49 2.821815 14.350276 -7035317.903441 14580953.118627 22714994.987839 59 2
199569 22077825.590972 115281085.958017 472.049927 49 2.821793 14.350080 -7037782.453066 14580125.652126 22714765.052309 59 2
199570 22077735.129044 115281085.958017 471.289093 49 2.821772 14.349768 -7040247.031549 14579298.354876 22714534.699614 59 2
199579 22076923.056986 115281085.958017 470.758575 48 2.821581 14.348001 -7062429.527068 14571860.298362 22712442.753693 59 2
199580 22076832.743384 115281085.958017 470.840729 49 2.821559 14.347690 -7064894.391015 14571034.694432 22712208.229594 59 2
199581 22076742.674085 115281085.958017 469.578491 49 2.821538 14.347493 -7067359.283195 14570209.259917 22711973.288379 59 2
199582 22076652.552435 115281085.958017 469.785461 49 2.821517 14.347298 -7069824.203552 14569383.994832 22711737.930052 59 2
199583 22076562.230108 115281085.958017 470.923370 49 2.821495 14.347101 -7072289.152031 14568558.899190 22711502.154617 59 2
199591 22075842.059622 115281085.958017 469.114960 49 2.821327 14.345420 -7092009.745262 14561964.235877 22709600.935804 59 2
199592 22075751.876897 115281085.958017 468.999054 49 2.821306 14.345224 -7094474.944265 14561140.665904 22709361.406601 59 2
199593 22075661.537120 115281085.958017 469.635651 49 2.821285 14.345028 -7096940.170821 14560317.265524 22709121.460334 59 2
199594 22075571.651048 115281085.958017 467.834259 49 2.821264 14.344832 -7099405.424869 14559494.034753 22708881.097008 59 2
199595 22075481.930754 115281085.958017 466.846222 49 2.821244 14.344638 -7101870.706353 14558670.973604 22708640.316629 59 2
199596 22075392.175559 115281085.958017 466.927917 49 2.821223 14.344442 -7104336.015218 14557848.082093 22708399.119200 59 2
199597 22075302.472714 115281085.958017 466.763031 49 2.821202 14.344247 -7106801.351408 14557025.360235 22708157.504726 59 2
199604 22074674.099099 115281085.958017 466.264008 49 2.821058 14.342765 -7124059.464949 14551271.058752 22706454.526534 59 2
199605 22074584.221752 115281085.958017 467.969757 49 2.821037 14.342570 -7126525.017687 14550449.694640 22706209.575862 59 2
199606 22074494.222254 115281085.958017 468.955475 49 2.821016 14.342376 -7128990.597238 14549628.500313 22705964.208187 59 2
199607 22074404.414709 115281085.958017 468.291260 49 2.820995 14.342180 -7131456.203544 14548807.475786 22705718.423511 59 2
199608 22074314.598438 115281085.958017 467.954742 49 2.820974 14.341869 -7133921.836548 14547986.621072 22705472.221841 59 2
199613 22073777.838465 115281085.958017 465.394104 49 2.820848 14.340702 -7148716.191943 14543065.059742 22703986.255196 59 2
199616 22073598.624729 115281085.958017 467.758606 48 2.820806 14.340313 -7153647.854784 14541425.898462 22703487.597227 59 2
199617 22073508.921885 115281085.958017 466.932312 48 2.820785 14.340001 -7156113.725513 14540606.572732 22703237.642811 59 2
199618 22073419.175415 115281085.958017 467.274170 49 2.820764 14.339808 -7158579.622372 14539787.416963 22702987.271446 59 2
199619 22073329.394045 115281085.958017 467.047668 49 2.820743 14.339613 -7161045.545304 14538968.431168 22702736.483137 59 2
199627 22072614.633126 115281085.958017 465.569641 49 2.820572 14.337943 -7180773.860413 14532422.665674 22700715.167264 59 2
199628 22072525.034983 115281085.958017 466.167694 49 2.820550 14.337749 -7183240.015433 14531605.210303 22700460.626673 59 2
199629 22072435.480466 115281085.958017 466.193817 48 2.820529 14.337556 -7185706.195957 14530787.925051 22700205.669185 59 2
199630 22072346.240052 115281085.958017 464.686310 48 2.820507 14.337361 -7188172.401924 14529970.809935 22699950.294805 59 2
199631 22072256.903663 115281085.958017 465.472687 48 2.820485 14.337169 -7190638.633280 14529153.864966 22699694.503539 59 2
199638 22071633.704036 115281085.958017 465.174072 49 2.820335 14.335696 -7207902.958777 14523440.015584 22697892.292248 59 3
199639 22071544.350196 115281085.958017 464.873810 49 2.820314 14.335503 -7210369.391196 14522624.432319 22697633.166058 59 3
199640 22071455.066157 115281085.958017 464.550629 49 2.820293 14.335309 -7212835.848492 14521809.019333 22697373.623024 59 3
199641 22071366.043872 115281085.958017 463.003815 49 2.820272 14.335116 -7215302.330604 14520993.776638 22697113.663151 59 3
199642 22071277.143737 115281085.958017 462.219849 49 2.820251 14.334923 -7217768.837478 14520178.704250 22696853.286444 59 3
199649 22070653.778334 115281085.958017 461.608429 49 2.820104 14.333454 -7235035.074073 14514477.967337 22695018.978563 59 3
199650 22070565.270830 115281085.958017 461.140839 49 2.820084 14.333261 -7237501.776992 14513664.257913 22694755.267360 59 3
199651 22070476.833126 115281085.958017 461.057800 49 2.820063 14.333069 -7239968.504160 14512850.718924 22694491.139367 59 3
199652 22070388.430323 115281085.958017 461.099243 49 2.820042 14.332875 -7242435.255520 14512037.350384 22694226.594590 59 3
199653 22070299.408037 115281085.958017 464.403412 49 2.820020 14.332684 -7244902.031020 14511224.152305 22693961.633031 59 3
199654 22070210.603879 115281085.958017 463.071198 49 2.819715 14.332492 -7247368.830597 14510411.124704 22693696.254698 59 3
199659 22069767.333448 115281085.958017 462.211609 49 2.819681 14.331410 -7259703.187565 14506348.544380 22692363.111589 59 3
199660 22069678.843394 115281085.958017 460.830078 49 2.819663 14.331218 -7262170.130413 14505536.539938 22692095.232710 59 3
199661 22069590.449316 115281085.958017 460.342468 49 2.819644 14.331026 -7264637.096940 14504724.706073 22691826.937090 59 3
199662 22069502.177390 115281085.958017 460.002747 49 2.819626 14.330833 -7267104.087087 14503913.042798 22691558.224736 59 3
199663 22069413.922914 115281085.958017 460.249023 49 2.819608 14.330641 -7269571.100801 14503101.550128 22691289.095651 59 3
199664 22069325.336883 115281085.958017 462.133667 49 2.819590 14.330331 -7272038.138025 14502290.228074 22691019.549840 59 3
199671 22068704.833316 115281085.958017 460.892303 49 2.819468 14.328987 -7289308.051940 14496615.752219 22689121.061295 59 3
199672 22068616.447963 115281085.958017 460.553131 49 2.819451 14.328794 -7291775.275175 14495805.795617 22688848.181866 59 3
199673 22068527.853207 115281085.958017 461.522339 49 2.819435 14.328603 -7294242.521406 14494996.009758 22688574.885756 59 3
199674 22068439.406779 115281085.958017 460.465607 49 2.819417 14.328293 -7296709.790574 14494186.394659 22688301.172972 59 3
199675 22068351.230829 115281085.958017 459.063019 48 2.819400 14.328100 -7299177.082620 14493376.950332 22688027.043518 59 3
199682 22067733.318618 115281085.958017 460.288879 49 2.819276 14.326760 -7316448.762718 14487715.622869 22686096.471043 59 3
199683 22067645.003066 115281085.958017 460.012878 49 2.819260 14.326449 -7318916.235756 14486907.545221 22685819.008420 59 3
199684 22067556.547913 115281085.958017 459.909485 49 2.819243 14.326259 -7321383.731162 14486099.638471 22685541.129173 59 3
199685 22067468.153835 115281085.958017 459.714325 49 2.819227 14.326067 -7323851.248878 14485291.902632 22685262.833308 59 3
199686 22067379.873183 115281085.958017 459.331238 48 2.819211 14.325876 -7326318.788846 14484484.337718 22684984.120831 59 3
199693 22066763.435516 115281085.958017 459.120453 49 2.819093 14.324420 -7343592.186795 14478836.170419 22683021.468787 59 3
199694 22066675.582395 115281085.958017 457.331970 48 2.819076 14.324228 -7346059.902727 14478029.973404 22682739.423597 59 3
199695 22066587.877601 115281085.958017 456.437195 49 2.819059 14.324038 -7348527.640396 14477223.947438 22682456.961841 59 3
199696 22066500.172806 115281085.958017 456.370026 49 2.819042 14.323847 -7350995.399747 14476418.092536 22682174.083525 59 3
199697 22066412.433112 115281085.958017 456.376038 49 2.819025 14.323656 -7353463.180723 14475612.408710 22681890.788655 59 3
199698 22066324.859194 115281085.958017 456.108368 49 2.819008 14.323466 -7355930.983265 14474806.895975 22681607.077234 59 3
199699 22066237.163125 115281085.958017 456.588715 49 2.818991 14.323276 -7358398.807319 14474001.554343 22681322.949269 59 3
199705 22065709.189337 115281085.958017 457.429108 49 2.818890 14.322014 -7373206.200083 14469173.098531 22679609.434354 59 3
199706 22065621.650319 115281085.958017 455.681946 49 2.818872 14.321822 -7375674.173110 14468368.955010 22679322.390727 59 3
199707 22065534.216003 115281085.958017 454.796753 49 2.818855 14.321632 -7378142.167189 14467564.982704 22679034.930599 59 3
199708 22065446.755512 115281085.958017 454.962311 49 2.818837 14.321443 -7380610.182265 14466761.181624 22678747.053974 59 3
199709 22065359.417172 115281085.958017 454.629181 49 2.818819 14.321253 -7383078.218279 14465957.551785 22678458.760858 59 3
199710 22065272.026482 115281085.958017 455.403229 49 2.818801 14.321062 -7385546.275175 14465154.093200 22678170.051257 59 3
199711 22065184.208261 115281085.958017 457.301880 49 2.818783 14.320753 -7388014.352900 14464350.805882 22677880.925174 59 3
199717 22064658.773480 115281085.958017 455.271729 49 2.818677 14.319613 -7402823.253266 14459534.679384 22676137.422911 59 4
199718 22064571.635818 115281085.958017 454.061768 49 2.818659 14.319424 -7405291.475160 14458732.591320 22675845.381619 59 4
199719 22064484.524331 115281085.958017 453.746338 49 2.818642 14.319234 -7407759.717421 14457930.674632 22675552.923890 59 4
199720 22064397.386668 115281085.958017 453.542664 49 2.818624 14.319045 -7410227.979993 14457128.929333 22675260.049730 59 4
199721 22064309.995978 115281085.958017 454.855835 49 2.818606 14.318734 -7412696.262820 14456327.355436 22674966.759143 59 4
199722 22064222.352259 115281085.958017 456.335968 49 2.818587 14.318545 -7415164.565846 14455525.952955 22674673.052136 59 4
199730 22063523.942195 115281085.958017 455.251373 49 2.818441 14.316911 -7434911.710137 14449120.905741 22672308.405612 59 4
199731 22063436.542779 115281085.958017 454.955078 49 2.818422 14.316721 -7437380.192353 14448321.046611 22672010.951068 59 4
199732 22063349.221890 115281085.958017 454.656555 49 2.818404 14.316532 -7439848.694194 14447521.359031 22671713.080158 59 4
199733 22063261.927175 115281085.958017 454.278534 48 2.818386 14.316343 -7442317.215601 14446721.843015 22671414.792889 59 4
199734 22063174.580110 115281085.958017 454.245880 48 2.818367 14.316154 -7444785.756519 14445922.498575 22671116.089265 59 4
199736 22062913.891308 115281085.958017 452.308868 48 2.818312 14.315588 -7452191.495655 14443525.494886 22670217.480337 59 4
199742 22062478.342598 115281085.958017 453.142365 48 2.818217 14.314524 -7464534.779243 14439533.921464 22668711.472207 59 4
199743 22062391.091509 115281085.958017 453.651764 48 2.818198 14.314335 -7467003.493176 14438736.121816 22668409.021647 59 4
199744 22062303.910221 115281085.958017 453.271484 48 2.818179 14.314147 -7469472.226046 14437938.493878 22668106.154789 59 4
199745 22062216.885986 115281085.958017 452.511444 48 2.818160 14.313958 -7471940.977796 14437141.037662 22667802.871638 59 4
199746 22062130.088603 115281085.958017 451.863373 48 2.818140 14.313769 -7474409.748368 14436343.753184 22667499.172201 59 4
199754 22061436.398822 115281085.958017 452.453796 49 2.817982 14.312143 -7494160.583621 14429971.661468 22665054.591066 59 4
199755 22061349.575264 115281085.958017 452.128815 49 2.817962 14.311955 -7496629.521029 14429175.923207 22664747.145302 59 4
199756 22061262.760430 115281085.958017 452.273407 48 2.817942 14.311767 -7499098.476688 14428380.356814 22664439.283309 59 4
199757 22061175.980497 115281085.958017 451.936157 48 2.817923 14.311579 -7501567.450542 14427584.962301 22664131.005091 59 4
199758 22061089.296541 115281085.958017 451.468903 48 2.817904 14.311270 -7504036.442531 14426789.739682 22663822.310654 59 4
199759 22061002.804537 115281085.958017 450.087372 48 2.817885 14.311082 -7506505.452597 14425994.688970 22663513.200006 59 4
199765 22060483.555858 115281085.958017 451.279755 49 2.817770 14.309956 -7521319.889370 14421227.995503 22661649.795981 59 4
199766 22060397.168555 115281085.958017 449.414032 48 2.817751 14.309769 -7523789.024389 14420434.148504 22661337.772006 59 4
199767 22060310.955754 115281085.958017 448.965332 48 2.817732 14.309581 -7526258.177028 14419640.473517 22661025.331864 59 4
199768 22060224.847654 115281085.958017 448.800903 49 2.817714 14.309273 -7528727.347231 14418846.970554 22660712.475561 59 4
199769 22060138.547603 115281085.958017 449.807739 49 2.817695 14.309085 -7531196.534942 14418053.639627 22660399.203104 59 4
199770 22060051.985797 115281085.958017 451.058136 49 2.817676 14.308897 -7533665.740104 14417260.480749 22660085.514498 59 4
199771 22059965.389092 115281085.958017 451.637024 48 2.817658 14.308710 -7536134.962660 14416467.493934 22659771.409748 59 4
199779 22059275.058478 115281085.958017 454.418793 48 2.817516 14.307092 -7555889.362238 14410129.795260 22657243.591321 59 4
199780 22059189.177232 115281085.958017 448.313232 48 2.817498 14.306905 -7558358.738741 14409338.357593 22656925.741549 59 4
199781 22059103.234909 115281085.958017 448.635223 48 2.817478 14.306718 -7560828.132064 14408547.092117 22656607.475693 59 4
199784 22058844.657583 115281085.958017 449.584869 48 2.817420 14.306158 -7568236.412288 14406174.328994 22655650.181691 59 4
199785 22058758.462232 115281085.958017 449.850830 48 2.817401 14.305971 -7570705.872318 14405383.752412 22655330.251558 59 4
199786 22058672.502460 115281085.958017 448.296509 48 2.817382 14.305785 -7573175.348879 14404593.348086 22655009.905370 59 4
199787 22058586.795715 115281085.958017 447.247955 48 2.817364 14.305476 -7575644.841913 14403803.116029 22654689.143134 59 4
199788 22058501.080246 115281085.958017 447.112213 49 2.817346 14.305290 -7578114.351366 14403013.056253 22654367.964855 59 5
199789 22058415.321151 115281085.958017 446.969879 49 2.817330 14.305102 -7580583.877180 14402223.168770 22654046.370541 59 5
199790 22058329.492255 115281085.958017 446.907898 49 2.817314 14.304916 -7583053.419299 14401433.453595 22653724.360195 59 5
199791 22058243.384155 115281085.958017 448.266083 49 2.817298 14.304730 -7585522.977666 14400643.910738 22653401.933825 59 5
199792 22058157.345857 115281085.958017 448.020905 49 2.817280 14.304543 -7587992.552222 14399854.540213 22653079.091436 59 5
199793 22058071.159231 115281085.958017 448.339905 49 2.817263 14.304358 -7590462.142911 14399065.342032 22652755.833034 59 5
199794 22057985.024956 115281085.958017 448.242493 49 2.817245 14.304172 -7592931.749674 14398276.316209 22652432.158627 59 5
199795 22057899.187335 115281085.958017 447.108887 49 2.817227 14.303986 -7595401.372452 14397487.462757 22652108.068219 59 5
199803 22057213.097125 115281085.958017 448.221466 49 2.817078 14.302376 -7615158.924312 14391182.842017 22649500.369678 59 5
199804 22057127.215878 115281085.958017 447.503906 49 2.817060 14.302190 -7617628.688664 14390395.540466 22649172.535539 59 5
199805 22057041.325906 115281085.958017 447.174988 49 2.817042 14.302004 -7620098.468461 14389608.411411 22648844.285460 59 5
199806 22056955.715138 115281085.958017 445.455841 49 2.817024 14.301695 -7622568.263641 14388821.454865 22648515.619447 59 5
199807 22056870.139270 115281085.958017 445.195648 49 2.817006 14.301510 -7625038.074151 14388034.670841 22648186.537507 59 5
199817 22056014.860473 115281085.958017 444.501953 49 2.816821 14.299533 -7649737.009631 14380176.322074 22644872.843462 59 5
199818 22055929.563809 115281085.958017 443.659058 48 2.816803 14.299348 -7652206.984973 14379391.436614 22644539.186727 59 5
199819 22055844.040292 115281085.958017 445.516968 48 2.816783 14.299163 -7654676.974958 14378606.723824 22644205.114137 59 5
199820 22055758.647651 115281085.958017 444.898926 49 2.816764 14.298978 -7657146.979525 14377822.183719 22643870.625701 59 5
199821 22055673.054333 115281085.958017 445.459930 49 2.816745 14.298793 -7659616.998619 14377037.816310 22643535.721423 59 5
199822 22055587.714043 115281085.958017 444.448242 49 2.816726 14.298608 -7662087.032181 14376253.621609 22643200.401311 59 5
199823 22055502.426104 115281085.958017 443.821289 49 2.816707 14.298423 -7664557.080153 14375469.599630 22642864.665370 59 5
199832 22054735.427959 115281085.958017 443.799683 49 2.816534 14.296638 -7686788.150843 14368421.176335 22639824.330670 59 5
199833 22054649.878266 115281085.958017 445.033447 48 2.816515 14.296454 -7689258.339775 14367638.882245 22639484.436789 59 5
199834 22054564.433275 115281085.958017 444.498535 48 2.816496 14.296145 -7691728.542485 14366856.761011 22639144.127149 59 5
199835 22054479.031909 115281085.958017 444.516388 48 2.816477 14.295961 -7694198.758917 14366074.812647 22638803.401756 59 5
199845 22053630.122442 115281085.958017 442.537262 49 2.816290 14.293998 -7718901.665218 14358264.839522 22635373.282829 59 5
199846 22053545.052631 115281085.958017 443.036865 49 2.816272 14.293814 -7721372.028807 14357484.793522 22635027.984574 59 5
199847 22053460.104971 115281085.958017 442.431793 49 2.816254 14.293630 -7723842.405429 14356704.920537 22634682.270643 59 5
199848 22053375.227111 115281085.958017 442.262207 49 2.816235 14.293446 -7726312.795027 14355925.220580 22634336.141041 59 5
199849 22053290.331802 115281085.958017 442.504883 49 2.816217 14.293262 -7728783.197543 14355145.693662 22633989.595777 59 5
199850 22053205.506294 115281085.958017 441.886688 49 2.816199 14.293079 -7731253.612920 14354366.339796 22633642.634855 59 5
199857 22052614.135865 115281085.958017 440.794006 49 2.816072 14.291671 -7748546.875738 14348915.709226 22631202.270565 59 5
199858 22052529.397607 115281085.958017 441.898590 49 2.816054 14.291488 -7751017.391937 14348137.740206 22630851.984620 59 5
199859 22052444.702976 115281085.958017 441.508575 49 2.816036 14.291305 -7753487.920481 14347359.944347 22630501.283077 59 5
199859 22052359.973443 115281085.958017 441.356140 49 2.816036 14.291305 -7753487.920481 14347359.944347 22630501.283077 59 5
199868 22051685.077547 115281085.958017 440.277588 49 2.815865 14.289534 -7775723.223270 14340367.575821 22627326.268343 59 6
199869 22051600.374190 115281085.958017 440.463043 48 2.815845 14.289351 -7778193.872097 14339591.512219 22626971.411173 59 6
199870 22051515.784260 115281085.958017 440.649536 48 2.815826 14.289168 -7780664.532635 14338815.621908 22626616.138477 59 6
199871 22051431.220505 115281085.958017 440.555573 48 2.815806 14.288986 -7783135.204828 14338039.904900 22626260.450261 59 6
199872 22051346.752726 115281085.958017 439.915680 48 2.815786 14.288678 -7785605.888617 14337264.361208 22625904.346532 59 6
199880 22050674.456912 115281085.958017 439.146667 48 2.815636 14.287219 -7805371.769418 14331066.252471 22623040.559039 59 6
199881 22050590.233436 115281085.958017 438.753571 48 2.815617 14.286912 -7807842.554995 14330292.269147 22622680.715991 59 6
199882 22050505.922709 115281086.458017 439.021820 48 2.815598 14.286730 -7810313.351595 14329518.459256 22622320.457496 59 6
199883 22050421.734133 115281086.458017 438.228821 48 2.815580 14.286548 -7812784.159159 14328744.822810 22621959.783561 59 6
199884 22050337.484482 115281086.458017 438.698883 48 2.815562 14.286366 -7815254.977632 14327971.359821 22621598.694192 59 6
199895 22049415.641830 115281086.458017 434.853455 48 2.815359 14.284241 -7842434.684146 14319474.718462 22617599.294497 59 6
199896 22049331.863334 115281086.458017 436.184052 48 2.815341 14.284060 -7844905.629019 14318703.337865 22617233.220457 59 6
199897 22049247.622408 115281086.458017 438.363495 48 2.815322 14.283877 -7847376.584057 14317932.130875 22616866.731071 59 6
199898 22049163.486183 115281086.458017 438.145844 48 2.815305 14.283696 -7849847.549196 14317161.097505 22616499.826347 59 6
199899 22049079.253982 115281086.458017 438.393341 48 2.815287 14.283515 -7852318.524381 14316390.237766 22616132.506291 59 6
199900 22048994.986881 115281086.458017 438.260742 48 2.815269 14.283208 -7854789.509553 14315619.551670 22615764.770910 59 6
199908 22048325.945533 115281086.458017 436.983795 49 2.815130 14.281759 -7874557.743438 14309460.315477 22612807.937013 59 6
199909 22048242.385165 115281086.458017 435.015472 49 2.815113 14.281578 -7877028.815902 14308691.192688 22612436.464018 59 6
199910 22048158.842248 115281086.458017 435.033264 49 2.815096 14.281272 -7879499.897778 14307922.243658 22612064.575768 59 6
199911 22048075.098653 115281086.458017 436.013214 49 2.815079 14.281091 -7881970.989010 14307153.468397 22611692.272267 59 6
199912 22047991.416134 115281086.458017 435.691772 49 2.815062 14.280910 -7884442.089538 14306384.866917 22611319.553525 59 6
199913 22047907.881941 115281086.458017 435.065796 49 2.815045 14.280729 -7886913.199305 14305616.439229 22610946.419548 59 6
199920 22047323.561400 115281086.458017 433.969269 49 2.814923 14.279339 -7904211.221443 14300242.312594 22608322.855716 59 6
199921 22047240.097009 115281086.458017 435.095886 49 2.814905 14.279159 -7906682.403052 14299475.275656 22607946.400107 59 6
199922 22047156.719868 115281086.458017 434.654999 49 2.814888 14.278979 -7909153.593383 14298708.412613 22607569.529325 59 6
199923 22047073.185676 115281086.458017 435.358093 49 2.814871 14.278798 -7911624.792378 14297941.723476 22607192.243378 59 6
199924 22046989.756185 115281086.458017 434.721649 49 2.814853 14.278618 -7914095.999978 14297175.208257 22606814.542272 59 6
199932 22046324.204880 115281086.458017 433.837646 49 2.814717 14.277052 -7933865.963590 14291049.348919 22603777.988576 59 6
199933 22046241.194195 115281086.458017 432.239746 49 2.814700 14.276872 -7936337.246053 14290284.399465 22603396.551360 59 6
199934 22046158.209684 115281086.458017 431.980408 49 2.814683 14.276692 -7938808.536546 14289519.624042 22603014.699057 59 6
199935 22046075.225174 115281086.458017 431.706604 49 2.814667 14.276513 -7941279.835012 14288755.022659 22602632.431672 59 6
199936 22045992.345365 115281086.458017 431.517303 49 2.814650 14.276333 -7943751.141392 14287990.595329 22602249.749214 59 6
199937 22045909.142726 115281086.458017 433.445099 49 2.814633 14.276154 -7946222.455633 14287226.342062 22601866.651689 59 6
199938 22045825.800487 115281086.458017 434.151489 49 2.814616 14.275846 -7948693.777675 14286462.262869 22601483.139104 59 6
199945 22045245.327719 115281086.458017 430.311249 49 2.814500 14.274591 -7965993.245418 14281118.583582 22598786.929959 59 7
199946 22045162.849264 115281086.458017 429.110260 49 2.814483 14.274412 -7968464.627780 14280355.897389 22598400.097155 59 7
199947 22045080.213758 115281086.458017 430.307190 49 2.814467 14.274233 -7970936.017426 14279593.385371 22598012.849357 59 7
199948 22044997.377575 115281086.458017 431.405273 49 2.814451 14.273927 -7973407.414298 14278831.047538 22597625.186570 59 7
199949 22044914.201112 115281086.458017 432.650970 48 2.814434 14.273747 -7975878.818339 14278068.883901 22597237.108802 59 7
199950 22044831.199151 115281086.458017 432.033936 48 2.814418 14.273568 -7978350.229487 14277306.894472 22596848.616061 59 7
199959 22044088.055453 115281086.458017 430.945129 49 2.814270 14.271832 -8000593.240092 14270456.830820 22593333.508796 59 7
199960 22044005.166919 115281086.458017 431.680450 49 2.814254 14.271653 -8003064.719159 14269696.584074 22592940.866719 59 7
199961 22043922.426712 115281086.458017 431.026154 49 2.814238 14.271475 -8005536.204701 14268936.511657 22592547.809748 59 7
199962 22043839.799931 115281086.458017 430.487122 49 2.814222 14.271297 -8008007.696659 14268176.613581 22592154.337890 59 7
199963 22043756.946297 115281086.458017 431.061340 49 2.814206 14.271118 -8010479.194979 14267416.889853 22591760.451153 59 7
199973 22042934.439009 115281086.458017 427.210693 49 2.814051 14.269208 -8035194.515144 14259829.244282 22587798.767075 59 7
199974 22042852.431711 115281086.458017 426.897156 49 2.814036 14.269031 -8037666.079611 14259071.439127 22587400.317154 59 7
199975 22042770.529114 115281086.458017 426.554871 49 2.814020 14.268853 -8040137.649745 14258313.808452 22587001.452443 59 7
199976 22042688.452014 115281086.458017 427.376923 49 2.814004 14.268546 -8042609.225491 14257556.352268 22586602.172949 59 7
199977 22042605.929935 115281086.458017 429.442871 49 2.813989 14.268369 -8045080.806794 14256799.070584 22586202.478678 59 7
199978 22042523.355504 115281086.458017 429.825470 49 2.813973 14.268191 -8047552.393592 14256041.963413 22585802.369638 59 7
199983 22042031.442591 115281086.458017 426.694305 49 2.813880 14.267126 -8062382.026425 14251502.985784 22583393.005700 59 7
199987 22041785.150218 115281086.458017 427.442352 49 2.813833 14.266465 -8069796.912406 14249235.853740 22582182.724952 59 7
199988 22041703.177820 115281086.458017 427.093445 49 2.813818 14.266289 -8072268.550979 14248480.492283 22581778.468639 59 7
199989 22041621.144347 115281086.458017 427.418884 49 2.813802 14.266110 -8074740.194413 14247725.305456 22581373.797640 59 7
199990 22041539.329001 115281085.958017 425.835114 49 2.813787 14.265934 -8077211.842649 14246970.293270 22580968.711962 59 7
199991 22041457.251902 115281085.958017 426.860474 48 2.813772 14.265758 -8079683.495632 14246215.455734 22580563.211612 59 7
199992 22041375.122452 115281085.958017 427.148865 49 2.813757 14.265579 -8082155.153304 14245460.792860 22580157.296599 59 7
199999 22040801.708297 115281085.958017 427.371857 48 2.813651 14.264214 -8099456.883310 14240183.044189 22577304.281574 59 7
200000 22040719.692274 115281085.958017 426.720245 49 2.813636 14.264036 -8101928.576406 14239429.778988 22576895.049523 59 7
200001 22040637.615175 115281085.958017 427.107361 49 2.813621 14.263860 -8104400.273671 14238676.688544 22576485.402877 59 7
200002 22040555.634052 115281085.958017 426.799042 49 2.813606 14.263683 -8106871.975046 14237923.772867 22576075.341643 59 7
200003 22040473.748905 115281085.958017 426.261444 48 2.813591 14.263507 -8109343.680474 14237171.031968 22575664.865828 59 7
200011 22039820.849008 115281085.958017 423.546814 49 2.813470 14.261967 -8129117.462774 14231155.398047 22572366.135358 59 7
200012 22039739.286690 115281085.958017 424.802032 49 2.813455 14.261791 -8131589.202082 14230404.230615 22571951.928665 59 7
200013 22039657.558596 115281085.958017 425.825897 49 2.813440 14.261615 -8134060.944866 14229653.238064 22571537.307468 59 7
200014 22039575.874126 115281085.958017 425.312836 49 2.813425 14.261309 -8136532.691069 14228902.420405 22571122.271776 59 7
200015 22039494.207107 115281085.958017 425.105591 49 2.813410 14.261133 -8139004.440632 14228151.777648 22570706.821594 59 7
200016 22039412.592439 115281085.958017 424.830505 49 2.813395 14.260958 -8141476.193498 14227401.309803 22570290.956933 59 8
200023 22038843.767691 115281085.958017 421.942719 49 2.813288 14.259727 -8158778.551080 14222152.933345 22567368.299514 59 8
200024 22038762.406051 115281085.958017 423.658844 49 2.813273 14.259422 -8161250.328290 14221403.865172 22566949.119287 59 8
200025 22038680.861184 115281085.958017 424.929443 49 2.813258 14.259247 -8163722.108285 14220654.972004 22566529.524648 59 8
200026 22038599.325041 115281085.958017 424.574341 49 2.813242 14.259071 -8166193.891005 14219906.253851 22566109.515606 59 8
200027 22038517.797624 115281085.958017 424.564728 49 2.813227 14.258896 -8168665.676394 14219157.710724 22565689.092170 59 8
200036 22037788.465774 115281085.958017 423.472717 49 2.813087 14.257189 -8190911.855292 14212428.700444 22561886.634766 59 8
200037 22037707.235010 115281085.958017 422.886963 49 2.813071 14.257014 -8193383.664182 14211681.908132 22561462.067808 59 8
200038 22037626.065322 115281085.958017 422.569214 49 2.813055 14.256840 -8195855.475105 14210935.290956 22561037.086541 59 8
200039 22037544.982885 115281085.958017 422.213806 49 2.813039 14.256664 -8198327.288002 14210188.848929 22560611.690973 59 8
200047 22036898.434868 115281085.958017 421.992218 49 2.812910 14.255136 -8218101.855239 14204223.619245 22557193.612560 59 8
200048 22036817.317531 115281085.958017 421.857300 49 2.812894 14.254963 -8220573.683313 14203478.753994 22556764.488639 59 8
200049 22036736.392146 115281085.958017 420.589996 49 2.812877 14.254788 -8223045.512783 14202734.063990 22556334.950497 59 8
200050 22036655.335885 115281085.958017 421.381500 49 2.812861 14.254614 -8225517.343594 14201989.549244 22555904.998140 59 8
200051 22036574.541377 115281085.958017 420.149994 49 2.812844 14.254439 -8227989.175684 14201245.209766 22555474.631578 59 8
200052 22036493.711968 115281085.958017 420.451935 49 2.812828 14.254266 -8230461.009000 14200501.045565 22555043.850819 59 8
200059 22035929.136348 115281085.958017 420.959015 49 2.812716 14.252916 -8247763.871525 14195296.804787 22552016.788654 59 8
200060 22035848.272039 115281085.958017 419.910614 49 2.812701 14.252743 -8250235.712553 14194554.043161 22551582.694600 59 8
200061 22035767.748010 115281085.958017 418.620117 49 2.812685 14.252568 -8252707.554284 14193811.456902 22551148.186422 59 8
200062 22035687.337406 115281085.958017 418.141541 49 2.812669 14.252263 -8255179.396659 14193069.046020 22550713.264126 59 8
200063 22035607.057679 115281085.958017 417.500122 49 2.812654 14.252090 -8257651.239623 14192326.810524 22550277.927721 59 8
200068 22035203.678446 115281086.458017 420.253906 48 2.812576 14.251222 -8270010.461168 14188618.264200 22548095.034352 59 8
200069 22035122.997364 115281086.458017 419.565247 48 2.812560 14.251048 -8272482.306452 14187877.081224 22547657.213460 59 8
200070 22035042.464610 115281086.458017 419.068054 48 2.812544 14.250875 -8274954.151920 14187136.073704 22547218.978515 59 8
200071 22034962.307034 115281086.458017 417.575104 48 2.812529 14.250702 -8277425.997511 14186395.241648 22546780.329527 59 8
200078 22034401.727515 115281086.458017 417.281586 48 2.812419 14.249358 -8294728.915227 14181214.331104 22543698.194064 59 8
200079 22034321.543764 115281086.458017 417.533020 48 2.812403 14.249185 -8297200.759748 14180474.903112 22543256.233013 59 8
200080 22034241.264037 115281086.458017 417.964569 48 2.812387 14.249012 -8299672.603875 14179735.650670 22542813.857991 59 8
200081 22034161.089012 115281086.458017 418.049500 48 2.812372 14.248707 -8302144.447549 14178996.573790 22542371.069006 59 8
200082 22034081.149565 115281086.458017 416.357178 48 2.812356 14.248534 -8304616.290712 14178257.672482 22541927.866067 59 8
200091 22033362.444897 115281086.458017 417.049927 48 2.812221 14.246849 -8326862.846606 14171615.462995 22537920.413040 59 9
200092 22033282.313497 115281086.458017 416.930237 49 2.812207 14.246676 -8329334.681494 14170878.317920 22537473.071009 60 9
200093 22033202.208272 115281086.458017 416.544098 49 2.812192 14.246504 -8331806.515237 14170141.348520 22537025.315114 60 9
200094 22033122.041972 115281086.458017 416.987000 49 2.812178 14.246332 -8334278.347777 14169404.554805 22536577.145364 60 9
200102 22032484.358665 115281086.458017 413.752441 49 2.812064 14.244823 -8354052.957706 14163516.530931 22532976.889593 60 9
200103 22032405.012525 115281086.458017 413.262634 49 2.812049 14.244652 -8356524.776806 14162781.318811 22532524.995521 60 9
200104 22032325.710011 115281086.458017 413.145264 48 2.812035 14.244479 -8358996.594123 14162046.282471 22532072.687678 60 9
200105 22032246.424946 115281086.458017 413.043671 48 2.812020 14.244308 -8361468.409600 14161311.421920 22531619.966071 60 9
200106 22032166.651276 115281086.458017 415.350739 48 2.812006 14.244136 -8363940.223184 14160576.737167 22531166.830708 60 9
200106 22032086.720554 115281086.458017 416.039093 49 2.812006 14.244136 -8363940.223184 14160576.737167 22531166.830708 60 9
200108 22032006.624054 115281086.458017 416.957245 49 2.811977 14.243793 -8368883.844432 14159107.895091 22530259.318750 60 9
200117 22031292.726921 115281085.958017 413.667938 49 2.811844 14.242118 -8391130.030703 14152506.810276 22526155.036317 60 9
200118 22031213.057952 115281085.958017 414.345398 49 2.811828 14.241946 -8393601.817003 14151774.235830 22525696.936552 60 9
200119 22031133.546035 115281085.958017 413.522125 48 2.811813 14.241776 -8396073.600653 14151041.837303 22525238.423142 60 9
