199376 35976593.757806 187653760.650095 690.975586 49 2.510581 13.656925 -13430018.465042 37701799.383616 13514127.720255 75 202
199377 35976461.336828 187653760.650095 689.930176 49 2.510546 13.656622 -13428634.589956 37701434.000760 13516524.961691 75 202
199378 35976329.168879 187653760.650095 688.295837 49 2.510510 13.656318 -13427250.768560 37701068.417200 13518922.131643 75 202
199379 35976197.123082 187653760.650095 687.768372 49 2.510475 13.656014 -13425867.000886 37700702.632941 13521319.230100 75 202
199380 35976065.086009 187653760.650095 687.686523 49 2.510440 13.655710 -13424483.286960 37700336.647993 13523716.257051 75 202
199381 35975933.005311 187653760.650095 687.940552 49 2.510405 13.655407 -13423099.626812 37699970.462362 13526113.212483 75 202
199382 35975800.654134 187653760.650095 688.778992 50 2.510370 13.655104 -13421716.020470 37699604.076057 13528510.096385 75 202
199386 35975270.184965 187653760.650095 689.540466 50 2.510229 13.653891 -13416182.133810 37698136.524262 13538096.916339 75 202
199387 35975137.912315 187653760.650095 688.743042 49 2.510194 13.653587 -13414798.796944 37697769.134703 13540493.442391 75 202
199388 35975005.534963 187653760.650095 689.231995 49 2.510158 13.653284 -13413415.514061 37697401.544517 13542889.896836 75 202
199389 35974873.454265 187653760.650095 687.730042 50 2.510123 13.652981 -13412032.285191 37697033.753712 13545286.279658 75 202
199395 35974081.685536 187653760.650095 687.594727 49 2.509909 13.651163 -13403734.047914 37694822.796334 13559663.071752 75 202
199396 35973949.753164 187653760.650095 686.504333 50 2.509873 13.650860 -13402351.197947 37694453.601415 13562058.952874 75 202
199397 35973818.108722 187653760.650095 685.234009 50 2.509838 13.650558 -13400968.402226 37694084.205941 13564454.762272 75 202
199398 35973686.429379 187653760.650095 685.216858 50 2.509802 13.650255 -13399585.660781 37693714.609918 13566850.499936 75 203
199402 35973158.028060 187653760.650095 687.709717 49 2.509660 13.649044 -13394055.238377 37692234.220517 13576432.732914 75 203
199404 35972894.259294 187653760.650095 686.696594 49 2.509588 13.648439 -13391290.353560 37691492.822727 13581223.418708 75 203
199405 35972762.361823 187653760.650095 686.380859 50 2.509552 13.648137 -13389907.992856 37691121.823089 13583618.653877 75 203
199406 35972630.516703 187653760.650095 685.835999 50 2.509516 13.647835 -13388525.686661 37690750.622966 13586013.817210 75 203
199407 35972499.099113 187653760.650095 683.927673 49 2.509481 13.647532 -13387143.435005 37690379.222368 13588408.908691 75 203
199413 35971711.274133 187653760.650095 685.338928 49 2.509267 13.645831 -13378851.072058 37688146.609225 13602777.947949 75 203
199414 35971580.031046 187653760.650095 683.323181 49 2.509231 13.645530 -13377469.202986 37687773.805513 13605172.536134 75 203
199415 35971448.709432 187653760.650095 683.617004 49 2.509195 13.645227 -13376087.388684 37687400.801387 13607567.052370 75 203
199416 35971317.501245 187653760.650095 684.089905 49 2.509159 13.644926 -13374705.629184 37687027.596857 13609961.496642 75 203
199417 35971186.266882 187653760.650095 683.624390 49 2.509124 13.644624 -13373323.924514 37686654.191930 13612355.868939 75 203
199418 35971055.259373 187653760.650095 682.665771 49 2.509089 13.644322 -13371942.274703 37686280.586614 13614750.169247 75 203
199426 35970007.984555 187653761.150095 682.147888 49 2.508810 13.641911 -13360891.054700 37683284.531062 13633901.978532 75 203
199427 35969877.029396 187653761.150095 682.067932 49 2.508775 13.641609 -13359509.899934 37682909.122606 13636295.630380 75 203
199428 35969746.126588 187653761.150095 682.370178 49 2.508741 13.641308 -13358128.800318 37682533.513842 13638689.210113 75 203
199429 35969615.284855 187653761.150095 681.453796 49 2.508706 13.641006 -13356747.755883 37682157.704778 13641082.717718 75 203
199430 35969484.329696 187653761.150095 681.757751 49 2.508672 13.640705 -13355366.766657 37681781.695420 13643476.153185 75 203
199437 35968570.697371 187653761.150095 681.084473 49 2.508431 13.638598 -13345701.390445 37679144.022421 13660228.180361 75 203
199438 35968440.396595 187653761.150095 678.859619 49 2.508397 13.638298 -13344320.843945 37678766.411014 13662621.038250 75 203
199439 35968310.270321 187653761.150095 678.130920 49 2.508362 13.637998 -13342940.352918 37678388.599387 13665013.823884 75 203
199440 35968180.117872 187653761.150095 678.060486 49 2.508328 13.637696 -13341559.917391 37678010.587549 13667406.537251 75 203
199441 35968049.991599 187653761.150095 677.730835 49 2.508294 13.637396 -13340179.537394 37677632.375506 13669799.178340 75 203
199442 35967919.594846 187653761.150095 679.544312 50 2.508261 13.637095 -13338799.212955 37677253.963268 13672191.747139 75 203
199446 35967397.606483 187653761.150095 679.100220 49 2.508125 13.635893 -13333278.471425 37675738.312535 13681761.299081 75 203
199447 35967267.480210 187653761.150095 677.239807 49 2.508091 13.635592 -13331898.425221 37675358.899441 13684153.506231 75 203
199448 35967137.772741 187653761.150095 676.494141 49 2.508057 13.635292 -13330518.434752 37674979.286200 13686545.641010 75 203
199449 35967007.829695 187653761.150095 676.404663 49 2.508023 13.634993 -13329138.500046 37674599.472820 13688937.703411 75 203
199450 35966877.843023 187653761.150095 676.140076 49 2.507988 13.634692 -13327758.621132 37674219.459309 13691329.693420 75 203
199451 35966747.297944 187653761.150095 679.144897 49 2.507954 13.634392 -13326378.798037 37673839.245676 13693721.611028 75 203
199456 35966096.526974 187653761.150095 677.385803 49 2.507782 13.633004 -13319480.520967 37671935.175971 13705680.112440 75 203
199457 35965966.679903 187653761.150095 676.377502 49 2.507747 13.632705 -13318101.033417 37671553.761774 13708071.595345 75 203
199458 35965837.094587 187653761.150095 674.967712 49 2.507713 13.632404 -13316721.601893 37671172.147512 13710463.005754 75 203
199459 35965707.439469 187653761.150095 674.950928 49 2.507679 13.632105 -13315342.226424 37670790.333193 13712854.343658 75 203
199460 35965577.845427 187653761.150095 674.826416 49 2.507644 13.631805 -13313962.907039 37670408.318825 13715245.609042 75 203
199465 35964928.287247 187653761.150095 676.795898 49 2.507474 13.630307 -13307067.152437 37668495.246547 13727200.847653 75 203
199466 35964798.667029 187653761.150095 675.356628 49 2.507441 13.630008 -13305688.170167 37668112.032056 13729591.677658 75 203
199467 35964668.924660 187653761.150095 675.832947 49 2.507407 13.629708 -13304309.244184 37667728.617574 13731982.435055 75 203
199468 35964539.095040 187653761.150095 675.716858 49 2.507374 13.629410 -13302930.374517 37667345.003108 13734373.119833 75 203
199469 35964409.649325 187653761.150095 673.830505 49 2.507340 13.629109 -13301551.561199 37666961.188667 13736763.731975 75 203
199475 35963633.324038 187653761.150095 674.705078 49 2.507137 13.627315 -13293279.866240 37664654.103018 13751105.878736 75 203
199476 35963503.852148 187653761.150095 673.644836 49 2.507103 13.627016 -13291901.448160 37664268.888981 13753495.982095 75 203
199477 35963374.711812 187653761.150095 672.171143 48 2.507069 13.626717 -13290523.086660 37663883.475035 13755886.012716 75 204
199478 35963245.606376 187653761.150095 671.902710 48 2.507035 13.626418 -13289144.781768 37663497.861188 13758275.970592 75 204
199479 35963116.579466 187653761.150095 671.575806 49 2.507002 13.626120 -13287766.533514 37663112.047448 13760665.855707 75 204
199484 35962470.432803 187653761.150095 671.952515 48 2.506833 13.624626 -13280876.142869 37661179.980659 13772614.189369 75 204
199485 35962341.746172 187653761.150095 670.925110 48 2.506800 13.624327 -13279498.235052 37660792.967736 13775003.637661 75 204
199486 35962213.234044 187653761.150095 670.612610 49 2.506766 13.624028 -13278120.384076 37660405.754979 13777393.013104 76 204
199487 35962084.652114 187653761.150095 670.483154 49 2.506732 13.623730 -13276742.589971 37660018.342395 13779782.315688 76 204
199488 35961956.087635 187653761.150095 669.994690 48 2.506698 13.623431 -13275364.852764 37659630.729992 13782171.545398 76 204
199489 35961827.165427 187653761.150095 671.857239 48 2.506664 13.623134 -13273987.172485 37659242.917779 13784560.702225 76 204
199490 35961569.338459 187653761.150095 672.257263 49 2.506597 13.622537 -13271231.982880 37658466.693972 13789338.797082 76 204
199494 35961182.545658 187653760.650095 670.895447 49 2.506494 13.621642 -13267099.626084 37657300.859870 13796505.392547 76 204
199495 35961053.902653 187653760.650095 669.765625 49 2.506460 13.621344 -13265722.287988 37656911.848972 13798894.111793 76 204
199496 35960925.364349 187653760.650095 669.405701 49 2.506426 13.621046 -13264345.007023 37656522.638322 13801282.758066 76 204
199497 35960796.695169 187653760.650095 669.976624 49 2.506392 13.620748 -13262967.783220 37656133.227929 13803671.331352 76 204
199498 35960668.060889 187653760.650095 669.830444 49 2.506358 13.620450 -13261590.616607 37655743.617801 13806059.831639 76 204
199499 35960539.042704 187653760.650095 671.519897 49 2.506324 13.620266 -13260213.507211 37655353.807945 13808448.258918 76 204
199504 35959894.885366 187653760.650095 669.944397 49 2.506151 13.618776 -13253328.819599 37653401.763074 13820389.299591 76 204
199505 35959766.364512 187653760.650095 668.993896 49 2.506117 13.618479 -13251952.054133 37653010.755034 13822777.288530 76 204
199506 35959637.642981 187653760.650095 669.562866 49 2.506082 13.618181 -13250575.346089 37652619.547326 13825165.204370 76 204
199507 35959508.956351 187653760.650095 669.156433 49 2.506048 13.617885 -13249198.695497 37652228.139957 13827553.047096 76 204
199514 35958610.802369 187653761.150095 668.757080 48 2.505806 13.615803 -13239563.752521 37649482.698626 13844265.897851 76 204
199515 35958482.133188 187653761.150095 669.320862 49 2.505771 13.615506 -13238187.562593 37649089.694281 13846653.155220 76 204
199516 35958353.673410 187653761.150095 668.605896 49 2.505737 13.615209 -13236811.430379 37648696.490352 13849040.339362 76 204
199517 35958225.414310 187653761.150095 668.047913 49 2.505702 13.614911 -13235435.355909 37648303.086848 13851427.450263 76 204
199524 35957329.397980 187653761.150095 664.651794 49 2.505461 13.612833 -13225804.453924 37645543.674918 13868135.174710 76 204
199525 35957201.697286 187653761.150095 664.932007 49 2.505426 13.612536 -13224428.842446 37645148.675111 13870521.699240 76 204
199526 35957073.699939 187653761.150095 666.584412 49 2.505392 13.612240 -13223053.288971 37644753.475804 13872908.150419 76 204
199527 35956945.405938 187653761.150095 667.480530 48 2.505358 13.611943 -13221677.793528 37644358.077005 13875294.528236 76 204
199528 35956817.295165 187653761.150095 666.339966 48 2.505324 13.611647 -13220302.356148 37643962.478724 13877680.832673 76 204
199536 35955796.256749 187653761.150095 665.664001 49 2.505055 13.609276 -13209300.950921 37640790.512123 13896768.624936 76 204
199537 35955668.529881 187653761.150095 665.294556 49 2.505021 13.608979 -13207926.037414 37640393.118878 13899154.268402 76 204
199538 35955541.117116 187229935.005920 664.365723 49 2.504988 13.608684 -13206551.182261 37639995.526234 13901539.838362 76 204
199539 35955413.564749 187229935.005920 664.150208 49 2.504955 13.608387 -13205176.385490 37639597.734201 13903925.334806 76 204
199546 35954522.417030 187229934.505920 663.978516 49 2.504719 13.606431 -13195554.445288 37636807.607798 13920621.750288 76 204
199547 35954394.725061 187229934.505920 664.258972 49 2.504685 13.606135 -13194180.116618 37636408.220956 13923006.658147 76 204
199548 35954267.076719 187229934.505920 663.827209 49 2.504651 13.605840 -13192805.846591 37636008.634801 13925391.492376 76 204
199549 35954139.681404 187229934.505920 662.600281 49 2.504617 13.605544 -13191431.635239 37635608.849342 13927776.252959 76 204
199556 35953251.517672 187229934.505920 659.178711 49 2.504384 13.603477 -13181813.801106 37632804.771355 13944467.513873 76 205
199557 35953124.628413 187229934.505920 660.887512 49 2.504351 13.603181 -13180440.060180 37632403.391772 13946851.684857 76 205
199558 35952997.503577 187229934.505920 662.098389 49 2.504318 13.602886 -13179066.378187 37632001.812962 13949235.782088 76 205
199559 35952870.326390 187229934.505920 661.766113 49 2.504284 13.602591 -13177692.755156 37631600.034934 13951619.805550 76 205
199560 35952743.515658 187229934.505920 660.247925 49 2.504251 13.602295 -13176319.191119 37631198.057696 13954003.755228 76 205
199566 35951983.994931 187229934.505920 660.727295 49 2.504051 13.600526 -13168079.047405 37628782.011365 13968305.903080 76 205
199567 35951857.411051 187229934.505920 659.983276 48 2.504018 13.600231 -13166705.897123 37628378.639901 13970689.335934 76 205
199568 35951730.748646 187229934.505920 660.018433 48 2.503984 13.599936 -13165332.806065 37627975.069296 13973072.694906 76 205
199569 35951604.147316 187229934.505920 659.694946 49 2.503951 13.599642 -13163959.774259 37627571.299558 13975455.979983 76 205
199570 35951477.641963 187229934.505920 658.884094 49 2.503918 13.599347 -13162586.801736 37627167.330698 13977839.191152 76 205
199579 35950341.859641 187229934.505920 657.855469 49 2.503624 13.596697 -13150232.721562 37623522.651843 13999284.763652 76 205
199580 35950215.624766 187229934.505920 657.884338 49 2.503591 13.596402 -13148860.343453 37623116.692224 14001667.235053 76 205
199581 35950089.608018 187229934.505920 656.568848 49 2.503558 13.596108 -13147488.024946 37622710.533577 14004049.632406 76 205
199582 35949963.582546 187229934.505920 656.712891 49 2.503526 13.595815 -13146115.766069 37622304.175911 14006431.955701 76 205
199583 35949837.321495 187229934.505920 657.810242 49 2.503493 13.595520 -13144743.566850 37621897.619234 14008814.204926 76 205
199591 35948829.972776 187229934.505920 655.564575 49 2.503233 13.593285 -13133768.124355 37618638.002495 14027869.530547 76 205
199592 35948703.903678 187229934.505920 655.401184 49 2.503201 13.592992 -13132396.463369 37618229.655113 14030251.112564 76 205
199593 35948577.764779 187229934.505920 655.990723 49 2.503169 13.592698 -13131024.862332 37617821.108808 14032632.620385 76 205
199594 35948452.035960 187229934.505920 654.119629 49 2.503136 13.592404 -13129653.321275 37617412.363589 14035014.053994 76 205
199595 35948326.595070 187229934.505920 653.092773 49 2.503104 13.592111 -13128281.840225 37617003.419464 14037395.413377 76 205
199596 35948201.093104 187229934.505920 653.106384 48 2.503072 13.591817 -13126910.419211 37616594.276442 14039776.698527 76 205
199597 35948075.626038 187229934.505920 652.900024 48 2.503040 13.591524 -13125539.058261 37616184.934532 14042157.909428 76 205
199604 35947197.286778 187229934.505920 652.024780 49 2.502815 13.589471 -13115941.215903 37613313.973032 14058824.305667 76 205
199605 35947071.758637 187229934.505920 653.679443 49 2.502784 13.589177 -13114570.336512 37612903.040329 14061204.922137 76 205
199606 35946946.125795 187229934.505920 654.611267 49 2.502751 13.588884 -13113199.517445 37612491.908817 14063585.464247 76 205
199607 35946820.632554 187229934.505920 653.904114 49 2.502719 13.588592 -13111828.758733 37612080.578504 14065965.931983 76 205
199608 35946695.305090 187229934.505920 653.498291 49 2.502686 13.588299 -13110458.060405 37611669.049399 14068346.325332 76 205
199613 35945945.443058 187229934.505920 650.615906 49 2.502492 13.586541 -13102235.140164 37609195.700654 14082627.122511 76 205
199616 35945695.241836 187229934.505920 652.866943 49 2.502428 13.585957 -13099494.651108 37608369.661132 14087386.792612 76 205
199617 35945570.071424 187229934.505920 651.998779 49 2.502395 13.585664 -13098124.497531 37607956.343297 14089766.515922 76 205
199618 35945444.822487 187229934.505920 652.285767 49 2.502363 13.585371 -13096754.404626 37607542.826759 14092146.164720 76 205
199619 35945319.529923 187229934.505920 652.017090 49 2.502330 13.585078 -13095384.372423 37607129.111526 14094525.738994 76 205
199627 35944320.941213 187229934.505920 650.114685 49 2.502069 13.582740 -13084426.303591 37603812.237736 14113559.648685 76 205
199628 35944195.901678 187229934.505920 650.657654 49 2.502037 13.582448 -13083056.819005 37603396.734650 14115938.551673 76 205
199629 35944070.879593 187229934.505920 650.607239 49 2.502004 13.582156 -13081687.395409 37602981.032957 14118317.380011 76 205
199630 35943946.206512 187229934.505920 649.094788 49 2.501971 13.581982 -13080318.032835 37602565.132668 14120696.133684 76 206
199631 35943821.402555 187229934.505920 649.782959 48 2.501938 13.581690 -13078948.731308 37602149.033791 14123074.812683 76 206
199638 35942950.470913 187229934.505920 649.137573 49 2.501709 13.579647 -13069365.332483 37599230.781947 14139723.473600 76 206
199639 35942825.789107 187229934.505920 648.770142 49 2.501677 13.579355 -13067996.520388 37598813.094686 14142101.554744 76 206
199640 35942701.168377 187229934.505920 648.399231 49 2.501645 13.579063 -13066627.769603 37598395.208916 14144479.561099 76 206
199641 35942576.870476 187229934.505920 646.814026 49 2.501613 13.578773 -13065259.080157 37597977.124647 14146857.492650 76 206
199642 35942452.686001 187229934.505920 645.961304 48 2.501581 13.578481 -13063890.452078 37597558.841889 14149235.349387 76 206
199649 35941582.696671 187229934.505920 644.988159 49 2.501355 13.576442 -13054311.776276 37594625.305629 14165878.250630 76 206
199650 35941459.000802 187229934.505920 644.481201 49 2.501323 13.576150 -13052943.640174 37594205.435274 14168255.508403 76 206
199651 35941335.392185 187229934.505920 644.325867 49 2.501291 13.575859 -13051575.565700 37593785.366510 14170632.691249 76 206
199652 35941211.783568 187229934.505920 644.331421 49 2.501259 13.575568 -13050207.552882 37593365.099345 14173009.799156 76 206
199653 35941087.572918 187229934.505920 647.561157 49 2.501227 13.575277 -13048839.601747 37592944.633789 14175386.832115 76 206
199654 35940963.641471 187229934.505920 646.198120 49 2.500942 13.574986 -13047471.712325 37592523.969850 14177763.790109 76 206
199659 35940344.734599 187229934.505920 645.077454 49 2.500844 13.573532 -13040633.191992 37590417.674755 14189647.455075 76 206
199660 35940221.134707 187229934.505920 643.629150 49 2.500814 13.573241 -13039265.673461 37589995.820712 14192023.963016 76 206
199661 35940097.595890 187229934.505920 643.093079 49 2.500785 13.572951 -13037898.216847 37589573.768350 14194400.395905 76 206
199662 35939974.179225 187229934.505920 642.708435 49 2.500755 13.572660 -13036530.822178 37589151.517678 14196776.753728 76 206
199663 35939850.814911 187229934.505920 642.904968 49 2.500725 13.572370 -13035163.489482 37588729.068705 14199153.036473 76 206
199664 35939727.153943 187229934.505920 644.731873 49 2.500696 13.572079 -13033796.218788 37588306.421439 14201529.244130 76 206
199671 35938861.387565 187229934.505920 643.123169 49 2.500493 13.570046 -13024227.062479 37585342.339177 14218160.594070 76 206
199672 35938737.988350 187229934.505920 642.723328 49 2.500464 13.569757 -13022860.288846 37584918.105901 14220536.200554 76 206
199673 35938614.388458 187229934.505920 643.660706 49 2.500436 13.569466 -13021493.577475 37584493.674414 14222911.731836 76 206
199674 35938491.006694 187229934.505920 642.546875 49 2.500407 13.569295 -13020126.928396 37584069.044726 14225287.187902 76 206
199675 35938367.895407 187229934.505920 641.092407 49 2.500379 13.569005 -13018760.341638 37583644.216846 14227662.568737 76 206
199682 35937505.540547 187229934.505920 641.960327 49 2.500175 13.566976 -13009195.981776 37580664.873078 14244288.127055 76 206
199683 35937382.359460 187229934.505920 641.619690 49 2.500146 13.566686 -13007829.894619 37580238.459986 14246662.905614 76 206
199684 35937259.056222 187229934.505920 641.479553 49 2.500118 13.566396 -13006463.870041 37579811.848784 14249037.608833 76 206
199685 35937135.796609 187229934.505920 641.219666 49 2.500091 13.566107 -13005097.908072 37579385.039481 14251412.236698 76 206
199686 35937012.641697 187229934.505920 640.791199 49 2.500063 13.565817 -13003732.008742 37578958.032085 14253786.789196 76 206
199693 35936152.869469 187229934.505920 640.211914 49 2.499864 13.563790 -12994172.469769 37575963.434523 14270406.545265 76 206
199694 35936030.229339 187229934.505920 638.374939 49 2.499836 13.563501 -12992807.072580 37575534.842721 14272780.494378 76 206
199695 35935907.754985 187229934.505920 637.436829 49 2.499807 13.563212 -12991441.738290 37575106.052908 14275154.368010 76 206
199696 35935785.315533 187229934.505920 637.302307 49 2.499779 13.562923 -12990076.466926 37574677.065095 14277528.166150 76 206
199697 35935662.876080 187229934.505920 637.275146 49 2.499750 13.562634 -12988711.258517 37574247.879291 14279901.888786 76 206
199698 35935540.576229 187229934.505920 636.945862 49 2.499722 13.562345 -12987346.113093 37573818.495505 14282275.535903 76 206
199699 35935418.189127 187229934.505920 637.385559 49 2.499693 13.562056 -12985981.030680 37573388.913745 14284649.107493 76 206
199705 35934681.920815 187229934.505920 637.927917 49 2.499523 13.560323 -12977791.861130 37570807.266282 14298888.950135 76 207
199706 35934559.708215 187229934.505920 636.108765 49 2.499494 13.560034 -12976427.220615 37570376.298969 14301261.992666 76 207
199707 35934437.670117 187229934.505920 635.154358 49 2.499465 13.559745 -12975062.643343 37569945.133757 14303634.959566 76 207
199708 35934315.570943 187229934.505920 635.295044 48 2.499436 13.559456 -12973698.129344 37569513.770654 14306007.850824 76 207
199709 35934193.672447 187229934.505920 634.893738 48 2.499407 13.559168 -12972333.678646 37569082.209671 14308380.666426 76 207
199710 35934071.686700 187229934.505920 635.626282 48 2.499377 13.558879 -12970969.291277 37568650.450816 14310753.406361 76 207
199711 35933949.212347 187229934.505920 637.489197 48 2.499348 13.558590 -12969604.967266 37568218.494098 14313126.070621 76 207
199717 35933216.416628 187229934.505920 635.138245 49 2.499174 13.556860 -12961420.355399 37565622.599214 14327360.466089 76 207
199718 35933094.788611 187229934.505920 633.872253 49 2.499145 13.556572 -12960056.475707 37565189.257719 14329732.600232 76 207
199719 35932973.160593 187229934.505920 633.518616 49 2.499116 13.556403 -12958692.659605 37564755.718435 14332104.658593 76 207
199720 35932851.584926 187229934.505920 633.250000 49 2.499087 13.556115 -12957328.907122 37564321.981372 14334476.641162 76 207
199721 35932729.799857 187229934.505920 634.519897 49 2.499058 13.555827 -12955965.218283 37563888.046539 14336848.547927 76 207
199722 35932607.726858 187229934.505920 635.938538 49 2.499027 13.555539 -12954601.593119 37563453.913945 14339220.378877 76 207
199730 35931633.934908 187229934.505920 634.451782 49 2.498791 13.553236 -12943694.887648 37559973.734947 14358192.295414 76 207
199731 35931512.167288 187229934.505920 634.109192 49 2.498761 13.552948 -12942331.836861 37559537.822926 14360563.443436 76 207
199732 35931390.390944 187229934.505920 633.758545 49 2.498732 13.552661 -12940968.850038 37559101.713238 14362934.515515 76 207
199733 35931268.736751 187229934.505920 633.329285 49 2.498703 13.552373 -12939605.927208 37558665.405892 14365305.511638 76 207
199734 35931147.065108 187229934.505920 633.245300 49 2.498673 13.552086 -12938243.068398 37558228.900897 14367676.431792 76 207
199736 35930783.350219 187229934.505920 631.148132 49 2.498584 13.551224 -12934154.876442 37556918.200131 14374788.736219 76 207
199742 35930176.300770 187229934.505920 631.732910 49 2.498433 13.549787 -12927342.506201 37554729.746720 14386641.056553 76 207
199743 35930054.821079 187229934.505920 632.204712 49 2.498404 13.549500 -12925980.224878 37554291.463306 14389011.292428 76 207
199744 35929933.332663 187229934.505920 631.757019 49 2.498373 13.549212 -12924618.007863 37553852.982337 14391381.452208 76 207
199745 35929811.992574 187229934.505920 630.956970 49 2.498343 13.548925 -12923255.855187 37553414.303822 14393751.535882 76 207
199746 35929690.844437 187229934.505920 630.263977 49 2.498312 13.548638 -12921893.766878 37552975.427771 14396121.543435 76 207
199754 35928723.456716 187229934.505920 630.945862 49 2.498066 13.546343 -12910999.381114 37549457.309194 14415078.861981 76 207
199755 35928602.509257 187229934.505920 630.068787 49 2.498035 13.546056 -12909637.873399 37549016.655737 14417448.183901 76 207
199756 35928481.518173 187229934.505920 630.153320 49 2.498005 13.545770 -12908276.430338 37548575.804838 14419817.429578 76 207
199757 35928360.614339 187229934.505920 629.780823 49 2.497974 13.545483 -12906915.051960 37548134.756506 14422186.598997 76 207
199758 35928239.727956 187229934.505920 629.266602 49 2.497944 13.545197 -12905553.738294 37547693.510750 14424555.692147 76 207
199759 35928119.146951 187229934.505920 627.813904 49 2.497914 13.544909 -12904192.489369 37547252.067581 14426924.709013 76 207
199765 35927395.451521 187229935.005920 628.724243 49 2.497733 13.543312 -12896026.357033 37544599.263413 14441137.207509 76 207
199766 35927275.018843 187229935.005920 626.798950 49 2.497703 13.543026 -12894665.562097 37544156.438609 14443505.690052 76 207
199767 35927154.813018 187229935.005920 626.307068 49 2.497673 13.542740 -12893304.832132 37543713.416467 14445874.096213 76 207
199768 35927034.650819 187229935.005920 626.088501 49 2.497643 13.542454 -12891944.167167 37543270.196996 14448242.425979 76 207
199769 35926914.392643 187229935.005920 627.028320 49 2.497614 13.542168 -12890583.567230 37542826.780206 14450610.679338 76 207
199770 35926793.768013 187229935.005920 628.256226 49 2.497584 13.541882 -12889223.032347 37542383.166105 14452978.856282 76 207
199771 35926673.108483 187229935.005920 628.792297 49 2.497554 13.541595 -12887862.562549 37541939.354703 14455346.956794 76 207
199779 35925710.615548 187229935.005920 631.159668 49 2.497324 13.539309 -12876981.150755 37538381.761829 14474289.007731 76 208
199780 35925590.732552 187229934.505920 625.006653 48 2.497294 13.539022 -12875621.268022 37537936.175151 14476656.419788 76 208
199781 35925470.788480 187229934.505920 625.283813 48 2.497263 13.538737 -12874261.450661 37537490.391268 14479023.755288 76 208
199784 35925110.319333 187229934.505920 626.082336 49 2.497173 13.537881 -12870182.391152 37536151.856495 14486125.302236 76 208
199785 35924990.183308 187229934.505920 626.289429 49 2.497143 13.537595 -12868822.835569 37535705.283885 14488492.331385 76 208
199786 35924870.343938 187229934.505920 624.692078 49 2.497113 13.537310 -12867463.345503 37535258.514117 14490859.283911 76 208
199787 35924750.722696 187229934.505920 623.588196 49 2.497083 13.537024 -12866103.920983 37534811.547202 14493226.159805 76 208
199788 35924631.057827 187229934.505920 623.412415 49 2.497054 13.536739 -12864744.562037 37534364.383148 14495592.959053 76 208
199789 35924511.375509 187229934.505920 623.214783 49 2.497027 13.536453 -12863385.268693 37533917.021964 14497959.681645 76 208
199790 35924391.728091 187229934.505920 623.106323 49 2.497000 13.536168 -12862026.040980 37533469.463661 14500326.327568 76 208
199791 35924271.801470 187229934.505920 624.409302 49 2.496972 13.535883 -12860666.878926 37533021.708248 14502692.896810 76 208
199792 35924151.927199 187229934.505920 624.119202 49 2.496944 13.535598 -12859307.782561 37532573.755735 14505059.389357 76 208
199793 35924031.948227 187229934.505920 624.387329 49 2.496915 13.535313 -12857948.751912 37532125.606131 14507425.805198 76 208
199794 35923911.995430 187229934.505920 624.235901 49 2.496886 13.535028 -12856589.787010 37531677.259445 14509792.144319 76 208
199795 35923792.356737 187229934.505920 623.065796 49 2.496857 13.534742 -12855230.887884 37531228.715688 14512158.406706 76 208
199803 35922836.102255 187229935.005920 623.771912 49 2.496620 13.532463 -12844362.066261 37527633.272228 14531085.741845 76 208
199804 35922716.472288 187229935.005920 623.010681 49 2.496591 13.532179 -12843003.760398 37527182.955260 14533451.313079 76 208
199805 35922596.789969 187229935.005920 622.634888 49 2.496562 13.531894 -12841645.520597 37526732.441315 14535816.807457 76 208
199806 35922477.465380 187229935.005920 620.859924 49 2.496533 13.531610 -12840287.346887 37526281.730405 14538182.224963 76 208
199807 35922358.228043 187229935.005920 620.546265 49 2.496505 13.531324 -12838929.239297 37525830.822540 14540547.565585 76 208
199817 35921166.561398 187229935.005920 619.364075 49 2.496210 13.528604 -12825351.806309 37521310.913433 14564196.740442 76 208
199818 35921047.681790 187229935.005920 618.489258 49 2.496181 13.528319 -12823994.427923 37520857.839686 14566561.234532 76 208
199819 35920928.610229 187229935.005920 620.279114 49 2.496150 13.528035 -12822637.115999 37520404.569100 14568925.651592 76 208
199820 35920809.695720 187229935.005920 619.626587 49 2.496120 13.527751 -12821279.870568 37519951.101683 14571289.991605 76 208
199821 35920690.615434 187229935.005920 620.137451 49 2.496090 13.527467 -12819922.691657 37519497.437445 14573654.254563 76 208
199822 35920571.700926 187229935.005920 619.060791 49 2.496061 13.527183 -12818565.579295 37519043.576396 14576018.440449 76 208
199823 35920452.864943 187229935.005920 618.393188 48 2.496031 13.526899 -12817208.533512 37518589.518546 14578382.549253 76 208
199832 35919384.702215 187229935.005920 617.940063 49 2.495760 13.524345 -12804998.122253 37514494.143453 14599656.057624 77 208
199833 35919265.796431 187229935.005920 619.118408 49 2.495731 13.524062 -12803641.743825 37514038.118123 14602019.394918 77 208
199834 35919146.986623 187229935.005920 618.523621 49 2.495701 13.523779 -12802285.432290 37513581.896099 14604382.654993 77 208
199835 35919028.202991 187229935.005920 618.512024 49 2.495671 13.523495 -12800929.187676 37513125.477391 14606745.837835 77 208
199845 35917845.950739 187229935.005920 616.044983 49 2.495375 13.520662 -12787370.428617 37508550.474826 14630373.415602 77 209
199846 35917727.551012 187229935.005920 616.509827 49 2.495347 13.520379 -12786014.922035 37508091.893232 14632735.748062 77 209
199847 35917609.308337 187229935.005920 615.819275 49 2.495318 13.520097 -12784659.482719 37507633.115071 14635098.003139 77 209
199848 35917491.187813 187229935.005920 615.625305 49 2.495288 13.519814 -12783304.110698 37507174.140353 14637460.180821 77 209
199849 35917373.049839 187229935.005920 615.819519 49 2.495259 13.519530 -12781948.805999 37506714.969087 14639822.281096 77 209
199850 35917254.990391 187229935.005920 615.162415 49 2.495230 13.519248 -12780593.568652 37506255.601284 14642184.303951 77 209
199857 35916430.982384 187229935.005920 613.732361 49 2.495027 13.517392 -12771108.795525 37503034.524449 14658716.295029 77 209
199858 35916313.062537 187229935.005920 614.759705 49 2.494998 13.517110 -12769754.098020 37502573.584698 14661077.698077 77 209
199859 35916195.177591 187229935.005920 614.359924 49 2.494969 13.516828 -12768399.468123 37502112.448497 14663439.023592 77 209
199859 35916077.249020 187229935.005920 614.128479 49 2.494969 13.516828 -12768399.468123 37502112.448497 14663439.023592 77 209
199868 35915137.188340 187229934.505920 612.661926 49 2.494702 13.514287 -12756210.846239 37497953.384125 14684687.462125 77 209
199869 35915019.408096 187229934.505920 612.824890 49 2.494672 13.514005 -12754856.894005 37497490.283975 14687048.011635 77 209
199870 35914901.732552 187229934.505920 612.953674 49 2.494641 13.513722 -12753503.009695 37497026.987485 14689408.483474 77 209
199871 35914784.083184 187229934.505920 612.806030 49 2.494611 13.513440 -12752149.193338 37496563.494664 14691768.877631 77 209
199872 35914666.573418 187229934.505920 612.113220 49 2.494581 13.513158 -12750795.444961 37496099.805522 14694129.194094 77 209
199880 35913730.194734 187229934.505920 610.966248 49 2.494344 13.510903 -12739967.908758 37492383.226057 14713008.927186 77 209
199881 35913612.981621 187229934.505920 610.541016 49 2.494315 13.510622 -12738614.773497 37491917.770476 14715368.543838 77 209
199882 35913495.724883 187229934.505920 610.756104 49 2.494286 13.510341 -12737261.706502 37491452.118674 14717728.082670 77 209
199883 35913378.599022 187229934.505920 609.924011 49 2.494257 13.510059 -12735908.707802 37490986.270660 14720087.543671 77 209
199884 35913261.316108 187229934.505920 610.316345 49 2.494227 13.509777 -12734555.777426 37490520.226444 14722446.926828 77 209
199895 35911977.128410 187229934.505920 605.988037 49 2.493906 13.506682 -12719678.060907 37485380.793653 14748395.000164 77 209
199896 35911860.499879 187229934.505920 607.233765 49 2.493877 13.506402 -12718325.952648 37484912.395799 14750753.448217 77 209
199897 35911743.382743 187229934.505920 609.396606 49 2.493849 13.506246 -12716973.913081 37484443.801872 14753111.818269 77 209
199898 35911626.274332 187229934.505920 609.122375 49 2.493820 13.505964 -12715621.942239 37483975.011884 14755470.110301 77 209
199899 35911509.157195 187229934.505920 609.308411 49 2.493791 13.505683 -12714270.040149 37483506.025844 14757828.324303 77 209
199900 35911392.109860 187229934.505920 609.144958 49 2.493762 13.505403 -12712918.206839 37483036.843762 14760186.460261 77 209
199908 35910460.625962 187229934.505920 607.479492 49 2.493537 13.503157 -12702106.019976 37479276.330844 14779048.736740 77 209
199909 35910344.320261 187229934.505920 605.475708 49 2.493510 13.502876 -12700754.806982 37478805.384842 14781406.169741 77 209
199910 35910228.066910 187229934.505920 605.439148 49 2.493482 13.502596 -12699403.663055 37478334.242898 14783763.524574 77 209
199911 35910111.604157 187229934.505920 606.396667 49 2.493454 13.502316 -12698052.588222 37477862.905023 14786120.801227 77 209
199912 35909995.193755 187229934.505920 606.001831 49 2.493426 13.502035 -12696701.582513 37477391.371227 14788477.999688 77 210
199913 35909879.001480 187229934.505920 605.342957 49 2.493398 13.501754 -12695350.645956 37476919.641521 14790835.119941 77 210
199920 35909066.117987 187229934.505920 603.908081 49 2.493201 13.499792 -12685896.028765 37473612.048938 14807332.770822 77 210
199921 35908950.012963 187229934.505920 604.998596 49 2.493173 13.499512 -12684545.646451 37473138.752308 14809689.264982 77 210
199922 35908834.003916 187229934.505920 604.501709 49 2.493145 13.499232 -12683195.333547 37472665.259858 14812045.680825 77 210
199923 35908717.855266 187229934.505920 605.168579 49 2.493116 13.498952 -12681845.090079 37472191.571599 14814402.018338 77 210
199924 35908601.767693 187229934.505920 604.488159 49 2.493088 13.498672 -12680494.916077 37471717.687539 14816758.277509 77 210
199932 35907675.623562 187229935.005920 603.222534 49 2.492866 13.496433 -12669696.028313 37467919.567514 14835605.528941 77 210
199933 35907560.085670 187229935.005920 601.591980 49 2.492838 13.496154 -12668346.480788 37467443.921714 14837961.082464 77 210
199934 35907444.600129 187229935.005920 601.264709 49 2.492811 13.495874 -12666997.003014 37466968.080217 14840316.557521 77 210
199935 35907329.166939 187229935.005920 600.955811 49 2.492783 13.495594 -12665647.595020 37466492.043031 14842671.954097 77 210
199936 35907213.847175 187229935.005920 600.711182 49 2.492756 13.495315 -12664298.256834 37466015.810167 14845027.272181 77 210
199937 35907098.195857 187229935.005920 602.600525 49 2.492728 13.495035 -12662948.988484 37465539.381636 14847382.511763 77 210
199938 35906982.431112 187229935.005920 603.261292 49 2.492701 13.494756 -12661599.789997 37465062.757447 14849737.672829 77 210
199945 35906175.297466 187229935.005920 599.104004 49 2.492509 13.492927 -12652157.359267 37461720.910590 14866221.600659 77 210
199946 35906060.483758 187229935.005920 597.842346 49 2.492481 13.492647 -12650808.720729 37461242.721510 14868576.133135 77 210
199947 35905945.451923 187229935.005920 599.012634 49 2.492454 13.492368 -12649460.152312 37460764.336863 14870930.586983 77 210
199948 35905830.254310 187229935.005920 600.034729 49 2.492427 13.492089 -12648111.654043 37460285.756660 14873284.962192 77 210
199949 35905714.812395 187229935.005920 601.246277 49 2.492400 13.491810 -12646763.225952 37459806.980912 14875639.258749 77 210
199950 35905599.518806 187229935.005920 600.602600 49 2.492373 13.491530 -12645414.868068 37459328.009629 14877993.476639 77 210
199959 35904565.706832 187229935.005920 599.072510 49 2.492129 13.489021 -12633282.811184 37455008.470722 14899177.895493 77 210
199960 35904450.517944 187229935.005920 599.769775 49 2.492101 13.488743 -12631935.156934 37454527.544653 14901531.326035 77 210
199961 35904335.477384 187229935.005920 599.071228 49 2.492074 13.488464 -12630587.573205 37454046.423162 14903884.677773 77 210
199962 35904220.550250 187229935.005920 598.512695 49 2.492048 13.488186 -12629240.060024 37453565.106260 14906237.950695 77 210
199963 35904105.474789 187229935.005920 599.014771 49 2.492021 13.487906 -12627892.617420 37453083.593955 14908591.144790 77 210
199973 35902960.365326 187229935.005920 594.699890 49 2.491758 13.485124 -12614422.079441 37448257.726118 14932118.747332 77 210
199974 35902846.162376 187229935.005920 594.378052 49 2.491731 13.484845 -12613075.415064 37447774.065077 14934471.073492 77 210
199975 35902732.037952 187229935.005920 593.967896 49 2.491705 13.484568 -12611728.821606 37447290.208759 14936823.320674 77 210
199976 35902617.843727 187229935.005920 594.749756 49 2.491679 13.484289 -12610382.299094 37446806.157174 14939175.488867 77 210
199977 35902503.187071 187229935.005920 596.777039 49 2.491652 13.484012 -12609035.847555 37446321.910330 14941527.578061 77 210
199978 35902388.486790 187229935.005920 597.096069 49 2.491626 13.483733 -12607689.467019 37445837.468240 14943879.588241 77 210
199983 35901703.836222 187229935.005920 593.689697 49 2.491468 13.482066 -12599612.676542 37442926.716120 14957989.989204 77 211
199987 35901361.279723 187229935.005920 594.309875 49 2.491389 13.481360 -12595575.242128 37441468.705059 14965044.122028 77 211
199988 35901247.181474 187229935.005920 593.922119 48 2.491363 13.481082 -12594229.573195 37440982.311072 14967395.341375 77 211
199989 35901133.030875 187229935.005920 594.188477 49 2.491336 13.480804 -12592883.975578 37440495.721952 14969746.481571 77 211
199990 35901019.220554 187229934.505920 592.573425 49 2.491310 13.480527 -12591538.449307 37440008.937710 14972097.542600 77 211
199991 35900905.157206 187229934.505920 593.557678 49 2.491285 13.480249 -12590192.994408 37439521.958357 14974448.524455 77 211
199992 35900791.015332 187229934.505920 593.797058 49 2.491258 13.479972 -12588847.610911 37439034.783901 14976799.427122 77 211
199999 35899993.915561 187229934.505920 593.703918 49 2.491077 13.478031 -12579431.928120 37435619.100770 14993253.527365 77 211
200000 35899879.983089 187229934.505920 593.011108 49 2.491051 13.477754 -12578087.116859 37435130.365879 14995603.796075 77 211
200001 35899765.954642 187229934.505920 593.346436 49 2.491025 13.477477 -12576742.377255 37434641.435979 14997953.985485 77 211
200002 35899652.013445 187229934.505920 593.000793 49 2.490999 13.477200 -12575397.709337 37434152.311083 15000304.095582 77 211
200003 35899538.246750 187229934.505920 592.418518 49 2.490974 13.476923 -12574053.113134 37433662.991200 15002654.126352 77 211
200011 35898630.748177 187229934.505920 589.343750 49 2.490767 13.474708 -12563298.928687 37429741.413896 15021451.515203 77 211
200012 35898517.382837 187229934.505920 590.558228 49 2.490741 13.474431 -12561954.979191 37429250.339605 15023800.831484 77 211
200013 35898403.773195 187229934.505920 591.523438 49 2.490715 13.474154 -12560611.101691 37428759.070432 15026150.068317 77 211
200014 35898290.285703 187229934.505920 590.993347 49 2.490689 13.473877 -12559267.296218 37428267.606387 15028499.225687 77 211
200015 35898176.824388 187229934.505920 590.720825 50 2.490663 13.473600 -12557923.562800 37427775.947481 15030848.303583 77 211
200016 35898063.397972 187229934.505920 590.396545 50 2.490637 13.473324 -12556579.901465 37427284.093725 15033197.301992 77 211
200023 35897272.327252 187229934.505920 587.205688 49 2.490456 13.471389 -12547176.292899 37423835.662526 15049638.064071 77 211
200024 35897159.188765 187229934.505920 588.886169 49 2.490429 13.471113 -12545833.209253 37423342.250345 15051986.426137 77 211
200025 35897045.884501 187229934.505920 590.104309 49 2.490404 13.470837 -12544490.197944 37422848.643409 15054334.708606 77 211
200026 35896932.606413 187229934.505920 589.702271 49 2.490378 13.470560 -12543147.259002 37422354.841727 15056682.911463 77 211
200027 35896819.337049 187229934.505920 589.659851 49 2.490352 13.470284 -12541804.392456 37421860.845311 15059031.034697 77 211
200036 35895804.502186 187229934.505920 588.158508 49 2.490116 13.467928 -12529721.856076 37417406.116277 15080160.558585 77 211
200037 35895691.599278 187229934.505920 587.541382 49 2.490089 13.467652 -12528379.715044 37416910.173097 15082507.884900 77 211
200038 35895578.739994 187229934.505920 587.168335 49 2.490063 13.467377 -12527037.646718 37416414.035298 15084855.131456 77 211
200039 35895465.976687 187229934.505920 586.770203 49 2.490036 13.467101 -12525695.651129 37415917.702892 15087202.298239 77 211
200047 35894567.177047 187229934.505920 586.190308 49 2.489822 13.464896 -12514962.308362 37411940.039065 15105976.759096 77 212
200048 35894454.500991 187229934.505920 586.039490 49 2.489795 13.464621 -12513620.968668 37411441.955668 15108323.207370 77 212
200049 35894342.086689 187229934.505920 584.696289 49 2.489768 13.464345 -12512279.701994 37410943.677770 15110669.575745 77 212
200050 35894229.646211 187229934.505920 585.469543 49 2.489741 13.464069 -12510938.508367 37410445.205381 15113015.864212 77 212
200051 35894117.415135 187229934.505920 584.183167 49 2.489715 13.463795 -12509597.387817 37409946.538512 15115362.072756 77 212
200052 35894005.131709 187229934.505920 584.448853 49 2.489688 13.463519 -12508256.340371 37409447.677174 15117708.201367 77 212
200059 35893220.718247 187229934.505920 584.644958 49 2.489501 13.461594 -12498871.057590 37405950.203578 15134128.862362 77 212
200060 35893108.434821 187229934.505920 583.546570 49 2.489475 13.461318 -12497530.595994 37405449.786868 15136474.351059 77 212
200061 35892996.509124 187229934.505920 582.215637 49 2.489450 13.461043 -12496190.207759 37404949.175785 15138819.759707 77 212
200062 35892884.749204 187229934.505920 581.725159 49 2.489423 13.460769 -12494849.892911 37404448.370340 15141165.088297 77 212
200063 35892773.163787 187229934.505920 580.997192 49 2.489397 13.460493 -12493509.651479 37403947.370543 15143510.336815 77 212
200068 35892212.959447 187229935.005920 583.552490 49 2.489266 13.459119 -12486809.546582 37401439.456668 15155235.377854 77 212
200069 35892100.990125 187229935.005920 582.814514 49 2.489240 13.458844 -12485469.746235 37400937.290984 15157580.145695 77 212
200070 35891989.108054 187229935.005920 582.295288 49 2.489214 13.458570 -12484130.019502 37400434.931022 15159924.833379 77 212
200071 35891877.566262 187229935.005920 580.732422 49 2.489187 13.458295 -12482790.366412 37399932.376795 15162269.440892 77 212
200078 35891097.777107 187229935.005920 580.142578 49 2.489004 13.456503 -12473414.859185 37396409.058673 15178679.447607 77 212
200079 35890986.322566 187229935.005920 580.376038 49 2.488978 13.456229 -12472075.796248 37395904.950703 15181023.413320 77 212
200080 35890874.763324 187229935.005920 580.739807 49 2.488951 13.455955 -12470736.807207 37395400.648563 15183367.298753 77 212
200081 35890763.256433 187229935.005920 580.782349 49 2.488925 13.455680 -12469397.892091 37394896.152265 15185711.103892 77 212
200082 35890652.072371 187229935.005920 579.043762 49 2.488899 13.455406 -12468059.050930 37394391.461819 15188054.828724 77 212
200091 35889652.523899 187229935.005920 579.367920 49 2.488668 13.452939 -12456012.813078 37389840.512953 15209144.736324 77 212
200092 35889541.208960 187229935.005920 579.205811 49 2.488644 13.452665 -12454674.713000 37389333.881621 15211487.657421 77 212
200093 35889429.937646 187229935.005920 578.761902 49 2.488618 13.452392 -12453336.687186 37388827.056261 15213830.498076 77 212
200094 35889318.657608 187229935.005920 579.167725 49 2.488593 13.452118 -12451998.735664 37388320.036882 15216173.258278 77 212
200102 35888432.169096 187229935.005920 575.612732 50 2.488394 13.449929 -12441297.801465 37384256.898522 15234912.441936 77 212
200103 35888321.787744 187229935.005920 575.067505 49 2.488369 13.449655 -12439960.519848 37383748.133468 15237254.477486 77 212
200104 35888211.441292 187229935.005920 574.908691 49 2.488344 13.449382 -12438623.312806 37383239.174505 15239596.432459 77 212
200105 35888101.086115 187229935.005920 574.762085 49 2.488319 13.449108 -12437286.180367 37382730.021643 15241938.306841 77 212
200106 35887990.277232 187229935.005920 577.022644 49 2.488294 13.448834 -12435949.122557 37382220.674892 15244280.100623 77 212
200106 35887879.267672 187229935.005920 577.665283 49 2.488294 13.448834 -12435949.122557 37382220.674892 15244280.100623 77 213
200108 35887768.135961 187229935.005920 578.530457 49 2.488244 13.448288 -12433275.230940 37381201.399768 15248963.446335 77 213
200117 35886775.358173 187229934.505920 574.876892 49 2.488015 13.445829 -12421246.420444 37376605.067164 15270034.508797 77 213
200118 35886664.749968 187229934.505920 575.530823 49 2.487990 13.445557 -12419910.260411 37376093.394607 15272375.334381 77 213
200119 35886554.324990 187229934.505920 574.632446 49 2.487964 13.445284 -12418574.175377 37375581.528305 15274716.079200 77 213
