199376 21759430.08 113194626.701104 -2756.88 43 3.764 20.544 -13376333.83 22468696.52 -3964511.94 40 170
199377 21759955.46 113194626.701104 -2758.05 43 3.765 20.547 -13376431.53 22468090.62 -3967613.78 40 170
199378 21760481.14 113194626.701104 -2759.96 43 3.765 20.549 -13376529.09 22467484.37 -3970715.53 40 170
199379 21761006.76 113194626.701104 -2760.68 42 3.766 20.552 -13376626.53 22466877.77 -3973817.19 40 170
199380 21761532.43 113194626.701104 -2760.99 43 3.767 20.555 -13376723.84 22466270.82 -3976918.77 40 170
199381 21762057.56 113194626.701104 -2760.86 43 3.767 20.558 -13376821.01 22465663.51 -3980020.26 40 170
199382 21762582.28 113194626.701104 -2760.23 42 3.768 20.561 -13376918.06 22465055.86 -3983121.67 40 170
199386 21764681.08 113194626.701104 -2760.30 43 3.770 20.573 -13377304.98 22462621.74 -3995526.43 40 170
199387 21765206.75 113194626.701104 -2761.30 43 3.771 20.576 -13377401.39 22462012.34 -3998627.41 40 170
199388 21765732.66 113194626.701104 -2761.03 43 3.772 20.579 -13377497.67 22461402.58 -4001728.30 40 170
199389 21766258.72 113194626.701104 -2762.70 43 3.772 20.583 -13377593.82 22460792.47 -4004829.10 40 170
199395 21769413.80 113194626.701104 -2764.05 43 3.776 20.601 -13378168.05 22457124.47 -4023432.11 40 170
199396 21769940.00 113194626.701104 -2765.28 43 3.777 20.604 -13378263.30 22456511.91 -4026532.31 40 170
199397 21770466.06 113194626.701104 -2766.89 43 3.777 20.607 -13378358.43 22455899.00 -4029632.42 40 170
199398 21770992.74 113194626.701104 -2767.06 43 3.778 20.610 -13378453.43 22455285.74 -4032732.45 40 170
199402 21773097.87 113194627.201104 -2765.16 42 3.780 20.622 -13378832.16 22452829.19 -4045131.68 40 170
199404 21774150.69 113194627.201104 -2766.68 43 3.782 20.628 -13379020.76 22451598.81 -4051330.77 40 170
199405 21774676.89 113194627.201104 -2767.28 43 3.782 20.631 -13379114.87 22450983.09 -4054430.19 40 170
199406 21775203.20 113194627.201104 -2768.06 42 3.783 20.634 -13379208.85 22450367.02 -4057529.51 40 170
199407 21775730.20 113194627.201104 -2770.08 43 3.784 20.637 -13379302.70 22449750.61 -4060628.75 40 170
199413 21778894.91 113194627.201104 -2769.93 43 3.787 20.655 -13379863.16 22446044.74 -4079222.36 40 170
199414 21779423.07 113194627.201104 -2772.10 43 3.788 20.658 -13379956.12 22445425.86 -4082320.98 40 170
199415 21779951.14 113194627.201104 -2772.03 43 3.789 20.661 -13380048.96 22444806.64 -4085419.52 40 170
199416 21780479.00 113194627.201104 -2771.70 43 3.789 20.664 -13380141.67 22444187.07 -4088517.97 40 170
199417 21781006.85 113194627.201104 -2772.44 43 3.790 20.667 -13380234.25 22443567.14 -4091616.33 40 170
199418 21781534.92 113194627.201104 -2773.59 43 3.791 20.670 -13380326.71 22442946.87 -4094714.61 39 170
199426 21785761.69 113194627.201104 -2775.67 43 3.796 20.694 -13381061.81 22437972.03 -4119497.61 39 170
199427 21786290.24 113194627.201104 -2775.94 43 3.796 20.697 -13381153.12 22437348.60 -4122595.09 39 170
199428 21786818.58 113194627.201104 -2775.80 43 3.797 20.700 -13381244.32 22436724.82 -4125692.48 39 170
199429 21787347.42 113194627.201104 -2777.07 43 3.798 20.703 -13381335.38 22436100.68 -4128789.78 39 170
199430 21787876.05 113194627.201104 -2776.79 43 3.798 20.706 -13381426.32 22435476.20 -4131886.99 39 170
199437 21791578.26 113194627.201104 -2778.87 43 3.803 20.728 -13382059.37 22431094.97 -4153564.97 39 170
199438 21792107.76 113194627.201104 -2781.37 43 3.804 20.731 -13382149.31 22430467.68 -4156661.46 39 170
199439 21792637.52 113194627.201104 -2782.26 43 3.804 20.734 -13382239.11 22429840.04 -4159757.87 39 170
199440 21793166.94 113194627.201104 -2782.43 43 3.805 20.737 -13382328.80 22429212.04 -4162854.18 39 170
199441 21793696.35 113194627.201104 -2783.09 43 3.805 20.740 -13382418.35 22428583.70 -4165950.41 39 170
199442 21794225.46 113194627.201104 -2781.49 43 3.806 20.743 -13382507.78 22427955.00 -4169046.55 39 170
199446 21796342.52 113194627.201104 -2782.61 43 3.809 20.755 -13382864.25 22425436.70 -4181430.20 39 170
199447 21796873.12 113194627.201104 -2784.74 43 3.809 20.758 -13382953.05 22424806.25 -4184525.89 39 170
199448 21797403.02 113194627.201104 -2785.64 43 3.810 20.761 -13383041.73 22424175.45 -4187621.48 39 170
199449 21797932.90 113194627.201104 -2785.94 43 3.811 20.764 -13383130.28 22423544.30 -4190716.99 39 170
199450 21798462.80 113194627.201104 -2786.47 43 3.811 20.767 -13383218.71 22422912.79 -4193812.41 39 170
199451 21798992.28 113194627.201104 -2783.60 43 3.812 20.770 -13383307.01 22422280.94 -4196907.73 39 170
199456 21801641.68 113194627.201104 -2786.34 43 3.815 20.785 -13383746.65 22419116.39 -4212383.01 39 170
199457 21802171.94 113194627.201104 -2787.50 43 3.816 20.789 -13383834.20 22418482.43 -4215477.79 39 170
199458 21802702.56 113194627.201104 -2789.14 44 3.816 20.792 -13383921.63 22417848.12 -4218572.48 39 170
199459 21803233.19 113194627.201104 -2789.32 44 3.817 20.795 -13384008.93 22417213.45 -4221667.08 39 170
199460 21803763.86 113194627.201104 -2789.66 44 3.818 20.798 -13384096.11 22416578.44 -4224761.59 39 170
199465 21806417.59 113194627.201104 -2788.59 43 3.821 20.813 -13384530.14 22413398.09 -4240232.77 39 170
199466 21806948.55 113194627.201104 -2790.34 43 3.822 20.816 -13384616.57 22412760.97 -4243326.74 39 170
199467 21807479.27 113194627.201104 -2789.95 43 3.822 20.819 -13384702.88 22412123.50 -4246420.61 39 170
199468 21808010.17 113194627.201104 -2790.31 43 3.823 20.822 -13384789.06 22411485.67 -4249514.39 39 170
199469 21808541.32 113194627.201104 -2792.46 43 3.824 20.825 -13384875.12 22410847.50 -4252608.08 39 170
199475 21811729.44 113194627.201104 -2792.76 43 3.828 20.844 -13385388.88 22407011.07 -4271168.28 39 170
199476 21812260.87 113194627.201104 -2793.85 43 3.828 20.847 -13385474.07 22406370.43 -4274261.32 39 170
199477 21812792.27 113194627.201104 -2795.66 43 3.829 20.850 -13385559.13 22405729.45 -4277354.27 39 170
199478 21813324.10 113194627.201104 -2796.11 43 3.830 20.853 -13385644.08 22405088.11 -4280447.13 39 170
199479 21813856.23 113194627.201104 -2796.54 43 3.830 20.856 -13385728.90 22404446.42 -4283539.90 39 170
199484 21816515.83 113194626.701104 -2797.21 43 3.834 20.871 -13386151.15 22401232.71 -4299002.36 39 170
199485 21817048.30 113194626.701104 -2798.36 43 3.834 20.874 -13386235.22 22400588.92 -4302094.57 39 170
199486 21817580.60 113194626.701104 -2798.88 43 3.835 20.878 -13386319.18 22399944.77 -4305186.69 39 170
199487 21818112.96 113194626.701104 -2799.30 43 3.835 20.881 -13386403.01 22399300.27 -4308278.72 39 170
199488 21818645.48 113194626.701104 -2799.92 43 3.836 20.884 -13386486.72 22398655.42 -4311370.66 39 170
199489 21819177.66 113194626.701104 -2798.22 43 3.837 20.887 -13386570.31 22398010.22 -4314462.50 39 170
199490 21820242.58 113194626.701104 -2798.22 43 3.838 20.893 -13386737.11 22396718.77 -4320645.90 39 170
199494 21821841.05 113194626.701104 -2800.13 43 3.840 20.902 -13386986.39 22394778.95 -4329920.31 39 170
199495 21822374.55 113194626.701104 -2801.46 43 3.841 20.905 -13387069.24 22394131.64 -4333011.60 39 170
199496 21822907.94 113194626.701104 -2802.04 43 3.841 20.908 -13387151.96 22393483.98 -4336102.79 39 170
199497 21823440.98 113194626.701104 -2801.66 43 3.842 20.911 -13387234.57 22392835.97 -4339193.88 39 170
199498 21823973.64 113194626.701104 -2802.05 43 3.843 20.915 -13387317.05 22392187.60 -4342284.88 39 170
199499 21824505.82 113194626.701104 -2800.39 43 3.843 20.917 -13387399.40 22391538.89 -4345375.79 39 170
199504 21827171.58 113194626.701104 -2802.97 43 3.847 20.933 -13387809.35 22388290.04 -4360828.93 39 170
199505 21827705.35 113194626.701104 -2804.17 43 3.847 20.936 -13387890.97 22387639.22 -4363919.28 39 170
199506 21828239.30 113194626.701104 -2803.77 43 3.848 20.939 -13387972.47 22386988.04 -4367009.53 39 170
199507 21828772.91 113194626.701104 -2804.33 43 3.849 20.942 -13388053.85 22386336.52 -4370099.69 39 170
199514 21832511.43 113194627.201104 -2806.14 43 3.853 20.964 -13388620.06 22381765.99 -4391728.16 39 170
199515 21833045.36 113194627.201104 -2805.77 42 3.854 20.967 -13388700.46 22381111.65 -4394817.56 39 170
199516 21833579.66 113194627.201104 -2806.65 42 3.855 20.970 -13388780.74 22380456.96 -4397906.87 39 170
199517 21834113.98 113194627.201104 -2807.32 43 3.855 20.973 -13388860.90 22379801.92 -4400996.08 39 170
199524 21837856.99 113194627.201104 -2812.09 43 3.860 20.995 -13389418.59 22375206.79 -4422617.91 39 170
199525 21838392.52 113194627.201104 -2812.01 43 3.861 20.998 -13389497.77 22374548.94 -4425706.37 39 170
199526 21838927.45 113194627.201104 -2810.51 42 3.861 21.001 -13389576.84 22373890.73 -4428794.72 39 170
199527 21839462.35 113194627.201104 -2809.92 43 3.862 21.004 -13389655.78 22373232.17 -4431882.99 39 170
199528 21839997.73 113194627.201104 -2811.11 43 3.863 21.007 -13389734.60 22372573.26 -4434971.15 39 170
199536 21844281.34 113194627.201104 -2813.37 42 3.868 21.032 -13390360.80 22367289.34 -4459673.04 39 170
199537 21844816.66 113194627.201104 -2813.87 42 3.869 21.035 -13390438.53 22366627.26 -4462760.34 39 170
199538 21845352.55 113194626.701104 -2815.07 42 3.869 21.039 -13390516.14 22365964.84 -4465847.55 39 170
199539 21845888.19 113194626.701104 -2815.36 42 3.870 21.042 -13390593.63 22365302.06 -4468934.66 39 170
199546 21849640.89 113194626.701104 -2816.92 43 3.875 21.063 -13391132.68 22360652.77 -4490541.74 38 170
199547 21850176.89 113194626.701104 -2816.81 43 3.875 21.067 -13391209.21 22359987.18 -4493628.08 38 170
199548 21850712.95 113194626.701104 -2817.39 43 3.876 21.070 -13391285.62 22359321.24 -4496714.32 38 170
199549 21851249.22 113194626.701104 -2818.92 43 3.877 21.073 -13391361.90 22358654.94 -4499800.46 38 170
199556 21855008.37 113194626.701104 -2823.56 43 3.882 21.095 -13391892.54 22353981.03 -4521400.76 38 170
199557 21855545.21 113194626.701104 -2822.10 43 3.882 21.098 -13391967.86 22353311.93 -4524486.13 38 170
199558 21856082.04 113194626.701104 -2820.98 43 3.883 21.101 -13392043.07 22352642.47 -4527571.40 38 170
199559 21856618.57 113194626.701104 -2821.50 43 3.884 21.104 -13392118.16 22351972.65 -4530656.57 38 170
199560 21857155.62 113194626.701104 -2823.28 42 3.884 21.107 -13392193.12 22351302.49 -4533741.64 38 170
199566 21860381.39 113194626.701104 -2823.89 43 3.888 21.126 -13392640.41 22347274.12 -4552250.04 38 170
199567 21860919.03 113194626.701104 -2824.83 43 3.889 21.129 -13392714.54 22346601.49 -4555334.42 38 170
199568 21861456.58 113194626.701104 -2824.95 43 3.890 21.132 -13392788.55 22345928.51 -4558418.72 38 170
199569 21861994.28 113194626.701104 -2825.49 43 3.890 21.135 -13392862.45 22345255.18 -4561502.91 38 170
199570 21862532.50 113194626.701104 -2826.50 42 3.891 21.139 -13392936.22 22344581.50 -4564587.00 38 170
199579 21867379.05 113194626.701104 -2829.15 42 3.897 21.167 -13393594.82 22338502.51 -4592339.42 38 170
199580 21867917.72 113194626.701104 -2829.33 42 3.898 21.170 -13393667.41 22337825.31 -4595422.53 38 170
199581 21868456.38 113194626.701104 -2830.79 42 3.899 21.173 -13393739.87 22337147.76 -4598505.53 38 170
199582 21868994.88 113194626.701104 -2830.86 42 3.899 21.176 -13393812.22 22336469.85 -4601588.44 38 170
199583 21869533.32 113194626.701104 -2829.91 43 3.900 21.180 -13393884.45 22335791.59 -4604671.25 38 170
199591 21873847.01 113194626.701104 -2833.65 42 3.905 21.205 -13394458.02 22330352.86 -4629330.16 38 170
199592 21874386.51 113194626.701104 -2834.01 42 3.906 21.208 -13394529.18 22329671.43 -4632412.07 38 170
199593 21874925.78 113194626.701104 -2833.61 42 3.907 21.211 -13394600.23 22328989.65 -4635493.89 38 170
199594 21875465.40 113194626.701104 -2835.61 42 3.907 21.214 -13394671.15 22328307.52 -4638575.60 38 170
199595 21876005.36 113194626.701104 -2836.86 42 3.908 21.217 -13394741.97 22327625.04 -4641657.22 38 170
199596 21876545.16 113194626.701104 -2837.04 42 3.909 21.220 -13394812.66 22326942.20 -4644738.73 38 170
199597 21877085.21 113194626.701104 -2837.47 42 3.910 21.224 -13394883.23 22326259.02 -4647820.15 38 170
199604 21880864.91 113194626.701104 -2839.55 43 3.914 21.246 -13395373.96 22321466.85 -4669387.24 38 170
199605 21881405.00 113194626.701104 -2838.11 43 3.915 21.249 -13395443.60 22320780.85 -4672467.86 38 170
199606 21881944.68 113194626.701104 -2837.31 42 3.916 21.252 -13395513.11 22320094.50 -4675548.37 38 170
199607 21882484.57 113194626.701104 -2838.22 42 3.916 21.255 -13395582.51 22319407.79 -4678628.78 38 170
199608 21883024.81 113194626.701104 -2838.76 42 3.917 21.259 -13395651.80 22318720.73 -4681709.09 38 170
199613 21886269.67 113194626.701104 -2842.76 42 3.921 21.278 -13396065.03 22314590.98 -4700188.82 38 170
199616 21887351.12 113194626.701104 -2840.83 42 3.923 21.284 -13396201.84 22313211.58 -4706347.92 38 170
199617 21887891.86 113194626.701104 -2841.91 42 3.923 21.287 -13396270.07 22312521.35 -4709427.32 38 170
199618 21888432.67 113194626.701104 -2841.82 42 3.924 21.290 -13396338.18 22311830.76 -4712506.62 38 170
199619 21888973.35 113194626.701104 -2842.31 42 3.925 21.293 -13396406.18 22311139.83 -4715585.82 38 170
199627 21893305.03 113194626.701104 -2845.64 42 3.930 21.319 -13396945.95 22305599.68 -4740215.72 38 170
199628 21893846.23 113194626.701104 -2845.28 42 3.931 21.322 -13397012.90 22304905.58 -4743294.00 38 170
199629 21894387.65 113194626.701104 -2845.46 42 3.932 21.325 -13397079.73 22304211.12 -4746372.17 38 170
199630 21894929.36 113194626.701104 -2847.21 42 3.932 21.328 -13397146.45 22303516.32 -4749450.25 38 170
199631 21895470.88 113194626.701104 -2846.64 41 3.933 21.332 -13397213.05 22302821.16 -4752528.22 38 170
199638 21899266.46 113194626.701104 -2848.55 42 3.938 21.354 -13397676.00 22297945.17 -4774071.15 38 170
199639 21899808.70 113194626.701104 -2849.09 42 3.939 21.357 -13397741.68 22297247.19 -4777148.30 38 170
199640 21900350.93 113194626.701104 -2849.68 42 3.939 21.360 -13397807.23 22296548.86 -4780225.35 38 170
199641 21900893.71 113194626.701104 -2851.40 42 3.940 21.363 -13397872.67 22295850.18 -4783302.29 38 170
199642 21901436.70 113194626.701104 -2852.49 42 3.941 21.367 -13397938.00 22295151.14 -4786379.13 38 170
199649 21905235.47 113194626.701104 -2854.68 42 3.946 21.389 -13398392.05 22290248.03 -4807914.13 38 170
199650 21905778.37 113194626.701104 -2855.38 42 3.946 21.392 -13398456.46 22289546.17 -4810990.15 38 170
199651 21906321.29 113194626.701104 -2855.75 42 3.947 21.395 -13398520.75 22288843.97 -4814066.06 38 170
199652 21906864.50 113194626.701104 -2855.89 42 3.948 21.399 -13398584.92 22288141.41 -4817141.86 38 170
199653 21907407.10 113194626.701104 -2852.76 42 3.949 21.402 -13398648.98 22287438.50 -4820217.57 38 170
199654 21907950.24 113194626.701104 -2854.42 42 3.949 21.405 -13398712.92 22286735.23 -4823293.17 38 170
199659 21910667.22 113194626.701104 -2856.37 42 3.952 21.421 -13399030.92 22283213.63 -4838669.60 38 170
199660 21911210.94 113194626.701104 -2858.05 42 3.953 21.424 -13399094.17 22282508.25 -4841744.58 38 170
199661 21911755.19 113194626.701104 -2858.68 42 3.954 21.427 -13399157.32 22281802.52 -4844819.45 38 170
199662 21912299.47 113194626.701104 -2859.29 42 3.955 21.431 -13399220.34 22281096.43 -4847894.21 38 170
199663 21912843.72 113194626.701104 -2859.28 42 3.955 21.434 -13399283.25 22280390.00 -4850968.87 38 170
199664 21913387.77 113194626.701104 -2857.59 42 3.956 21.437 -13399346.05 22279683.21 -4854043.43 38 170
199671 21917197.58 113194626.701104 -2860.45 43 3.961 21.460 -13399782.43 22274725.83 -4875562.39 37 170
199672 21917741.73 113194626.701104 -2861.05 43 3.962 21.463 -13399844.32 22274016.22 -4878636.11 37 170
199673 21918286.03 113194626.701104 -2860.21 42 3.962 21.466 -13399906.09 22273306.26 -4881709.72 37 170
199674 21918830.72 113194626.701104 -2861.58 42 3.963 21.469 -13399967.74 22272595.94 -4884783.23 37 170
199675 21919375.48 113194626.701104 -2863.14 42 3.964 21.472 -13400029.28 22271885.28 -4887856.63 37 170
199682 21923189.83 113194626.701104 -2863.54 42 3.969 21.495 -13400456.89 22266900.75 -4909367.50 37 170
199683 21923735.02 113194626.701104 -2864.03 42 3.970 21.498 -13400517.53 22266187.27 -4912440.06 37 170
199684 21924280.46 113194626.701104 -2864.34 42 3.970 21.501 -13400578.05 22265473.43 -4915512.51 37 170
199685 21924825.76 113194626.701104 -2864.81 42 3.971 21.505 -13400638.45 22264759.24 -4918584.85 37 170
199686 21925370.93 113194626.701104 -2865.40 43 3.972 21.508 -13400698.74 22264044.69 -4921657.09 37 170
199693 21929190.06 113194626.701104 -2867.19 42 3.977 21.530 -13401117.63 22259033.02 -4943159.80 37 170
199694 21929735.87 113194626.701104 -2869.16 42 3.978 21.534 -13401177.01 22258315.66 -4946231.19 37 170
199695 21930282.31 113194626.701104 -2870.36 43 3.978 21.537 -13401236.29 22257597.94 -4949302.47 37 170
199696 21930828.75 113194626.701104 -2870.67 43 3.979 21.540 -13401295.45 22256879.87 -4952373.65 37 170
199697 21931375.20 113194626.701104 -2870.84 43 3.980 21.543 -13401354.50 22256161.45 -4955444.72 37 170
199698 21931921.78 113194626.701104 -2871.34 42 3.980 21.547 -13401413.44 22255442.67 -4958515.68 37 170
199699 21932468.29 113194626.701104 -2871.03 42 3.981 21.550 -13401472.26 22254723.55 -4961586.53 37 170
199705 21935745.16 113194626.701104 -2871.56 43 3.986 21.569 -13401822.85 22250401.38 -4980009.42 37 170
199706 21936291.69 113194626.701104 -2873.57 43 3.986 21.572 -13401880.88 22249679.79 -4983079.53 37 170
199707 21936838.48 113194626.701104 -2874.68 42 3.987 21.576 -13401938.81 22248957.84 -4986149.52 37 170
199708 21937385.54 113194626.701104 -2874.76 42 3.988 21.579 -13401996.62 22248235.54 -4989219.42 37 170
199709 21937932.70 113194626.701104 -2875.29 42 3.988 21.582 -13402054.32 22247512.89 -4992289.20 37 170
199710 21938480.12 113194626.701104 -2874.74 42 3.989 21.585 -13402111.91 22246789.88 -4995358.88 37 170
199711 21939027.10 113194626.701104 -2873.05 42 3.990 21.589 -13402169.39 22246066.52 -4998428.44 37 170
199717 21942310.05 113194626.701104 -2876.41 43 3.994 21.608 -13402511.89 22241718.96 -5016843.59 37 170
199718 21942857.96 113194626.701104 -2877.89 43 3.995 21.611 -13402568.59 22240993.14 -5019912.40 37 170
199719 21943405.52 113194626.701104 -2878.37 43 3.996 21.615 -13402625.17 22240266.96 -5022981.10 37 170
199720 21943953.30 113194626.701104 -2878.86 43 3.996 21.618 -13402681.64 22239540.42 -5026049.70 37 170
199721 21944500.94 113194626.701104 -2877.74 43 3.997 21.621 -13402738.00 22238813.54 -5029118.19 37 170
199722 21945048.64 113194626.701104 -2876.46 43 3.998 21.625 -13402794.25 22238086.30 -5032186.57 37 170
199730 21949432.49 113194626.701104 -2879.31 42 4.004 21.650 -13403240.21 22232255.69 -5056729.70 37 170
199731 21949980.57 113194626.701104 -2879.83 42 4.004 21.654 -13403295.46 22231525.28 -5059797.10 37 170
199732 21950528.70 113194626.701104 -2880.35 42 4.005 21.657 -13403350.60 22230794.51 -5062864.39 37 170
199733 21951076.95 113194626.701104 -2880.96 42 4.006 21.660 -13403405.62 22230063.40 -5065931.57 37 170
199734 21951625.37 113194626.701104 -2881.26 42 4.007 21.664 -13403460.53 22229331.93 -5068998.64 37 170
199736 21953270.98 113194626.701104 -2883.82 43 4.009 21.673 -13403624.61 22227135.39 -5078199.21 37 170
199742 21956013.83 113194626.701104 -2884.08 42 4.013 21.690 -13403895.85 22223467.45 -5093531.30 37 170
199743 21956562.68 113194626.701104 -2883.78 42 4.013 21.693 -13403949.77 22222732.81 -5096597.38 37 170
199744 21957111.56 113194626.701104 -2884.38 42 4.014 21.696 -13404003.58 22221997.81 -5099663.36 37 170
199745 21957660.55 113194626.701104 -2885.35 42 4.015 21.700 -13404057.27 22221262.46 -5102729.23 37 170
199746 21958209.89 113194626.701104 -2886.25 42 4.015 21.703 -13404110.86 22220526.75 -5105794.99 37 170
199754 21962604.40 113194626.701104 -2886.87 42 4.021 21.729 -13404535.59 22214628.41 -5130317.09 37 170
199755 21963153.99 113194626.701104 -2887.93 42 4.022 21.732 -13404588.19 22213889.53 -5133381.86 37 170
199756 21963703.38 113194626.701104 -2887.98 42 4.023 21.735 -13404640.67 22213150.30 -5136446.51 37 170
199757 21964252.94 113194626.701104 -2888.58 42 4.024 21.739 -13404693.05 22212410.71 -5139511.05 37 170
199758 21964802.52 113194626.701104 -2889.26 42 4.024 21.742 -13404745.32 22211670.77 -5142575.49 37 170
199759 21965352.49 113194626.701104 -2890.85 42 4.025 21.745 -13404797.47 22210930.48 -5145639.81 37 170
199765 21968653.33 113194627.201104 -2890.94 42 4.029 21.765 -13405108.12 22206481.32 -5164023.42 37 170
199766 21969203.96 113194627.201104 -2893.04 42 4.030 21.768 -13405159.51 22205738.55 -5167086.96 37 170
199767 21969754.54 113194627.201104 -2893.74 42 4.031 21.772 -13405210.79 22204995.44 -5170150.39 37 170
199768 21970305.41 113194627.201104 -2894.12 42 4.032 21.775 -13405261.97 22204251.97 -5173213.72 37 170
199769 21970855.97 113194627.201104 -2893.33 42 4.032 21.778 -13405313.03 22203508.15 -5176276.93 37 170
199770 21971406.28 113194627.201104 -2892.27 42 4.033 21.782 -13405363.98 22202763.98 -5179340.03 37 170
199771 21971956.65 113194627.201104 -2891.85 42 4.034 21.785 -13405414.83 22202019.45 -5182403.01 37 170
199779 21976364.37 113194627.201104 -2891.89 42 4.040 21.811 -13405817.68 22196050.53 -5206902.89 37 170
199780 21976916.06 113194627.201104 -2897.18 42 4.041 21.814 -13405867.55 22195302.83 -5209964.87 37 170
199781 21977467.74 113194627.201104 -2897.05 42 4.041 21.818 -13405917.31 22194554.77 -5213026.74 37 170
199784 21979121.78 113194627.201104 -2896.78 42 4.044 21.828 -13406065.93 22192308.48 -5222211.66 37 170
199785 21979672.84 113194627.201104 -2896.68 42 4.044 21.831 -13406115.26 22191559.01 -5225273.08 37 170
199786 21980224.36 113194627.201104 -2898.47 42 4.045 21.834 -13406164.47 22190809.19 -5228334.39 37 170
199787 21980776.30 113194627.201104 -2899.76 42 4.046 21.838 -13406213.58 22190059.02 -5231395.58 37 170
199788 21981328.35 113194627.201104 -2900.11 42 4.047 21.841 -13406262.58 22189308.49 -5234456.66 37 170
199789 21981880.43 113194627.201104 -2900.44 42 4.047 21.844 -13406311.47 22188557.61 -5237517.63 37 170
199790 21982432.44 113194627.201104 -2900.80 42 4.048 21.847 -13406360.26 22187806.38 -5240578.48 36 170
199791 21982984.09 113194627.201104 -2899.57 42 4.049 21.851 -13406408.94 22187054.79 -5243639.22 36 170
199792 21983535.68 113194627.201104 -2900.03 42 4.050 21.854 -13406457.50 22186302.85 -5246699.85 36 170
199793 21984087.30 113194627.201104 -2899.98 42 4.050 21.857 -13406505.96 22185550.56 -5249760.37 36 170
199794 21984639.17 113194627.201104 -2900.20 42 4.051 21.861 -13406554.32 22184797.92 -5252820.77 36 170
199795 21985191.23 113194627.201104 -2901.62 42 4.052 21.864 -13406602.56 22184044.92 -5255881.06 36 170
199803 21989610.24 113194627.201104 -2902.22 42 4.058 21.890 -13406984.65 22178008.23 -5280359.28 36 170
199804 21990162.55 113194627.201104 -2903.11 42 4.059 21.894 -13407031.92 22177252.05 -5283418.55 36 170
199805 21990715.14 113194627.201104 -2903.63 42 4.059 21.897 -13407079.09 22176495.52 -5286477.70 36 170
199806 21991268.16 113194627.201104 -2905.62 42 4.060 21.900 -13407126.15 22175738.64 -5289536.74 36 170
199807 21991821.43 113194627.201104 -2906.11 42 4.061 21.904 -13407173.11 22174981.41 -5292595.67 36 170
199817 21997357.45 113194627.201104 -2908.93 42 4.068 21.937 -13407636.78 22167389.64 -5323178.63 36 170
199818 21997911.16 113194627.201104 -2909.97 42 4.069 21.940 -13407682.56 22166628.53 -5326236.30 36 170
199819 21998464.84 113194627.201104 -2908.30 42 4.070 21.943 -13407728.23 22165867.05 -5329293.85 36 170
199820 21999018.54 113194627.201104 -2909.10 42 4.071 21.947 -13407773.80 22165105.23 -5332351.29 36 170
199821 21999571.99 113194627.201104 -2908.79 42 4.071 21.950 -13407819.26 22164343.05 -5335408.61 36 170
199822 22000125.75 113194627.201104 -2910.02 42 4.072 21.953 -13407864.61 22163580.52 -5338465.82 36 170
199823 22000679.81 113194627.201104 -2910.84 42 4.073 21.957 -13407909.86 22162817.64 -5341522.91 36 170
199832 22005668.03 113194627.201104 -2912.75 42 4.080 21.987 -13408312.30 22155935.79 -5369031.55 36 170
199833 22006222.38 113194627.201104 -2911.71 42 4.081 21.990 -13408356.49 22155169.38 -5372087.49 36 170
199834 22006776.69 113194627.201104 -2912.48 42 4.081 21.994 -13408400.57 22154402.61 -5375143.31 36 170
199835 22007330.75 113194627.201104 -2912.65 42 4.082 21.997 -13408444.55 22153635.49 -5378199.02 36 170
199845 22012880.66 113194627.201104 -2916.72 42 4.090 22.030 -13408878.49 22145944.86 -5408749.70 36 170
199846 22013435.87 113194627.201104 -2916.42 42 4.091 22.034 -13408921.30 22145173.85 -5411804.13 36 170
199847 22013991.16 113194627.201104 -2917.26 42 4.091 22.037 -13408964.01 22144402.49 -5414858.44 36 170
199848 22014546.03 113194627.201104 -2917.61 42 4.092 22.040 -13409006.61 22143630.78 -5417912.63 36 170
199849 22015101.25 113194627.201104 -2917.58 42 4.093 22.044 -13409049.11 22142858.71 -5420966.71 36 170
199850 22015656.67 113194627.201104 -2918.46 42 4.094 22.047 -13409091.51 22142086.30 -5424020.67 36 170
199857 22019544.95 113194627.201104 -2920.95 42 4.099 22.070 -13409385.33 22136669.48 -5445395.12 36 170
199858 22020100.51 113194627.201104 -2920.07 42 4.100 22.074 -13409426.89 22135894.23 -5448448.14 36 170
199859 22020656.20 113194627.201104 -2920.67 42 4.101 22.077 -13409468.34 22135118.64 -5451501.05 36 170
199859 22021211.96 113194627.201104 -2921.02 41 4.101 22.077 -13409468.34 22135118.64 -5451501.05 36 170
199868 22025662.26 113194626.701104 -2923.77 42 4.107 22.107 -13409836.71 22128122.37 -5478971.91 36 170
199869 22026218.39 113194626.701104 -2923.78 42 4.108 22.111 -13409877.11 22127343.24 -5482023.64 36 170
199870 22026774.51 113194626.701104 -2923.77 42 4.109 22.114 -13409917.42 22126563.75 -5485075.25 36 170
199871 22027331.00 113194626.701104 -2924.09 42 4.110 22.117 -13409957.62 22125783.92 -5488126.74 36 170
199872 22027887.75 113194626.701104 -2924.95 41 4.111 22.121 -13409997.72 22125003.73 -5491178.12 36 170
199880 22032344.15 113194626.701104 -2927.37 42 4.117 22.148 -13410314.76 22118749.50 -5515584.84 36 170
199881 22032901.51 113194626.701104 -2927.94 42 4.118 22.151 -13410353.92 22117966.13 -5518635.15 36 170
199882 22033458.83 113194626.701104 -2927.85 42 4.118 22.154 -13410392.99 22117182.41 -5521685.33 36 170
199883 22034015.96 113194626.701104 -2928.85 42 4.119 22.158 -13410431.94 22116398.33 -5524735.40 36 170
199884 22034573.24 113194626.701104 -2928.64 41 4.120 22.161 -13410470.80 22115613.91 -5527785.35 36 170
199895 22040712.75 113194626.701104 -2934.71 42 4.128 22.198 -13410891.39 22106961.88 -5561326.92 36 170
199896 22041270.95 113194626.701104 -2933.58 42 4.129 22.202 -13410929.01 22106173.21 -5564375.43 36 170
199897 22041829.09 113194626.701104 -2931.53 42 4.130 22.205 -13410966.53 22105384.19 -5567423.83 36 170
199898 22042387.18 113194626.701104 -2932.01 42 4.131 22.208 -13411003.94 22104594.82 -5570472.11 36 170
199899 22042945.20 113194626.701104 -2931.93 42 4.132 22.212 -13411041.26 22103805.09 -5573520.26 36 170
199900 22043503.13 113194626.701104 -2932.26 42 4.132 22.215 -13411078.46 22103015.01 -5576568.30 36 170
199908 22047972.93 113194626.701104 -2935.17 42 4.139 22.242 -13411372.45 22096681.65 -5600948.25 36 170
199909 22048531.81 113194626.701104 -2937.36 42 4.139 22.246 -13411408.74 22095888.39 -5603995.20 36 170
199910 22049090.78 113194626.701104 -2937.55 42 4.140 22.249 -13411444.93 22095094.77 -5607042.03 36 170
199911 22049649.57 113194626.701104 -2936.74 42 4.141 22.253 -13411481.02 22094300.80 -5610088.74 36 170
199912 22050208.48 113194626.701104 -2937.30 42 4.142 22.256 -13411517.00 22093506.48 -5613135.33 36 170
199913 22050767.65 113194626.701104 -2938.08 42 4.143 22.259 -13411552.88 22092711.81 -5616181.80 36 170
199920 22054683.78 113194626.701104 -2940.62 42 4.148 22.283 -13411801.21 22087139.20 -5637503.68 35 170
199921 22055243.14 113194626.701104 -2939.69 42 4.149 22.286 -13411836.28 22086341.70 -5640549.18 35 170
199922 22055802.53 113194626.701104 -2940.32 42 4.150 22.290 -13411871.24 22085543.85 -5643594.55 35 170
199923 22056362.07 113194626.701104 -2939.79 42 4.151 22.293 -13411906.11 22084745.64 -5646639.81 35 170
199924 22056921.91 113194626.701104 -2940.65 42 4.151 22.297 -13411940.88 22083947.08 -5649684.94 35 170
199932 22061402.49 113194627.201104 -2943.11 42 4.158 22.324 -13412215.36 22077545.88 -5674041.61 35 170
199933 22061963.05 113194627.201104 -2944.95 42 4.158 22.327 -13412249.22 22076744.14 -5677085.65 35 170
199934 22062523.56 113194627.201104 -2945.38 42 4.159 22.331 -13412282.97 22075942.04 -5680129.56 35 170
199935 22063084.13 113194627.201104 -2945.88 41 4.160 22.334 -13412316.63 22075139.59 -5683173.35 35 170
199936 22063644.52 113194627.201104 -2946.26 42 4.161 22.338 -13412350.18 22074336.79 -5686217.02 35 170
199937 22064204.49 113194627.201104 -2944.53 42 4.162 22.341 -13412383.64 22073533.64 -5689260.56 35 170
199938 22064764.70 113194627.201104 -2943.99 42 4.162 22.344 -13412416.99 22072730.13 -5692303.98 35 170
199945 22068691.63 113194627.201104 -2949.26 42 4.168 22.368 -13412647.65 22067095.69 -5713604.50 35 170
199946 22069253.10 113194627.201104 -2950.64 42 4.169 22.372 -13412680.20 22066289.35 -5716646.94 35 170
199947 22069814.33 113194627.201104 -2949.62 42 4.170 22.375 -13412712.65 22065482.66 -5719689.26 35 170
199948 22070375.43 113194627.201104 -2948.74 42 4.170 22.379 -13412745.01 22064675.62 -5722731.45 35 170
199949 22070936.18 113194627.201104 -2947.68 42 4.171 22.382 -13412777.26 22063868.23 -5725773.52 35 170
199950 22071497.06 113194627.201104 -2948.50 42 4.172 22.385 -13412809.41 22063060.48 -5728815.46 35 170
199959 22076552.18 113194627.201104 -2951.34 42 4.179 22.416 -13413094.28 22055774.85 -5756187.41 35 170
199960 22077113.89 113194627.201104 -2950.78 42 4.180 22.420 -13413125.44 22054963.56 -5759228.12 35 170
199961 22077675.80 113194627.201104 -2951.66 42 4.181 22.423 -13413156.49 22054151.93 -5762268.70 35 170
199962 22078237.63 113194627.201104 -2952.40 42 4.182 22.426 -13413187.45 22053339.94 -5765309.16 35 170
199963 22078799.70 113194627.201104 -2951.99 42 4.183 22.430 -13413218.30 22052527.60 -5768349.50 35 170
199973 22084425.88 113194627.201104 -2957.83 42 4.191 22.464 -13413521.43 22044384.74 -5798746.01 35 170
199974 22084988.84 113194627.201104 -2958.31 42 4.191 22.468 -13413551.20 22043568.51 -5801784.97 35 170
199975 22085551.78 113194627.201104 -2958.86 42 4.192 22.471 -13413580.87 22042751.93 -5804823.81 35 170
199976 22086114.65 113194627.201104 -2958.22 42 4.193 22.475 -13413610.44 22041934.99 -5807862.53 35 170
199977 22086677.03 113194627.201104 -2956.33 42 4.194 22.478 -13413639.91 22041117.70 -5810901.12 35 170
199978 22087239.48 113194627.201104 -2956.16 42 4.195 22.482 -13413669.28 22040300.06 -5813939.58 35 170
199983 22090618.73 113194627.201104 -2960.48 42 4.200 22.502 -13413843.47 22035386.78 -5832167.73 35 170
199987 22092308.91 113194627.201104 -2960.23 42 4.202 22.512 -13413929.23 22032925.37 -5841280.11 35 170
199988 22092872.21 113194626.701104 -2960.84 42 4.203 22.516 -13413957.62 22032104.19 -5844317.32 35 170
199989 22093435.74 113194626.701104 -2960.70 42 4.204 22.519 -13413985.92 22031282.66 -5847354.40 35 170
199990 22093999.51 113194626.701104 -2962.43 41 4.205 22.523 -13414014.12 22030460.77 -5850391.36 35 170
199991 22094563.12 113194626.701104 -2961.64 42 4.205 22.526 -13414042.21 22029638.54 -5853428.19 35 170
199992 22095126.71 113194626.701104 -2961.51 42 4.206 22.530 -13414070.22 22028815.94 -5856464.89 35 170
199999 22099073.72 113194626.701104 -2962.63 42 4.212 22.554 -13414263.49 22023047.91 -5877718.28 35 170
200000 22099637.65 113194626.701104 -2963.48 42 4.213 22.557 -13414290.71 22022222.49 -5880753.97 35 170
200001 22100201.34 113194626.701104 -2963.26 42 4.214 22.561 -13414317.84 22021396.72 -5883789.54 35 170
200002 22100765.31 113194626.701104 -2963.80 42 4.214 22.564 -13414344.86 22020570.59 -5886824.98 35 170
200003 22101329.59 113194626.701104 -2964.50 42 4.215 22.568 -13414371.79 22019744.12 -5889860.29 35 170
200011 22105847.69 113194626.701104 -2968.78 42 4.222 22.595 -13414583.73 22013119.56 -5914138.21 35 170
200012 22106412.65 113194626.701104 -2967.70 42 4.223 22.599 -13414609.79 22012289.90 -5917172.38 35 170
200013 22106977.40 113194626.701104 -2966.81 42 4.223 22.602 -13414635.75 22011459.89 -5920206.42 35 170
200014 22107542.10 113194626.701104 -2967.55 42 4.224 22.606 -13414661.61 22010629.52 -5923240.33 35 170
200015 22108106.84 113194626.701104 -2967.93 42 4.225 22.609 -13414687.38 22009798.80 -5926274.11 35 170
200016 22108671.71 113194626.701104 -2968.42 42 4.226 22.613 -13414713.05 22008967.73 -5929307.77 35 170
200023 22112628.03 113194626.701104 -2972.61 42 4.232 22.637 -13414890.04 22003140.31 -5950539.78 35 170
200024 22113193.29 113194626.701104 -2971.10 42 4.233 22.641 -13414914.94 22002306.41 -5953572.42 35 170
200025 22113758.40 113194626.701104 -2969.99 42 4.233 22.644 -13414939.75 22001472.16 -5956604.92 35 170
200026 22114323.79 113194626.701104 -2970.53 42 4.234 22.647 -13414964.45 22000637.55 -5959637.30 35 170
200027 22114889.39 113194626.701104 -2970.71 42 4.235 22.651 -13414989.07 21999802.59 -5962669.55 35 170
200036 22119983.02 113194626.701104 -2973.53 42 4.243 22.682 -13415206.26 21992272.03 -5989953.98 35 170
200037 22120549.00 113194626.701104 -2974.28 42 4.243 22.686 -13415229.92 21991433.53 -5992984.94 35 170
200038 22121115.33 113194626.701104 -2974.78 42 4.244 22.689 -13415253.48 21990594.68 -5996015.77 35 170
200039 22121681.41 113194626.701104 -2975.31 42 4.245 22.693 -13415276.94 21989755.48 -5999046.47 35 170
200047 22126213.82 113194626.701104 -2977.05 42 4.252 22.721 -13415461.23 21983029.13 -6023287.42 34 170
200048 22126780.23 113194626.701104 -2977.38 41 4.253 22.724 -13415483.84 21982186.74 -6026316.96 34 170
200049 22127347.02 113194626.701104 -2978.84 41 4.253 22.728 -13415506.35 21981344.01 -6029346.36 34 170
200050 22127913.76 113194626.701104 -2978.21 41 4.254 22.731 -13415528.77 21980500.92 -6032375.64 34 170
200051 22128480.82 113194626.701104 -2979.61 41 4.255 22.735 -13415551.09 21979657.47 -6035404.78 34 170
200052 22129047.67 113194626.701104 -2979.51 41 4.256 22.738 -13415573.32 21978813.67 -6038433.80 34 170
200059 22133018.21 113194626.701104 -2980.30 41 4.262 22.763 -13415726.28 21972897.19 -6059633.26 34 170
200060 22133585.26 113194626.701104 -2981.48 41 4.263 22.766 -13415747.75 21972050.56 -6062661.23 34 170
200061 22134152.37 113194626.701104 -2982.98 41 4.263 22.770 -13415769.13 21971203.59 -6065689.07 34 170
200062 22134719.96 113194626.701104 -2983.71 41 4.264 22.773 -13415790.42 21970356.25 -6068716.78 34 170
200063 22135287.61 113194626.701104 -2984.52 41 4.265 22.777 -13415811.61 21969508.57 -6071744.36 34 170
200068 22138125.00 113194627.201104 -2982.64 41 4.269 22.794 -13415916.15 21965264.83 -6086880.30 34 170
200069 22138692.65 113194627.201104 -2983.52 42 4.270 22.798 -13415936.78 21964415.03 -6089907.10 34 170
200070 22139260.24 113194627.201104 -2984.17 42 4.271 22.801 -13415957.31 21963564.87 -6092933.76 34 170
200071 22139828.27 113194627.201104 -2985.91 41 4.272 22.805 -13415977.75 21962714.35 -6095960.29 34 170
200078 22143804.82 113194627.201104 -2987.45 41 4.278 22.829 -13416118.21 21956750.86 -6117142.33 34 170
200079 22144373.16 113194627.201104 -2987.37 41 4.279 22.833 -13416137.90 21955897.52 -6120167.81 34 170
200080 22144941.61 113194627.201104 -2987.10 41 4.280 22.836 -13416157.50 21955043.82 -6123193.16 34 170
200081 22145510.13 113194627.201104 -2987.22 41 4.280 22.840 -13416177.01 21954189.78 -6126218.37 34 170
200082 22146079.03 113194627.201104 -2989.13 41 4.281 22.843 -13416196.42 21953335.37 -6129243.45 34 170
200091 22151201.67 113194627.201104 -2990.02 41 4.289 22.875 -13416366.95 21945629.85 -6156463.25 34 170
200092 22151770.99 113194627.201104 -2990.36 41 4.290 22.879 -13416385.43 21944771.92 -6159487.01 34 170
200093 22152340.44 113194627.201104 -2990.87 41 4.291 22.882 -13416403.82 21943913.63 -6162510.63 34 170
200094 22152909.45 113194627.201104 -2990.63 41 4.291 22.886 -13416422.12 21943054.98 -6165534.13 34 170
200102 22157466.40 113194627.201104 -2995.27 41 4.298 22.914 -13416565.19 21936173.12 -6189717.29 34 170
200103 22158036.87 113194627.201104 -2996.03 41 4.299 22.917 -13416582.65 21935311.29 -6192739.58 34 170
200104 22158607.26 113194627.201104 -2996.27 41 4.300 22.921 -13416600.03 21934449.11 -6195761.74 34 170
200105 22159177.63 113194627.201104 -2996.57 41 4.301 22.924 -13416617.31 21933586.58 -6198783.77 34 170
200106 22159747.63 113194627.201104 -2994.43 41 4.302 22.928 -13416634.51 21932723.70 -6201805.67 34 170
200106 22160317.46 113194627.201104 -2993.93 41 4.302 22.928 -13416634.51 21932723.70 -6201805.67 34 170
200108 22160887.36 113194627.201104 -2993.17 41 4.304 22.935 -13416668.62 21930996.87 -6207849.06 34 170
200117 22166022.39 113194626.701104 -2998.09 41 4.311 22.967 -13416817.57 21923208.64 -6235037.67 34 170
200118 22166592.94 113194626.701104 -2997.52 41 4.312 22.970 -13416833.66 21922341.52 -6238057.96 34 170
200119 22167163.63 113194626.701104 -2998.61 41 4.313 22.974 -13416849.66 21921474.04 -6241078.11 34 170
