199376 36000639.826297 187700150.208414 528.115967 48 2.585447 13.680885 -24717998.163816 25014541.267609 23041766.222543 70 75
199377 36000538.649934 187700150.208414 527.141907 48 2.585430 13.680745 -24718517.281785 25015791.379969 23039839.520127 70 75
199378 36000437.700425 187700150.208414 525.610596 48 2.585413 13.680606 -24719036.216288 25017041.566879 23037912.694129 70 75
199379 36000336.864341 187700150.208414 525.176270 48 2.585397 13.680467 -24719554.967314 25018291.828315 23035985.744558 70 75
199380 36000236.063159 187700150.208414 525.171265 48 2.585380 13.680326 -24720073.534852 25019542.164248 23034058.671424 70 75
199381 36000135.104924 187700150.208414 525.526550 48 2.585363 13.680187 -24720591.918890 25020792.574652 23032131.474737 70 75
199382 36000033.989637 187700150.208414 526.451294 48 2.585347 13.680048 -24721110.119419 25022043.059502 23030204.154506 70 76
199386 35999628.167374 187700150.208414 527.572510 48 2.585280 13.679490 -24723181.086198 25027045.742764 23022493.638428 70 76
199387 35999527.069537 187700150.208414 526.863525 48 2.585263 13.679350 -24723698.369013 25028296.599431 23020565.700639 70 76
199388 35999425.832099 187700150.208414 527.419800 48 2.585246 13.679211 -24724215.468252 25029547.530382 23018637.639368 70 76
199389 35999324.856414 187700150.208414 526.025757 48 2.585229 13.679071 -24724732.383905 25030798.535588 23016709.454628 70 76
199395 35998719.115731 187700150.208414 526.410522 48 2.585125 13.678233 -24727830.021869 25038306.124643 23005137.753957 70 76
199396 35998618.183671 187700150.208414 525.429016 48 2.585108 13.678094 -24728345.652110 25039557.648887 23003208.705211 70 76
199397 35998517.461014 187700150.208414 524.223755 48 2.585091 13.677955 -24728861.098676 25040809.247171 23001279.533078 70 76
199398 35998416.729633 187700150.208414 524.304993 48 2.585074 13.677815 -24729376.361558 25042060.919468 22999350.237568 70 76
199402 35998011.587927 187700150.208414 527.152710 48 2.585005 13.677257 -24731435.576005 25047068.348220 22991631.822010 70 76
199404 35997809.462055 187700150.208414 526.334351 49 2.584969 13.676977 -24732464.080847 25049572.506001 22987771.874197 70 76
199405 35997708.355494 187700150.208414 526.094116 49 2.584952 13.676838 -24732978.057632 25050824.695644 22985841.715326 70 76
199406 35997607.397259 187700150.208414 525.617493 49 2.584934 13.676699 -24733491.850645 25052076.959084 22983911.433160 70 76
199407 35997506.744403 187700150.208414 523.827820 48 2.584917 13.676558 -24734005.459876 25053329.296294 22981981.027710 70 76
199413 35996903.080296 187700150.208414 525.735168 48 2.584812 13.675721 -24737083.255198 25060844.867200 22970396.006673 70 76
199414 35996802.453615 187700150.208414 523.830505 49 2.584795 13.675582 -24737595.577647 25062097.720056 22968464.738514 70 76
199415 35996701.835659 187700150.208414 524.216309 49 2.584777 13.675443 -24738107.716227 25063350.646469 22966533.347152 70 76
199416 35996601.078102 187700150.208414 524.769958 49 2.584759 13.675303 -24738619.670928 25064603.646411 22964601.832597 70 76
199417 35996500.503772 187700150.208414 524.392029 49 2.584742 13.675163 -24739131.441737 25065856.719854 22962670.194860 70 76
199418 35996400.069044 187700150.208414 523.518372 49 2.584725 13.675023 -24739643.028644 25067109.866773 22960738.433952 70 76
199426 35995596.556318 187700150.708414 523.698364 48 2.584591 13.673906 -24743729.102131 25077137.683943 22945279.913802 70 76
199427 35995496.043064 187700150.708414 523.718506 48 2.584575 13.673767 -24744239.033439 25078391.490925 22943347.044808 70 76
199428 35995395.433834 187700150.708414 524.112427 48 2.584558 13.673628 -24744748.780737 25079645.371114 22941414.052744 70 76
199429 35995295.007830 187700150.708414 523.267273 48 2.584542 13.673488 -24745258.344015 25080899.324480 22939480.937622 70 76
199430 35995194.450951 187700150.708414 523.674805 48 2.584525 13.673348 -24745767.723262 25082153.350998 22937547.699452 70 76
199437 35994492.969648 187700150.708414 523.617798 49 2.584411 13.672371 -24749328.224196 25090933.582553 22924011.587854 70 76
199438 35994392.892649 187700150.708414 521.489014 49 2.584395 13.672232 -24749836.130807 25092188.193313 22922077.365669 70 76
199439 35994292.963977 187700150.708414 520.809204 49 2.584378 13.672091 -24750343.853291 25093442.876981 22920143.020530 70 76
199440 35994193.044030 187700150.708414 520.858276 49 2.584363 13.671952 -24750851.391636 25094697.633530 22918208.552446 70 76
199441 35994093.141534 187700150.708414 520.604431 48 2.584347 13.671812 -24751358.745832 25095952.462935 22916273.961426 70 76
199442 35993992.846407 187700150.708414 522.508789 48 2.584331 13.671673 -24751865.915869 25097207.365169 22914339.247480 70 76
199446 35993591.369248 187700150.708414 522.429871 48 2.584267 13.671115 -24753892.754185 25102227.701800 22906599.162724 70 76
199447 35993491.440576 187700150.708414 520.651978 48 2.584251 13.670975 -24754399.003261 25103482.967768 22904663.834310 70 76
199448 35993391.712582 187700150.708414 519.968750 48 2.584235 13.670835 -24754905.068114 25104738.306402 22902728.383035 70 76
199449 35993291.731559 187700150.708414 519.993591 48 2.584218 13.670695 -24755410.948732 25105993.717675 22900792.808906 70 76
199450 35993191.794162 187700150.708414 519.794617 48 2.584202 13.670556 -24755916.645104 25107249.201561 22898857.111936 70 76
199451 35993091.132581 187700150.708414 522.909180 48 2.584185 13.670416 -24756422.157222 25108504.758034 22896921.292128 70 76
199456 35992590.311332 187700150.708414 521.567749 48 2.584103 13.669718 -24758946.953573 25114783.628175 22887240.351064 70 76
199457 35992490.330309 187700150.708414 520.656067 48 2.584086 13.669579 -24759451.359930 25116039.619589 22885303.794487 70 76
199458 35992390.593590 187700150.708414 519.348694 48 2.584069 13.669438 -24759955.581955 25117295.683399 22883367.115152 70 76
199459 35992290.821970 187700150.708414 519.380737 48 2.584053 13.669299 -24760459.619639 25118551.819577 22881430.313067 70 76
199460 35992191.076525 187700150.708414 519.354187 48 2.584037 13.669160 -24760963.472971 25119808.028098 22879493.388243 70 76
199465 35991690.377428 187700150.708414 521.768555 49 2.583956 13.668461 -24763479.973963 25126090.154845 22869806.923463 70 76
199466 35991590.457481 187700150.708414 520.410278 48 2.583940 13.668322 -24763982.720960 25127346.796852 22867869.262422 70 76
199467 35991490.363032 187700150.708414 520.972839 48 2.583924 13.668182 -24764485.283532 25128603.511011 22865931.478712 70 76
199468 35991390.294758 187700150.708414 520.942932 48 2.583908 13.668042 -24764987.661666 25129860.297297 22863993.572347 70 76
199469 35991290.470788 187700150.708414 519.152161 48 2.583892 13.667903 -24765489.855352 25131117.155680 22862055.543337 70 76
199475 35990691.963220 187700150.708414 520.544922 48 2.583795 13.667065 -24768499.143457 25138659.818494 22850424.794370 70 76
199476 35990592.069448 187700150.708414 519.562439 48 2.583779 13.666924 -24769000.045714 25139917.180813 22848485.907127 70 76
199477 35990492.489781 187700150.708414 518.176880 48 2.583763 13.666785 -24769500.763438 25141174.615014 22846546.897324 70 76
199478 35990392.971189 187700150.708414 518.007446 48 2.583747 13.666646 -24770001.296619 25142432.121070 22844607.764968 70 77
199479 35990293.522398 187700150.708414 517.736145 48 2.583731 13.666506 -24770501.645246 25143689.698954 22842668.510069 70 77
199484 35989795.004578 187700150.708414 518.563721 48 2.583650 13.665808 -24773000.619695 25149978.664812 22832970.397867 70 77
199485 35989695.843715 187700150.708414 517.631897 48 2.583634 13.665668 -24773499.860780 25151236.673098 22831030.407933 70 77
199486 35989596.717753 187700150.708414 517.390991 48 2.583618 13.665528 -24773998.917238 25152494.753023 22829090.295528 70 77
199487 35989497.504541 187700150.708414 517.347473 48 2.583602 13.665389 -24774497.789057 25153752.904561 22827150.060663 70 77
199488 35989398.422204 187700150.708414 516.964783 48 2.583586 13.665249 -24774996.476229 25155011.127683 22825209.703350 70 77
199489 35989298.772736 187700150.708414 519.413940 48 2.583569 13.665110 -24775494.978742 25156269.422366 22823269.223593 70 77
199490 35989099.753002 187700150.708414 519.471375 49 2.583537 13.664830 -24776491.429730 25158786.226248 22819387.896881 70 77
199494 35988800.909299 187700150.708414 518.366333 48 2.583487 13.664411 -24777984.721038 25162561.968153 22813564.988664 70 77
199495 35988701.539034 187700150.708414 517.335876 48 2.583470 13.664271 -24778482.115377 25163820.691614 22811623.774492 70 77
199496 35988602.282195 187700150.708414 517.055542 48 2.583454 13.664131 -24778979.324983 25165079.486444 22809682.437954 70 77
199497 35988502.868305 187700150.708414 517.700867 48 2.583437 13.663992 -24779476.349846 25166338.352615 22807740.979059 70 77
199498 35988403.463139 187700150.208414 517.643372 49 2.583421 13.663852 -24779973.189956 25167597.290102 22805799.397818 70 77
199499 35988303.674069 187700150.208414 519.402893 49 2.583404 13.663713 -24780469.845303 25168856.298877 22803857.694239 70 77
199504 35987805.348201 187700150.208414 518.294678 48 2.583318 13.663013 -24782950.350191 25175152.411065 22794147.341749 70 77
199505 35987705.951761 187700150.208414 517.420593 49 2.583301 13.662874 -24783445.896734 25176411.846995 22792204.904377 70 77
199506 35987606.284842 187700150.208414 518.057129 49 2.583284 13.662735 -24783941.258439 25177671.354023 22790262.344739 70 77
199507 35987506.635374 187700150.208414 517.764404 49 2.583267 13.662595 -24784436.435297 25178930.932122 22788319.662849 70 77
199514 35986811.750253 187700150.208414 517.942017 48 2.583146 13.661617 -24787897.496668 25187749.966462 22774717.467502 70 77
199515 35986711.996084 187700150.208414 518.577332 48 2.583129 13.661477 -24788391.194369 25189010.112152 22772773.807962 70 77
199516 35986612.494942 187700150.208414 517.977234 48 2.583112 13.661338 -24788884.707127 25190270.328669 22770830.026265 70 77
199517 35986513.115952 187700150.208414 517.501221 48 2.583094 13.661199 -24789378.034934 25191530.615984 22768886.122419 70 77
199524 35985818.928840 187700150.208414 514.694153 49 2.582974 13.660220 -24792826.150028 25200354.607258 22755275.376277 70 77
199525 35985719.994831 187700150.208414 515.057983 49 2.582957 13.660081 -24793317.997843 25201615.459995 22753330.495614 70 77
199526 35985620.755442 187700150.208414 516.796570 49 2.582940 13.659941 -24793809.660613 25202876.383289 22751385.492894 70 77
199527 35985521.175775 187700150.208414 517.783752 49 2.582923 13.659801 -24794301.138327 25204137.377113 22749440.368126 70 77
199528 35985421.796785 187700150.208414 516.729126 49 2.582906 13.659661 -24794792.430975 25205398.441438 22747495.121324 70 77
199536 35984630.106581 187700150.208414 516.731140 48 2.582774 13.658544 -24798716.108502 25215489.490780 22731928.754990 70 77
199537 35984531.111496 187700150.208414 516.446777 48 2.582758 13.658404 -24799205.735086 25216751.188397 22729982.410343 70 77
199538 35984432.151311 187700150.208414 515.602966 48 2.582742 13.658264 -24799695.176501 25218012.956245 22728035.943764 70 77
199539 35984333.147501 187700150.208414 515.456116 48 2.582726 13.658125 -24800184.432735 25219274.794296 22726089.355264 70 77
199546 35983641.202742 187700150.208414 515.883545 48 2.582609 13.657269 -24803604.040440 25228109.624016 22712459.822935 70 77
199547 35983541.832477 187700150.208414 516.243713 48 2.582592 13.657129 -24804091.814862 25229372.022718 22710512.259440 70 77
199548 35983442.601814 187700150.208414 515.921631 48 2.582575 13.656990 -24804579.404010 25230634.491378 22708564.574118 70 77
199549 35983343.615454 187700150.208414 514.771484 48 2.582558 13.656851 -24805066.807875 25231897.029970 22706616.766981 70 77
199556 35982653.660020 187700150.208414 511.927856 48 2.582444 13.655872 -24808473.446111 25240736.755861 22692978.707111 70 77
199557 35982555.048839 187700150.208414 513.732178 49 2.582428 13.655733 -24808959.367339 25241999.852928 22691029.925814 70 77
199558 35982456.123555 187700150.708414 515.015625 49 2.582412 13.655593 -24809445.103192 25243263.019684 22689081.022791 70 77
199559 35982357.233171 187700150.708414 514.773499 48 2.582396 13.655454 -24809930.653659 25244526.256100 22687131.998056 70 77
199560 35982258.560915 187700150.708414 513.335693 48 2.582379 13.655313 -24810416.018730 25245789.562149 22685182.851620 70 77
199566 35981668.062997 187700150.708414 514.336060 48 2.582280 13.654475 -24813324.315239 25253370.859160 22673485.417910 70 77
199567 35981569.443091 187700150.708414 513.661926 48 2.582264 13.654336 -24813808.382250 25254634.651879 22671535.419846 70 77
199568 35981470.858086 187700150.708414 513.780396 48 2.582248 13.654196 -24814292.263782 25255898.514014 22669585.300163 70 77
199569 35981372.290531 187700150.708414 513.549438 49 2.582232 13.654057 -24814775.959826 25257162.445538 22667635.058871 70 77
199570 35981273.801502 187700150.708414 512.800049 49 2.582215 13.653916 -24815259.470372 25258426.446423 22665684.695980 70 77
199579 35980389.738571 187700150.708414 512.549316 48 2.582073 13.652659 -24819602.716151 25269805.571106 22648125.959831 70 78
199580 35980291.485120 187700150.708414 512.649658 48 2.582057 13.652519 -24820084.371151 25271070.264109 22646174.381527 70 78
199581 35980193.336370 187700150.708414 511.417877 48 2.582041 13.652380 -24820565.840541 25272335.026173 22644222.681739 70 78
199582 35980095.205071 187700150.708414 511.645142 48 2.582025 13.652240 -24821047.124311 25273599.857273 22642270.860478 70 78
199583 35979996.750942 187700150.708414 512.839417 48 2.582008 13.652101 -24821528.222450 25274864.757382 22640318.917752 70 78
199591 35979211.543495 187700150.708414 511.249756 48 2.581883 13.650983 -24825370.323618 25284986.439218 22624699.004596 70 78
199592 35979113.185342 187700150.708414 511.182953 48 2.581867 13.650843 -24825849.750624 25286251.959174 22622745.969167 70 78
199593 35979014.783565 187700150.708414 511.837158 48 2.581851 13.650703 -24826328.991898 25287517.547866 22620792.812380 70 78
199594 35978916.774417 187700150.708414 510.070404 48 2.581836 13.650563 -24826808.047430 25288783.205266 22618839.534246 70 78
199595 35978819.000847 187700150.708414 509.114929 48 2.581820 13.650424 -24827286.917208 25290048.931345 22616886.134775 70 78
199596 35978721.201101 187700150.708414 509.213196 48 2.581805 13.650284 -24827765.601225 25291314.726079 22614932.613976 70 78
199597 35978623.418806 187700150.708414 509.073029 48 2.581789 13.650145 -24828244.099469 25292580.589440 22612978.971859 70 78
199604 35977938.140031 187700150.708414 508.801208 48 2.581681 13.649166 -24831588.384681 25301443.552191 22599300.081095 70 78
199605 35977840.148333 187700150.708414 510.535400 48 2.581666 13.649027 -24832065.396383 25302709.963589 22597345.468811 70 78
199606 35977741.999583 187700150.708414 511.537476 48 2.581650 13.648887 -24832542.222221 25303976.443370 22595390.735303 70 78
199607 35977644.042786 187700150.708414 510.910767 48 2.581635 13.648747 -24833018.862186 25305242.991504 22593435.880582 70 78
199608 35977546.103439 187700150.708414 510.614990 48 2.581619 13.648607 -24833495.316267 25306509.607966 22591480.904659 70 78
199613 35976960.456681 187700150.708414 508.222504 48 2.581524 13.647769 -24836350.136622 25314110.740033 22579748.504529 70 78
199616 35976764.839740 187700150.708414 510.637573 48 2.581492 13.647490 -24837300.255892 25316644.996125 22575836.735308 70 78
199617 35976666.952744 187700150.708414 509.835999 48 2.581476 13.647349 -24837775.036572 25317912.226308 22573880.669028 70 78
199618 35976568.961046 187700150.708414 510.214508 48 2.581460 13.647210 -24838249.631268 25319179.524547 22571924.481649 70 78
199619 35976470.864647 187700150.708414 510.036560 48 2.581444 13.647070 -24838724.039971 25320446.890815 22569968.173180 70 78
199627 35975689.758001 187700150.708414 508.777832 48 2.581314 13.645952 -24842512.612598 25330588.266619 22554313.347611 70 78
199628 35975591.871004 187700150.708414 509.425842 48 2.581298 13.645813 -24842985.346908 25331856.243910 22552355.949820 70 78
199629 35975493.975283 187700150.708414 509.446014 48 2.581282 13.645673 -24843457.895124 25333124.288955 22550398.431046 70 78
199630 35975396.472191 187700150.708414 508.011810 48 2.581265 13.645534 -24843930.257236 25334392.401727 22548440.791300 70 78
199631 35975298.846948 187700150.708414 508.781158 48 2.581249 13.645393 -24844402.433235 25335660.582200 22546483.030591 70 78
199638 35974616.997140 187700150.708414 508.719391 49 2.581134 13.644415 -24847702.453194 25344539.738784 22532775.319627 70 78
199639 35974519.241020 187700150.708414 508.420929 48 2.581118 13.644276 -24848173.139927 25345808.459881 22530816.591590 70 78
199640 35974421.572152 187700150.708414 508.143005 48 2.581102 13.644135 -24848643.640457 25347077.248433 22528857.742684 70 78
199641 35974324.217387 187700150.708414 506.622375 48 2.581086 13.643996 -24849113.954774 25348346.104412 22526898.772922 70 78
199642 35974226.923698 187700150.708414 505.869904 49 2.581071 13.643856 -24849584.082868 25349615.027791 22524939.682312 70 78
199649 35973545.004089 187700150.708414 505.456299 49 2.580959 13.642878 -24852869.764437 25358499.376324 22511222.665248 70 78
199650 35973448.111755 187700150.708414 505.034973 49 2.580943 13.642738 -24853338.402391 25359768.837924 22509262.608233 70 78
199651 35973351.350298 187700150.708414 504.966553 49 2.580927 13.642598 -24853806.854033 25361038.366679 22507302.430465 70 78
199652 35973254.632466 187700150.708414 505.041840 49 2.580911 13.642459 -24854275.119354 25362307.962560 22505342.131954 70 78
199653 35973157.565630 187700150.708414 506.430054 49 2.580895 13.642319 -24854743.198343 25363577.625544 22503381.712708 70 78
199654 35973060.315566 187700150.208414 507.037964 49 2.580618 13.642179 -24855211.090991 25364847.355602 22501421.172738 70 78
199659 35972574.536405 187700150.208414 506.363678 48 2.580603 13.641480 -24857547.758744 25371197.010980 22491616.662493 70 78
199660 35972477.530644 187700150.208414 505.011963 48 2.580589 13.641341 -24858014.533135 25372467.142902 22489655.398409 70 78
199661 35972380.603410 187700150.208414 504.543823 48 2.580576 13.641201 -24858481.121116 25373737.341706 22487694.013676 70 78
199662 35972283.850678 187700150.208414 504.235718 48 2.580562 13.641062 -24858947.522676 25375007.607363 22485732.508306 70 78
199663 35972187.071770 187700150.208414 504.535126 48 2.580549 13.640922 -24859413.737806 25376277.939848 22483770.882307 70 78
199664 35972089.839157 187700150.208414 506.424866 48 2.580535 13.640782 -24859879.766497 25377548.339134 22481809.135687 70 78
199671 35971409.402816 187700150.208414 505.394836 48 2.580446 13.639804 -24863136.746168 25386443.002196 22468073.533000 70 79
199672 35971312.493032 187700150.708414 505.087067 48 2.580434 13.639664 -24863601.282985 25387713.934898 22466110.821815 70 79
199673 35971215.304045 187700150.708414 506.070801 48 2.580421 13.639524 -24864065.633274 25388984.934155 22464147.990105 70 79
199674 35971118.324459 187700150.708414 505.047943 48 2.580408 13.639384 -24864529.797024 25390255.999938 22462185.037883 70 79
199675 35971021.519377 187700150.708414 503.678162 48 2.580396 13.639245 -24864993.774226 25391527.132219 22460221.965159 70 79
199682 35970343.447541 187700150.708414 505.124084 49 2.580304 13.638267 -24868236.390462 25400426.917830 22446477.082968 70 79
199683 35970246.467956 187700150.708414 504.853882 49 2.580292 13.638126 -24868698.874930 25401698.581124 22444513.046599 70 79
199684 35970149.462195 187700150.708414 504.781891 49 2.580280 13.637987 -24869161.172761 25402970.310670 22442548.889820 70 79
199685 35970052.456435 187700150.708414 504.630493 49 2.580269 13.637847 -24869623.283948 25404242.106443 22440584.612644 70 79
199686 35969955.633902 187700150.708414 504.274414 49 2.580257 13.637707 -24870085.208478 25405513.968414 22438620.215081 70 79
199693 35969278.966808 187700150.708414 504.251465 48 2.580170 13.636728 -24873313.453007 25414418.853421 22424866.062252 70 79
199694 35969182.440929 187700150.708414 502.497162 48 2.580158 13.636589 -24873773.883945 25415691.243996 22422900.701968 70 79
199695 35969086.037201 187700150.708414 501.641327 49 2.580145 13.636449 -24874234.128139 25416963.700522 22420935.221392 70 79
199696 35968989.607298 187700150.708414 501.591919 49 2.580132 13.636310 -24874694.185581 25418236.222973 22418969.620533 70 79
199697 35968893.238470 187700150.708414 501.636627 49 2.580119 13.636169 -24875154.056261 25419508.811322 22417003.899402 70 79
199698 35968797.009245 187700150.708414 501.390869 49 2.580107 13.636030 -24875613.740169 25420781.465540 22415038.058010 70 79
199699 35968700.614242 187700150.708414 501.911072 49 2.580095 13.635890 -24876073.237295 25422054.185602 22413072.096366 70 79
199705 35968120.237450 187700150.708414 502.915405 48 2.580020 13.635051 -24878826.297083 25429691.887106 22401273.801875 70 79
199706 35968023.964599 187700150.708414 501.199066 48 2.580007 13.634912 -24879284.486467 25430965.067303 22399306.998766 70 79
199707 35967927.805174 187700150.708414 500.328491 48 2.579994 13.634771 -24879742.488992 25432238.313123 22397340.075491 70 79
199708 35967831.628299 187700150.708414 500.542480 48 2.579980 13.634632 -24880200.304649 25433511.624539 22395373.032060 70 79
199709 35967735.547400 187700150.708414 500.231995 48 2.579967 13.634492 -24880657.933426 25434785.001525 22393405.868482 70 79
199710 35967639.361800 187700150.708414 501.023041 48 2.579953 13.634352 -24881115.375316 25436058.444053 22391438.584768 70 79
199711 35967542.722494 187700150.708414 502.962128 48 2.579939 13.634212 -24881572.630310 25437331.952097 22389471.180926 70 79
199717 35966964.483354 187700150.708414 501.096680 48 2.579860 13.633374 -24884312.234860 25444974.374578 22377664.235913 70 79
199718 35966868.568232 187700150.708414 499.916229 48 2.579847 13.633234 -24884768.181300 25446248.340454 22375695.991492 70 79
199719 35966772.653110 187700150.708414 499.636932 48 2.579833 13.633095 -24885223.940765 25447522.371625 22373727.627030 70 79
199720 35966676.729263 187700150.708414 499.465363 48 2.579820 13.632955 -24885679.513245 25448796.468064 22371759.142536 70 79
199721 35966580.596014 187700150.708414 500.802948 48 2.579806 13.632815 -24886134.898733 25450070.629745 22369790.538021 70 79
199722 35966484.157385 187700150.708414 502.321075 48 2.579792 13.632675 -24886590.097217 25451344.856640 22367821.813495 70 79
199730 35965714.986688 187700150.708414 501.454224 49 2.579681 13.631557 -24890224.951798 25461541.016128 22352067.698277 70 79
199731 35965618.705112 187700150.708414 501.190247 49 2.579666 13.631417 -24890678.466820 25462815.828708 22350097.894135 70 79
199732 35965522.502061 187700150.708414 500.920166 48 2.579653 13.631278 -24891131.794743 25464090.706227 22348127.970089 70 79
199733 35965426.325186 187700150.708414 500.568298 48 2.579639 13.631138 -24891584.935558 25465365.648657 22346157.926150 70 79
199734 35965330.139586 187700150.708414 500.556091 48 2.579625 13.630999 -24892037.889254 25466640.655972 22344187.762326 70 79
199736 35965042.900277 187700150.708414 498.710205 47 2.579582 13.630579 -24893395.627517 25470466.066893 22338276.551741 70 79
199742 35964562.836062 187700150.708414 499.687805 48 2.579509 13.629880 -24895654.781399 25476843.046974 22328422.137272 70 79
199743 35964466.676637 187700150.708414 500.214630 48 2.579495 13.629741 -24896106.050602 25478118.637013 22326450.894968 70 79
199744 35964370.525937 187700150.208414 499.880829 48 2.579480 13.629601 -24896557.132591 25479394.291662 22324479.532885 70 79
199745 35964274.575915 187700150.208414 499.143372 48 2.579466 13.629461 -24897008.027356 25480670.010893 22322508.051035 70 79
199746 35964178.739319 187700150.208414 498.527252 48 2.579451 13.629321 -24897458.734889 25481945.794678 22320536.449429 70 79
199754 35963413.259343 187700150.208414 499.834412 49 2.579327 13.628203 -24901057.653621 25492154.385603 22304759.326652 70 79
199755 35963317.414022 187700150.208414 499.044006 49 2.579312 13.628063 -24901506.675634 25493430.749150 22302786.647700 70 79
199756 35963221.533800 187700150.208414 499.212799 49 2.579297 13.627923 -24901955.510320 25494707.176979 22300813.849097 70 79
199757 35963125.723380 187700150.208414 498.910675 49 2.579282 13.627784 -24902404.157668 25495983.669060 22298840.930852 70 79
199758 35963029.956585 187700150.208414 498.475739 49 2.579267 13.627644 -24902852.617671 25497260.225367 22296867.892976 70 80
199759 35962934.434093 187700150.208414 497.117523 48 2.579252 13.627503 -24903300.890317 25498536.845872 22294894.735481 70 80
199765 35962360.915237 187700150.208414 498.488129 48 2.579163 13.626795 -24905986.591178 25506197.915481 22283053.279136 70 80
199766 35962265.471271 187700150.208414 496.639191 49 2.579148 13.626656 -24906433.552070 25507474.984606 22281079.284591 70 80
199767 35962170.175632 187700150.208414 496.225616 49 2.579134 13.626515 -24906880.325530 25508752.117708 22279105.170511 70 80
199768 35962074.993419 187700150.208414 496.081299 49 2.579119 13.626375 -24907326.911549 25510029.314762 22277130.936905 70 80
199769 35961979.566903 187700150.208414 497.107635 49 2.579105 13.626236 -24907773.310119 25511306.575740 22275156.583782 70 80
199770 35961883.965885 187700150.208414 498.413666 49 2.579091 13.626096 -24908219.521230 25512583.900616 22273182.111153 70 80
199771 35961788.216541 187700150.208414 499.026550 49 2.579076 13.625957 -24908665.544872 25513861.289361 22271207.519029 70 80
199779 35961024.324534 187700150.208414 502.498474 48 2.578968 13.624838 -24912226.983983 25524082.695247 22255406.481590 70 80
199780 35960929.247023 187700150.208414 495.951111 48 2.578953 13.624699 -24912671.319982 25525360.657573 22253430.814495 70 80
199781 35960834.073535 187700150.208414 496.309845 48 2.578938 13.624558 -24913115.468418 25526638.683494 22251455.028010 70 80
199784 35960547.863789 187700150.208414 497.312134 49 2.578893 13.624140 -24914446.788243 25530473.142500 22245526.952398 70 80
199785 35960452.472174 187700150.208414 497.618652 49 2.578878 13.624001 -24914890.186336 25531751.422523 22243550.688461 70 80
199786 35960357.342312 187700150.208414 496.096527 48 2.578863 13.623860 -24915333.396819 25533029.766002 22241574.305190 70 80
199787 35960262.421852 187700150.208414 495.078003 48 2.578848 13.623721 -24915776.419683 25534308.172910 22239597.802594 70 80
199788 35960167.449042 187700150.208414 494.968353 48 2.578835 13.623581 -24916219.254919 25535586.643219 22237621.180683 70 80
199789 35960072.450057 187700150.208414 494.873108 48 2.578823 13.623441 -24916661.902517 25536865.176903 22235644.439467 70 80
199790 35959977.433621 187700150.208414 494.809143 48 2.578811 13.623302 -24917104.362469 25538143.773933 22233667.578957 70 80
199791 35959882.129257 187700150.208414 496.189819 48 2.578799 13.623162 -24917546.634766 25539422.434284 22231690.599162 70 80
199792 35959786.859793 187700150.208414 495.988403 48 2.578785 13.623022 -24917988.719397 25540701.157927 22229713.500093 70 80
199793 35959691.476903 187700150.208414 496.328949 48 2.578772 13.622882 -24918430.616353 25541979.944835 22227736.281762 70 80
199794 35959596.216164 187700150.208414 496.276031 48 2.578757 13.622743 -24918872.325626 25543258.794978 22225758.944179 70 80
199795 35959501.129928 187700150.208414 495.152191 48 2.578743 13.622602 -24919313.847204 25544537.708331 22223781.487357 70 80
199803 35958740.858841 187700150.708414 496.496246 48 2.578628 13.621485 -24922839.261744 25554771.287332 22207957.541431 70 80
199804 35958645.633003 187700150.708414 495.814240 48 2.578613 13.621346 -24923279.093665 25556050.768331 22205979.011910 70 80
199805 35958550.407165 187700150.708414 495.512909 48 2.578599 13.621205 -24923718.737800 25557330.312264 22204000.363254 70 80
199806 35958455.443080 187700150.708414 493.820984 48 2.578585 13.621065 -24924158.194140 25558609.919103 22202021.595474 70 80
199807 35958360.566246 187700150.708414 493.561127 48 2.578572 13.620926 -24924597.462675 25559889.588820 22200042.708580 70 80
199817 35957411.841533 187700150.708414 493.176422 48 2.578427 13.619529 -24928979.816716 25572689.738245 22180247.290731 70 80
199818 35957317.270078 187700150.708414 492.349731 48 2.578412 13.619389 -24929417.018789 25573970.097816 22178267.094275 70 80
199819 35957222.410695 187700150.708414 494.232208 48 2.578397 13.619249 -24929854.032947 25575250.519936 22176286.778828 70 80
199820 35957127.612387 187700150.708414 493.657745 48 2.578382 13.619110 -24930290.859181 25576531.004578 22174306.344405 70 80
199821 35957032.665752 187700150.708414 494.243683 48 2.578367 13.618970 -24930727.497481 25577811.551714 22172325.791014 70 80
199822 35956937.928520 187700150.708414 493.265137 48 2.578351 13.618830 -24931163.947838 25579092.161316 22170345.118669 70 80
199823 35956843.252364 187700150.708414 492.653168 48 2.578336 13.618690 -24931600.210242 25580372.833356 22168364.327378 70 80
199832 35955992.074368 187700150.708414 492.896210 49 2.578200 13.617434 -24935518.112499 25591901.686862 22150531.855032 70 80
199833 35955897.162633 187700150.708414 494.142548 49 2.578185 13.617293 -24935952.494877 25593182.981776 22148549.874864 70 80
199834 35955802.425401 187700150.708414 493.645264 49 2.578170 13.617154 -24936386.689201 25594464.338824 22146567.775869 70 80
199835 35955707.618368 187700150.708414 493.695587 49 2.578154 13.617014 -24936820.695463 25595745.757981 22144585.558054 70 80
199845 35954764.172346 187700150.708414 491.989105 48 2.578006 13.615617 -24941150.412633 25608563.359370 22124756.847309 70 80
199846 35954669.600891 187700150.708414 492.513916 49 2.577992 13.615478 -24941582.349608 25609845.459897 22122773.323188 70 80
199847 35954575.195213 187700150.708414 491.932526 49 2.577978 13.615338 -24942014.098411 25611127.622200 22120789.680376 70 80
199848 35954480.929137 187700150.708414 491.802490 48 2.577963 13.615198 -24942445.659033 25612409.846253 22118805.918884 70 80
199849 35954386.514734 187700150.708414 492.063873 48 2.577949 13.615058 -24942877.031466 25613692.132029 22116822.038720 70 80
199850 35954292.152681 187700150.708414 491.467834 48 2.577934 13.614919 -24943308.215700 25614974.479499 22114838.039897 70 81
199857 35953633.834492 187700150.708414 490.597351 48 2.577834 13.613941 -24946321.234984 25623952.636868 22100946.726633 70 81
199858 35953539.559691 187700150.708414 491.698853 49 2.577820 13.613801 -24946750.913300 25625235.476903 22098961.778912 70 81
199859 35953445.249989 187700150.708414 491.365601 49 2.577805 13.613662 -24947180.403336 25626518.378385 22096976.712625 70 81
199859 35953350.905387 187700150.708414 491.200714 48 2.577805 13.613662 -24947180.403336 25626518.378385 22096976.712625 70 81
199868 35952599.080206 187700150.208414 490.363312 48 2.577669 13.612405 -24951037.339520 25638067.252196 22079105.782476 70 81
199869 35952504.770504 187700150.208414 490.592041 48 2.577653 13.612265 -24951464.946254 25639350.766625 22077119.531125 70 81
199870 35952410.539328 187700150.208414 490.785736 48 2.577637 13.612125 -24951892.364608 25640634.342196 22075133.161327 70 81
199871 35952316.255802 187700150.208414 490.724640 48 2.577621 13.611986 -24952319.594573 25641917.978883 22073146.673090 70 81
199872 35952222.190403 187700150.208414 490.102905 48 2.577605 13.611846 -24952746.636140 25643201.676657 22071160.066429 70 81
199880 35951472.721001 187700150.208414 489.548676 48 2.577485 13.610728 -24956156.185259 25653473.454630 22055262.951133 70 81
199881 35951378.812655 187700150.208414 489.223938 48 2.577470 13.610589 -24956581.530842 25654757.700950 22053275.279107 70 81
199882 35951284.851957 187700150.208414 489.496643 48 2.577455 13.610449 -24957006.687938 25656042.008082 22051287.488760 70 81
199883 35951190.934885 187700150.208414 488.736267 48 2.577440 13.610310 -24957431.656537 25657326.375998 22049299.580103 70 81
199884 35951096.921837 187700150.208414 489.226959 48 2.577425 13.610169 -24957856.436631 25658610.804671 22047311.553146 70 81
199895 35950067.594568 187700150.208414 485.696869 48 2.577262 13.608634 -24962516.573730 25672743.522024 22025435.451979 70 81
199896 35949974.035226 187700150.208414 487.043121 48 2.577248 13.608494 -24962939.091063 25674028.677617 22023446.006257 70 81
199897 35949880.022178 187700150.208414 489.265411 48 2.577233 13.608354 -24963361.419774 25675313.893609 22021456.442369 70 81
199898 35949786.035305 187700150.208414 489.058228 48 2.577219 13.608214 -24963783.559855 25676599.169971 22019466.760331 70 81
199899 35949691.926281 187700150.208414 489.332886 48 2.577204 13.608075 -24964205.511298 25677884.506675 22017476.960152 70 81
199900 35949597.852157 187700150.208414 489.235260 48 2.577190 13.607935 -24964627.274092 25679169.903693 22015487.041843 70 81
199908 35948850.040526 187700150.208414 488.178741 49 2.577079 13.606817 -24967994.584032 25689455.247768 21999563.444079 70 81
199909 35948756.664411 187700150.208414 486.230072 49 2.577065 13.606678 -24968414.648595 25690741.186369 21997572.463084 70 81
199910 35948663.244670 187700150.208414 486.286041 48 2.577052 13.606538 -24968834.524421 25692027.185007 21995581.364065 70 81
199911 35948569.659153 187700150.208414 487.291718 48 2.577039 13.606399 -24969254.211502 25693313.243656 21993590.147032 70 81
199912 35948476.152161 187700150.208414 486.999207 48 2.577025 13.606259 -24969673.709828 25694599.362287 21991598.811998 70 81
199913 35948382.741145 187700150.208414 486.394745 48 2.577011 13.606119 -24970093.019391 25695885.540873 21989607.358972 70 81
199920 35947729.291567 187700150.208414 485.486877 48 2.576913 13.605142 -24973022.900210 25704890.467337 21975663.884996 70 81
199921 35947635.906726 187700150.208414 486.647888 48 2.576899 13.605002 -24973440.699351 25706177.124566 21973671.488420 70 81
199922 35947542.565512 187700150.208414 486.224182 48 2.576885 13.604862 -24973858.309649 25707463.841500 21971678.973948 70 81
199923 35947449.119596 187700150.208414 486.980957 48 2.576871 13.604723 -24974275.731097 25708750.618114 21969686.341589 70 81
199924 35947355.743481 187700150.208414 486.363800 48 2.576857 13.604583 -24974692.963685 25710037.454378 21967693.591357 70 81
199932 35946610.758785 187700150.708414 485.697296 49 2.576747 13.603466 -24978024.024356 25720334.288530 21951747.347370 70 81
199933 35946517.749124 187700150.708414 484.118195 49 2.576734 13.603326 -24978439.556809 25721621.660402 21949753.536746 70 81
199934 35946424.852890 187700150.708414 483.883148 49 2.576720 13.603187 -24978854.900314 25722909.091648 21947759.608354 70 81
199935 35946331.991557 187700150.708414 483.622131 48 2.576707 13.603046 -24979270.054862 25724196.582239 21945765.562205 70 81
199936 35946239.200024 187700150.708414 483.489319 48 2.576693 13.602907 -24979685.020446 25725484.132148 21943771.398309 70 81
199937 35946146.085662 187700150.708414 485.421051 49 2.576680 13.602768 -24980099.797056 25726771.741350 21941777.116674 70 81
199938 35946052.761897 187700150.708414 486.162842 49 2.576666 13.602628 -24980514.384684 25728059.409816 21939782.717312 70 81
199945 35945402.558059 187700150.708414 482.519135 48 2.576573 13.601650 -24983411.205818 25737074.746052 21925818.626448 70 82
199946 35945310.089355 187700150.708414 481.334869 48 2.576559 13.601511 -24983824.281271 25738362.887621 21923823.285668 70 82
199947 35945217.428699 187700150.708414 482.572937 48 2.576546 13.601371 -24984237.167663 25739651.088205 21921827.827258 70 82
199948 35945124.584816 187700150.708414 483.692627 48 2.576533 13.601232 -24984649.864986 25740939.347776 21919832.251227 70 82
199949 35945031.505354 187700150.708414 484.946503 49 2.576519 13.601092 -24985062.373231 25742227.666307 21917836.557586 70 82
199950 35944938.565495 187700150.708414 484.381683 49 2.576506 13.600952 -24985474.692389 25743516.043767 21915840.746347 70 82
199959 35944104.794091 187700150.708414 483.524170 49 2.576388 13.599831 -24989177.054449 25755114.088160 21897873.155143 70 82
199960 35944011.845506 187700150.708414 484.290833 49 2.576374 13.599691 -24989587.482261 25756403.053404 21895876.168511 70 82
199961 35943918.975447 187700150.708414 483.649750 48 2.576361 13.599551 -24989997.720891 25757692.077273 21893879.064398 70 82
199962 35943826.218815 187700150.708414 483.179230 48 2.576348 13.599412 -24990407.770330 25758981.159739 21891881.842816 70 82
199963 35943733.348756 187700150.708414 483.752319 49 2.576336 13.599273 -24990817.630569 25760270.300777 21889884.503773 70 82
199973 35942808.914746 187700150.708414 480.170166 48 2.576211 13.597877 -24994905.825081 25773164.926360 21869904.655528 70 82
199974 35942716.716521 187700150.708414 479.898346 48 2.576198 13.597737 -24995313.603558 25774454.709839 21867906.025139 70 82
199975 35942624.579371 187700150.708414 479.582062 48 2.576186 13.597597 -24995721.192732 25775744.551556 21865907.277420 70 82
199976 35942532.346245 187700150.708414 480.429291 47 2.576173 13.597458 -24996128.592595 25777034.451484 21863908.412379 70 82
199977 35942439.694314 187700150.708414 482.514893 48 2.576161 13.597319 -24996535.803139 25778324.409595 21861909.430025 70 82
199978 35942346.972582 187700150.708414 482.915131 48 2.576148 13.597178 -24996942.824354 25779614.425861 21859910.330371 70 82
199983 35941793.774505 187700150.708414 479.946442 49 2.576073 13.596341 -24999380.975254 25787355.743086 21847913.269853 70 82
199987 35941516.665047 187700150.708414 480.789917 48 2.576035 13.595922 -25000597.494087 25791227.184563 21841913.156873 70 82
199988 35941424.423196 187700150.708414 480.451172 48 2.576022 13.595783 -25001002.621549 25792517.780846 21839912.884814 70 82
199989 35941332.059194 187700150.708414 480.822998 49 2.576010 13.595643 -25001407.559588 25793808.434979 21837912.495573 70 82
199990 35941239.974395 187700150.208414 479.268738 49 2.575998 13.595504 -25001812.308196 25795099.146932 21835911.989162 70 82
199991 35941147.662743 187700150.208414 480.308655 48 2.575985 13.595365 -25002216.867365 25796389.916680 21833911.365588 70 82
199992 35941055.281290 187700150.208414 480.629089 48 2.575973 13.595225 -25002621.237086 25797680.744194 21831910.624864 70 82
199999 35940409.832636 187700150.208414 481.041107 48 2.575887 13.594248 -25005446.519865 25806718.151854 21817902.160578 70 82
200000 35940317.459909 187700150.208414 480.402435 48 2.575875 13.594109 -25005849.373697 25808009.440496 21815900.483038 70 82
200001 35940225.043555 187700150.208414 480.821930 48 2.575863 13.593969 -25006252.038006 25809300.786655 21813898.688444 70 82
200002 35940132.697003 187700150.208414 480.555725 48 2.575850 13.593829 -25006654.512782 25810592.190302 21811896.776808 70 82
200003 35940040.455152 187700150.208414 480.036194 48 2.575839 13.593690 -25007056.798016 25811883.651409 21809894.748139 70 82
200011 35939304.902299 187700150.208414 477.529846 48 2.575740 13.592573 -25010268.255376 25822217.405455 21793874.306995 70 82
200012 35939212.948377 187700150.208414 478.824005 48 2.575728 13.592434 -25010668.834359 25823509.382457 21791871.225517 70 82
200013 35939120.802502 187700150.208414 479.878662 48 2.575715 13.592295 -25011069.223717 25824801.416642 21789868.027112 70 82
200014 35939028.708978 187700150.208414 479.383301 48 2.575703 13.592155 -25011469.423440 25826093.507981 21787864.711792 70 82
200015 35938936.641629 187700150.208414 479.204102 48 2.575691 13.592015 -25011869.433522 25827385.656448 21785861.279568 70 82
200016 35938844.635356 187700150.208414 478.949371 48 2.575678 13.591876 -25012269.253952 25828677.862015 21783857.730451 70 82
200023 35938203.095551 187700150.208414 476.268463 48 2.575591 13.590899 -25015062.686016 25837724.897368 21769829.614604 70 82
200024 35938111.333581 187700150.208414 478.002899 48 2.575578 13.590759 -25015460.988937 25839017.558729 21767825.130725 70 82
200025 35938019.301133 187700150.208414 479.287323 48 2.575566 13.590620 -25015859.102132 25840310.276940 21765820.530048 70 82
200026 35937927.259959 187700150.208414 478.969086 49 2.575554 13.590481 -25016257.025592 25841603.051972 21763815.812583 70 82
200027 35937835.253686 187700150.208414 478.985962 49 2.575541 13.590342 -25016654.759309 25842895.883798 21761810.978343 70 82
200036 35937011.158428 187700150.208414 478.136261 49 2.575426 13.589086 -25020225.822922 25854533.921297 21743762.217138 70 83
200037 35936919.344108 187700150.208414 477.564453 49 2.575413 13.588946 -25020621.658748 25855827.319530 21741756.215729 70 83
200038 35936827.660664 187700150.208414 477.284424 49 2.575399 13.588807 -25021017.304740 25857120.774251 21739750.097663 70 83
200039 35936736.047021 187700150.208414 476.961090 49 2.575386 13.588668 -25021412.760887 25858414.285431 21737743.862950 70 83
200047 35936005.197001 187700150.208414 476.932281 49 2.575279 13.587552 -25024569.574701 25868764.404039 21721689.787317 70 83
200048 35935913.522282 187700150.208414 476.832611 49 2.575265 13.587412 -25024963.321886 25870058.422108 21719682.503259 70 83
200049 35935822.109317 187700150.208414 475.606110 49 2.575251 13.587273 -25025356.879145 25871352.496358 21717675.102662 70 83
200050 35935730.591650 187700150.208414 476.424408 49 2.575238 13.587133 -25025750.246470 25872646.626763 21715667.585536 70 83
200051 35935639.327011 187700150.208414 475.229584 49 2.575224 13.586993 -25026143.423851 25873940.813292 21713659.951892 70 83
200052 35935547.992571 187700150.208414 475.523346 49 2.575210 13.586854 -25026536.411282 25875235.055920 21711652.201740 70 83
200059 35934909.419303 187700150.208414 476.233826 48 2.575117 13.585877 -25029282.003961 25884296.322680 21697594.689428 70 83
200060 35934817.927812 187700150.208414 475.202454 48 2.575104 13.585739 -25029673.471487 25885591.013093 21695586.007596 70 83
200061 35934726.846400 187700150.208414 473.941010 48 2.575091 13.585599 -25030064.748987 25886885.759353 21693577.209355 70 83
200062 35934635.895865 187700150.208414 473.514618 48 2.575078 13.585460 -25030455.836454 25888180.561432 21691568.294713 70 83
200063 35934545.058757 187700150.208414 472.875946 48 2.575065 13.585320 -25030846.733879 25889475.419302 21689559.263683 70 83
200068 35934088.674487 187700150.208414 475.771698 48 2.575000 13.584622 -25032798.370081 25895950.544523 21679512.363114 70 83
200069 35933997.331323 187700150.208414 475.104248 48 2.574987 13.584483 -25033188.127084 25897245.736564 21677502.633964 70 83
200070 35933906.136485 187700150.208414 474.653931 48 2.574974 13.584344 -25033577.693988 25898540.984201 21675492.788500 70 83
200071 35933815.308101 187700150.208414 473.153809 48 2.574960 13.584205 -25033967.070785 25899836.287406 21673482.826734 70 83
200078 35933179.814797 187700150.208414 473.061859 49 2.574868 13.583228 -25036687.384656 25908904.963393 21659409.838830 70 83
200079 35933088.925338 187700150.208414 473.346954 49 2.574855 13.583089 -25037075.240301 25910200.710150 21657398.947016 70 83
200080 35932998.035879 187700150.208414 473.795898 49 2.574842 13.582950 -25037462.905764 25911496.512226 21655387.938993 70 83
200081 35932907.102794 187700150.208414 473.909943 48 2.574829 13.582809 -25037850.381039 25912792.369593 21653376.814773 70 83
200082 35932816.414012 187700150.208414 472.231445 48 2.574816 13.582670 -25038237.666117 25914088.282222 21651365.574368 70 83
200091 35932001.087489 187700150.208414 473.178711 49 2.574703 13.581416 -25041714.671590 25925753.978058 21633259.184199 70 83
200092 35931910.154404 187700150.208414 473.085388 49 2.574691 13.581276 -25042100.054250 25927050.441784 21631246.782521 70 83
200093 35931819.291120 187700150.208414 472.706177 49 2.574678 13.581137 -25042485.246624 25928346.960465 21629234.264774 70 83
200094 35931728.375486 187700150.208414 473.206177 49 2.574667 13.580997 -25042870.248703 25929643.534076 21627221.630971 70 83
200102 35931004.357227 187700150.208414 470.167511 49 2.574571 13.579883 -25045943.413751 25940018.096970 21611116.383863 70 83
200103 35930914.139601 187700150.208414 469.711884 49 2.574559 13.579743 -25046326.702816 25941315.163678 21609102.706030 70 83
200104 35930823.948151 187700150.208414 469.618378 49 2.574547 13.579603 -25046709.801506 25942612.285036 21607088.912249 70 83
200105 35930733.800326 187700150.208414 469.534210 49 2.574535 13.579464 -25047092.709813 25943909.461015 21605075.002528 70 83
200106 35930643.128995 187700150.208414 471.876007 49 2.574522 13.579325 -25047475.427729 25945206.691589 21603060.976875 70 83
200106 35930552.300611 187700150.208414 472.569397 49 2.574522 13.579325 -25047475.427729 25945206.691589 21603060.976875 70 83
200108 35930461.384977 187700150.208414 473.520508 49 2.574499 13.579046 -25048240.292355 25947801.316411 21599032.577825 70 83
200117 35929649.330369 187700150.208414 470.477081 48 2.574385 13.577791 -25051672.756666 25959479.823056 21580899.046599 70 83
200118 35929558.763739 187700150.208414 471.188263 48 2.574373 13.577652 -25052053.189261 25960777.706579 21578883.630645 70 83
200119 35929468.354161 187700150.208414 470.375153 48 2.574360 13.577513 -25052433.431360 25962075.644332 21576868.098903 70 84
