199376 24578831.674558 0.000000 3364.699951 40 5.464515 27.547026 -15299207.936501 21133162.172309 -9803736.349855 26 167
199377 24578185.684948 0.000000 3363.700928 40 5.463257 27.542522 -15300131.576778 21133812.678888 -9800902.791422 26 167
199378 24577540.000716 0.000000 3362.170166 40 5.461999 27.538021 -15301054.921843 21134463.043420 -9798069.052505 26 167
199379 24576894.395010 0.000000 3361.646729 40 5.460743 27.533520 -15301977.971706 21135113.265852 -9795235.133154 26 167
199380 24576248.754404 0.000000 3361.653564 40 5.459487 27.529018 -15302900.726375 21135763.346134 -9792401.033420 26 167
199381 24575602.982921 0.000000 3361.964111 40 5.458233 27.524519 -15303823.185859 21136413.284215 -9789566.753354 26 167
199382 24574957.063112 0.000000 3362.820801 40 5.456979 27.520020 -15304745.350167 21137063.080043 -9786732.293009 26 167
199386 24572372.240884 0.000000 3363.814453 40 5.451968 27.502312 -15308431.055781 21139660.839775 -9775392.649993 26 167
199387 24571726.408325 0.000000 3363.102051 40 5.450716 27.497816 -15309351.744340 21140309.923567 -9772557.289043 26 167
199388 24571080.462340 0.000000 3363.588867 40 5.449463 27.493322 -15310272.137775 21140958.864797 -9769721.748128 26 167
199389 24570434.830459 0.000000 3362.177979 40 5.448212 27.488829 -15311192.236095 21141607.663414 -9766886.027303 26 167
199395 24566561.021723 0.000000 3362.352539 39 5.440714 27.461880 -15316706.629070 21145497.457342 -9749867.927239 26 167
199396 24565915.442192 0.000000 3361.310303 39 5.439466 27.457390 -15317624.661836 21146145.256230 -9747030.948494 26 167
199397 24565270.133140 0.000000 3360.116211 40 5.438220 27.452902 -15318542.399558 21146792.912094 -9744193.790259 26 167
199398 24564624.771738 0.000000 3360.125732 40 5.436973 27.448414 -15319459.842245 21147440.424882 -9741356.452582 26 167
199402 24562041.476404 0.000000 3362.879395 40 5.431993 27.430471 -15323126.662801 21150029.044234 -9730005.308596 26 167
199404 24560750.116666 0.000000 3361.947510 40 5.429503 27.421503 -15324958.303123 21151322.494135 -9724328.661263 26 167
199405 24560104.537135 0.000000 3361.670898 40 5.428261 27.417021 -15325873.680821 21151969.003959 -9721490.068959 26 167
199406 24559459.079757 0.000000 3361.150635 40 5.427019 27.412539 -15326788.763557 21152615.370297 -9718651.297634 26 167
199407 24558813.936482 0.000000 3359.342285 40 5.425777 27.408058 -15327703.551339 21153261.593096 -9715812.347340 26 166
199413 24554943.190258 0.000000 3361.040039 40 5.418337 27.381186 -15333186.084479 21157135.912707 -9698774.890244 26 166
199414 24554298.055708 0.000000 3359.062256 40 5.417099 27.376709 -15334098.807841 21157781.129307 -9695934.688624 26 166
199415 24553652.886258 0.000000 3359.423828 40 5.415861 27.372234 -15335011.236323 21158426.201959 -9693094.308452 26 166
199416 24553007.629557 0.000000 3359.970459 40 5.414624 27.367760 -15335923.369933 21159071.130612 -9690253.749780 26 166
199417 24552362.468832 0.000000 3359.517334 40 5.413389 27.363285 -15336835.208681 21159715.915215 -9687413.012662 26 166
199418 24551717.438983 0.000000 3358.648438 40 5.412153 27.358812 -15337746.752575 21160360.555715 -9684572.097151 26 166
199426 24546557.906929 0.500000 3358.499512 40 5.402299 27.323051 -15345028.490088 21165512.485865 -9661838.357265 26 166
199427 24545912.885805 0.500000 3358.492188 40 5.401071 27.318584 -15345937.380720 21166155.827140 -9658995.838562 26 166
199428 24545267.899582 0.500000 3358.851807 40 5.399843 27.314117 -15346845.976590 21166799.023800 -9656153.141989 26 166
199429 24544623.009336 0.500000 3357.947998 40 5.398616 27.309652 -15347754.277709 21167442.075794 -9653310.267598 26 166
199430 24543978.049288 0.500000 3358.333984 40 5.397388 27.305187 -15348662.284087 21168084.983071 -9650467.215441 26 166
199437 24539465.937762 0.500000 3358.020264 40 5.388817 27.273954 -15355010.076692 21172581.277588 -9630560.877442 26 166
199438 24538821.693173 0.500000 3355.814941 40 5.387596 27.269495 -15355915.725467 21173223.025280 -9627716.405054 26 166
199439 24538177.422409 0.500000 3355.127930 40 5.386374 27.265038 -15356821.079585 21173864.627793 -9624871.755373 26 166
199440 24537533.108019 0.500000 3355.145996 40 5.385152 27.260578 -15357726.139054 21174506.085077 -9622026.928449 26 166
199441 24536888.811080 0.500000 3354.825684 40 5.383933 27.256123 -15358630.903885 21175147.397080 -9619181.924337 26 166
199442 24536244.200037 0.500000 3356.704834 40 5.382714 27.251667 -15359535.374087 21175788.563751 -9616336.743086 26 166
199446 24533665.467935 0.500000 3356.489502 40 5.377841 27.233849 -15363150.308757 21178351.776067 -9604954.247871 26 166
199447 24533021.223346 0.500000 3354.633301 40 5.376625 27.229397 -15364053.305953 21178992.215308 -9602108.181728 26 166
199448 24532377.231786 0.500000 3353.935791 39 5.375409 27.224945 -15364956.008576 21179632.508910 -9599261.938766 26 166
199449 24531733.074448 0.500000 3353.894775 39 5.374193 27.220493 -15365858.416636 21180272.656821 -9596415.519034 26 166
199450 24531088.890935 0.500000 3353.711182 39 5.372977 27.216324 -15366760.530143 21180912.658991 -9593568.922584 26 166
199451 24530444.122840 0.500000 3356.729004 39 5.371761 27.211874 -15367662.349108 21181552.515368 -9590722.149465 26 166
199456 24527222.175712 0.500000 3355.209961 39 5.365691 27.189636 -15372167.026070 21184749.608542 -9576485.635871 26 166
199457 24526578.044550 0.500000 3354.263428 40 5.364479 27.185190 -15373067.077972 21185388.589085 -9573637.803875 26 166
199458 24525934.122790 0.500000 3352.921143 40 5.363266 27.180746 -15373966.835396 21186027.423477 -9570789.795585 26 166
199459 24525290.253381 0.500000 3352.896973 40 5.362056 27.176302 -15374866.298352 21186666.111666 -9567941.611051 27 166
199460 24524646.436323 0.500000 3352.851807 40 5.360845 27.171858 -15375765.466852 21187304.653602 -9565093.250326 27 166
199465 24521425.283180 0.500000 3355.052002 39 5.354803 27.149652 -15380256.892798 21190495.167665 -9550848.805755 27 166
199466 24520781.178193 0.500000 3353.664795 40 5.353597 27.145214 -15381154.294757 21191132.831005 -9547999.388981 27 166
199467 24520136.994680 0.500000 3354.149658 40 5.352391 27.140776 -15382051.402327 21191770.347734 -9545149.796382 27 166
199468 24519492.837342 0.500000 3354.109375 40 5.351187 27.136339 -15382948.215518 21192407.717800 -9542300.028012 27 166
199469 24518849.029009 0.500000 3352.282227 39 5.349982 27.131903 -15383844.734337 21193044.941152 -9539450.083926 27 166
199475 24514986.083033 0.500000 3353.441650 40 5.342764 27.105297 -15389217.665997 21196865.197381 -9522346.732367 27 166
199476 24514342.187449 0.500000 3352.384521 40 5.341562 27.100864 -15390112.124501 21197501.392304 -9519495.559721 27 166
199477 24513698.605968 0.500000 3350.987061 39 5.340361 27.096434 -15391006.288713 21198137.440104 -9516644.211779 27 166
199478 24513055.050663 0.500000 3350.745361 39 5.339161 27.092003 -15391900.158643 21198773.340729 -9513792.688591 27 166
199479 24512411.538983 0.500000 3350.426758 39 5.337962 27.087574 -15392793.734300 21199409.094129 -9510940.990210 27 166
199484 24509192.671819 0.500000 3351.041260 39 5.331972 27.065435 -15397257.198829 21202585.650945 -9496679.872346 27 166
199485 24508549.421893 0.500000 3350.071289 39 5.330776 27.061010 -15398149.009064 21203220.519922 -9493827.123913 27 166
199486 24507906.442445 0.500000 3349.844971 39 5.329581 27.056585 -15399040.525095 21203855.241316 -9490974.200657 27 166
199487 24507263.271045 0.500000 3349.692139 39 5.328385 27.052162 -15399931.746934 21204489.815076 -9488121.102628 27 166
199488 24506620.204346 0.500000 3349.298584 39 5.327189 27.047739 -15400822.674591 21205124.241151 -9485267.829879 27 166
199489 24505976.727566 0.500000 3351.184814 40 5.325995 27.043316 -15401713.308076 21205758.519491 -9482414.382459 27 166
199490 24504689.800183 0.500000 3351.663574 40 5.323607 27.034473 -15403493.692536 21207026.632736 -9476706.963936 27 166
199494 24502759.300045 0.000000 3350.465820 40 5.320028 27.021214 -15406162.063233 21208927.693344 -9468144.527299 27 166
199495 24502116.067569 0.000000 3349.374756 40 5.318836 27.016798 -15407050.931894 21209561.084197 -9465290.032983 27 166
199496 24501472.939794 0.000000 3349.017334 40 5.317645 27.012379 -15407939.506451 21210194.326956 -9462435.364368 27 166
199497 24500829.646242 0.000000 3349.656738 39 5.316453 27.007963 -15408827.786917 21210827.421571 -9459580.521506 27 166
199498 24500186.378866 0.000000 3349.553467 39 5.315263 27.003548 -15409715.773301 21211460.367991 -9456725.504450 27 166
199499 24499542.727584 0.000000 3351.287109 39 5.314072 26.999132 -15410603.465614 21212093.166166 -9453870.313249 27 166
199504 24496325.378589 0.000000 3349.913330 39 5.308125 26.977066 -15415037.516418 21215254.931533 -9439591.747092 27 166
199505 24495682.207189 0.000000 3349.041748 39 5.306938 26.972654 -15415923.444510 21215886.839158 -9436735.512155 27 166
199506 24495038.896187 0.000000 3349.622559 39 5.305751 26.968245 -15416809.078602 21216518.598179 -9433879.103445 27 166
199507 24494395.620085 0.000000 3349.284180 39 5.304564 26.963835 -15417694.418703 21217150.208547 -9431022.521015 27 166
199514 24489894.763949 0.500000 3349.144043 39 5.296270 26.933271 -15423883.568485 21221567.314481 -9411021.584404 27 166
199515 24489251.409322 0.500000 3349.732178 39 5.295087 26.928867 -15424766.557027 21222197.733778 -9408163.614112 27 166
199516 24488608.168121 0.500000 3349.078125 39 5.293905 26.924463 -15425649.251671 21222828.003961 -9405305.470574 27 166
199517 24487965.005445 0.500000 3348.596680 39 5.292722 26.920061 -15426531.652426 21223458.124979 -9402447.153844 27 166
199524 24483465.143972 0.500000 3345.405273 40 5.284465 26.889265 -15432700.229668 21227864.791203 -9382434.091891 27 166
199525 24482822.513529 0.500000 3345.811035 40 5.283288 26.884869 -15433580.279688 21228493.717073 -9379574.391520 27 166
199526 24482179.656232 0.500000 3347.462402 40 5.282111 26.880472 -15434460.035913 21229122.493320 -9376714.518428 27 166
199527 24481536.502282 0.500000 3348.408203 40 5.280935 26.876078 -15435339.498354 21229751.119894 -9373854.472668 27 166
199528 24480893.549009 0.500000 3347.328857 40 5.279760 26.871683 -15436218.667020 21230379.596743 -9370994.254296 27 166
199536 24475753.255820 0.500000 3346.948486 39 5.270383 26.836554 -15443241.441689 21235402.015309 -9348106.299720 27 166
199537 24475110.660277 0.500000 3346.621338 40 5.269214 26.832167 -15444117.966857 21236029.142345 -9345244.530207 27 166
199538 24474468.160710 0.500000 3345.692383 40 5.268045 26.827780 -15444994.198355 21236656.119147 -9342382.588609 27 166
199539 24473825.608792 0.500000 3345.559570 40 5.266877 26.823393 -15445870.136195 21237282.945664 -9339520.474978 27 166
199546 24469329.315889 0.500000 3345.621582 39 5.258708 26.792707 -15451993.479475 21241666.519016 -9319480.867197 27 166
199547 24468686.650545 0.500000 3345.972656 39 5.257543 26.788326 -15452867.068426 21242292.141425 -9316617.379202 27 166
199548 24468044.020101 0.500000 3345.572510 39 5.256377 26.783947 -15453740.363813 21242917.613092 -9313753.719649 27 166
199549 24467401.703761 0.500000 3344.383789 40 5.255213 26.779568 -15454613.365646 21243542.933965 -9310889.888595 27 166
199556 24462907.923689 0.500000 3341.234131 40 5.247085 26.748934 -15460716.159860 21247915.953563 -9290838.273638 27 166
199557 24462265.930178 0.500000 3342.929932 40 5.245926 26.744560 -15461586.813656 21248540.066259 -9287973.072448 27 166
199558 24461623.683640 0.500000 3344.226074 40 5.244768 26.740187 -15462457.173996 21249164.027704 -9285107.700224 27 166
199559 24460981.489452 0.500000 3343.923828 40 5.243609 26.735815 -15463327.240891 21249787.837848 -9282242.157025 27 166
199560 24460339.548292 0.500000 3342.434082 40 5.242451 26.731443 -15464197.014350 21250411.496638 -9279376.442904 27 166
199566 24456489.122847 0.500000 3343.108887 39 5.235515 26.705231 -15469409.493546 21254150.268109 -9262178.571851 27 166
199567 24455847.268938 0.500000 3342.441406 40 5.234360 26.700865 -15470277.213265 21254772.866010 -9259311.662742 27 166
199568 24455205.476105 0.500000 3342.488281 40 5.233207 26.696499 -15471144.639636 21255395.312152 -9256444.583132 27 166
199569 24454563.665821 0.500000 3342.234375 40 5.232054 26.692133 -15472011.772670 21256017.606484 -9253577.333074 27 166
199570 24453921.986415 0.500000 3341.421631 40 5.230901 26.687771 -15472878.612377 21256639.748956 -9250709.912621 27 166
199579 24448149.166458 0.500000 3340.731445 40 5.220560 26.648809 -15480666.971827 21262232.189078 -9224895.469598 27 166
199580 24447507.661553 0.500000 3340.798096 40 5.219412 26.644453 -15481530.878874 21262852.810153 -9222026.348100 27 166
199581 24446866.479478 0.500000 3339.488281 40 5.218266 26.640097 -15482394.492714 21263473.278809 -9219157.056790 27 166
199582 24446225.201426 0.500000 3339.681152 40 5.217120 26.635740 -15483257.813360 21264093.594996 -9216287.595718 27 166
199583 24445583.679071 0.500000 3340.810547 40 5.215975 26.631388 -15484120.840823 21264713.758663 -9213417.964936 27 166
199591 24440454.449320 0.500000 3338.831543 40 5.206834 26.596577 -15491014.507211 21269669.571156 -9190454.815675 27 166
199592 24439813.136368 0.500000 3338.727783 40 5.205694 26.592228 -15491874.896521 21270288.359859 -9187583.659904 27 166
199593 24439171.718714 0.500000 3339.323242 40 5.204555 26.587881 -15492734.992759 21270906.995535 -9184712.334952 27 166
199594 24438530.615165 0.500000 3337.504639 40 5.203415 26.583534 -15493594.795934 21271525.478132 -9181840.840877 27 166
199595 24437889.816994 0.500000 3336.489502 40 5.202277 26.579187 -15494454.306059 21272143.807600 -9178969.177733 27 166
199596 24437249.018823 0.500000 3336.534668 40 5.201139 26.574842 -15495313.523145 21272761.983888 -9176097.345568 27 166
199597 24436608.211928 0.500000 3336.380615 40 5.200002 26.570498 -15496172.447204 21273380.006946 -9173225.344436 27 166
199604 24432121.848198 0.500000 3335.713623 40 5.192056 26.540106 -15502176.711751 21277701.873635 -9153116.609984 27 166
199605 24431480.936601 0.500000 3337.427734 40 5.190922 26.535769 -15503033.291993 21278318.669030 -9150243.259021 27 166
199606 24430839.833051 0.500000 3338.349121 40 5.189788 26.531429 -15503889.579309 21278935.310738 -9147369.739565 27 166
199607 24430198.921454 0.500000 3337.713623 40 5.188656 26.527094 -15504745.573710 21279551.798710 -9144496.051673 27 166
199608 24429558.088383 0.500000 3337.327148 40 5.187523 26.522757 -15505601.275206 21280168.132894 -9141622.195398 27 166
199613 24425715.157807 0.500000 3334.613770 40 5.180739 26.496752 -15510729.333808 21283862.905604 -9124375.524769 28 166
199616 24424433.875569 0.500000 3336.968750 40 5.178481 26.488091 -15512436.343972 21285093.263922 -9118625.289846 28 166
199617 24423793.190825 0.500000 3336.085449 40 5.177352 26.483761 -15513289.409847 21285708.211743 -9115749.920497 28 166
199618 24423152.383929 0.500000 3336.418945 40 5.176225 26.479431 -15514142.182933 21286323.005270 -9112874.383291 28 166
199619 24422511.542133 0.500000 3336.211670 40 5.175097 26.475101 -15514994.663240 21286937.644453 -9109998.678284 28 166
199627 24417388.943464 0.500000 3334.530518 40 5.166091 26.440500 -15521803.967011 21291849.195430 -9086987.003883 28 166
199628 24416748.415772 0.500000 3335.095215 40 5.164968 26.436178 -15522653.812830 21292462.443239 -9084109.791051 28 166
199629 24416107.861904 0.500000 3335.087646 40 5.163845 26.431858 -15523503.365985 21293075.536199 -9081232.410947 28 166
199630 24415467.552339 0.500000 3333.563721 40 5.162721 26.427536 -15524352.626488 21293688.474258 -9078354.863628 28 166
199631 24414827.260225 0.500000 3334.339111 40 5.161599 26.423216 -15525201.594351 21294301.257366 -9075477.149144 28 166
199638 24410347.178574 0.500000 3333.861328 40 5.153756 26.393282 -15531136.176408 21298586.396223 -9055328.471717 28 166
199639 24409706.964985 0.500000 3333.529297 40 5.152638 26.388969 -15531982.803569 21299197.937904 -9052449.421823 28 166
199640 24409066.777572 0.500000 3333.195557 40 5.151521 26.384655 -15532829.138195 21299809.324178 -9049570.205241 28 166
199641 24408426.904263 0.500000 3331.612549 40 5.150405 26.380342 -15533675.180296 21300420.554997 -9046690.822029 28 166
199642 24407787.179281 0.500000 3330.818359 40 5.149289 26.376032 -15534520.929884 21301031.630308 -9043811.272236 28 166
199649 24403307.446633 0.500000 3330.027344 40 5.141489 26.345869 -15540432.987632 21305304.799032 -9023649.763961 28 166
199650 24402668.035755 0.500000 3329.563721 40 5.140378 26.341564 -15541276.397548 21305914.628470 -9020768.883432 28 166
199651 24402028.729578 0.500000 3329.435303 40 5.139266 26.337257 -15542119.515058 21306524.301947 -9017887.836800 28 166
199652 24401389.388500 0.500000 3329.421387 40 5.138154 26.332952 -15542962.340174 21307133.819412 -9015006.624118 28 166
199653 24400749.288338 0.500000 3333.208252 40 5.137043 26.328650 -15543804.872909 21307743.180816 -9012125.245430 28 166
199654 24400109.563356 0.500000 3331.403076 40 5.135415 26.324347 -15544647.113273 21308352.386107 -9009243.700803 28 166
199659 24396911.994183 0.500000 3330.370850 40 5.129998 26.302841 -15548853.929917 21311396.069081 -8994833.490483 28 166
199660 24396272.714181 0.000000 3328.968994 40 5.128895 26.298544 -15549694.416306 21312004.336635 -8991950.951310 28 166
199661 24395633.538880 0.000000 3328.453857 40 5.127794 26.294247 -15550534.610408 21312612.447724 -8989068.246567 28 166
199662 24394994.546807 0.000000 3328.092773 40 5.126692 26.289948 -15551374.512234 21313220.402296 -8986185.376306 28 166
199663 24394355.441307 0.000000 3328.300293 40 5.125591 26.285652 -15552214.121797 21313828.200302 -8983302.340578 28 166
199664 24393715.951903 0.000000 3330.169922 40 5.124490 26.281357 -15553053.439109 21314435.841691 -8980419.139434 28 166
199671 24389240.084479 0.000000 3328.731445 40 5.116809 26.251307 -15558920.478232 21318684.941878 -8960232.104448 28 166
199672 24388600.883003 0.000000 3328.382324 40 5.115715 26.247015 -15559757.457964 21319291.328515 -8957347.581918 28 166
199673 24387961.358699 0.000000 3329.309570 40 5.114621 26.242725 -15560594.145554 21319897.558081 -8954462.894451 28 166
199674 24387322.131047 0.000000 3328.237793 40 5.113526 26.238438 -15561430.541012 21320503.630526 -8951578.042106 28 166
199675 24386683.173875 0.000000 3326.798584 40 5.112433 26.234150 -15562266.644350 21321109.545799 -8948693.024936 28 166
199682 24382209.923984 0.000000 3327.847168 40 5.104784 26.204155 -15568111.189368 21325346.547653 -8928493.294133 28 166
199683 24381570.792309 0.000000 3327.518311 40 5.103695 26.199875 -15568944.956189 21325951.203740 -8925606.960253 28 166
199684 24380931.678084 0.000000 3327.398193 40 5.102607 26.195593 -15569778.431001 21326555.702203 -8922720.462024 28 166
199685 24380292.686011 0.000000 3327.206299 40 5.101520 26.191313 -15570611.613815 21327160.042990 -8919833.799499 28 166
199686 24379653.772464 0.000000 3326.771484 40 5.100433 26.187033 -15571444.504643 21327764.226051 -8916946.972733 28 166
199693 24375182.930702 0.000000 3326.367920 40 5.092831 26.157381 -15577266.565835 21331989.086911 -8896734.591172 28 166
199694 24374544.593012 0.000000 3324.542969 41 5.091746 26.153107 -15578097.121218 21332592.006355 -8893846.452387 28 166
199695 24373906.351299 0.000000 3323.631348 41 5.090661 26.148832 -15578927.384725 21333194.767621 -8890958.149838 28 166
199696 24373268.057234 0.000000 3323.491211 41 5.089577 26.144560 -15579757.356370 21333797.370657 -8888069.683579 28 166
199697 24372629.815520 0.000000 3323.496338 40 5.088494 26.140289 -15580587.036164 21334399.815415 -8885181.053663 28 166
199698 24371991.582532 0.000000 3323.221436 40 5.087411 26.136019 -15581416.424119 21335002.101843 -8882292.260143 28 166
199699 24371353.148865 0.000000 3323.666260 40 5.086329 26.131748 -15582245.520250 21335604.229892 -8879403.303071 28 166
199705 24367521.700532 0.000000 3324.296631 40 5.079847 26.106142 -15587213.969353 21339213.669375 -8862066.129161 28 166
199706 24366883.624596 0.000000 3322.561035 40 5.078767 26.101875 -15588041.023048 21339814.687357 -8859176.028730 28 166
199707 24366245.696986 0.000000 3321.586182 40 5.077687 26.097612 -15588867.785016 21340415.546558 -8856285.765175 28 166
199708 24365607.769376 0.000000 3321.771973 40 5.076608 26.093348 -15589694.255270 21341016.246926 -8853395.338550 28 166
199709 24364969.937742 0.000000 3321.414063 40 5.075528 26.089085 -15590520.433822 21341616.788412 -8850504.748907 28 166
199710 24364331.931606 0.000000 3322.139404 40 5.074448 26.084822 -15591346.320685 21342217.170965 -8847613.996299 28 166
199711 24363693.541566 0.000000 3323.995361 40 5.073370 26.080561 -15592171.915872 21342817.394537 -8844723.080775 28 166
199717 24359864.841642 0.000000 3321.819092 40 5.066911 26.055008 -15597119.362447 21346415.394485 -8827374.169606 28 166
199718 24359227.149610 0.000000 3320.550537 40 5.065836 26.050751 -15597942.916245 21347014.503769 -8824482.115203 28 166
199719 24358589.448853 0.000000 3320.215332 40 5.064762 26.046495 -15598766.178467 21347613.453668 -8821589.898314 28 166
199720 24357951.870247 0.000000 3319.967529 39 5.063688 26.042240 -15599589.149124 21348212.244131 -8818697.518995 28 166
199721 24357314.099689 0.000000 3321.279053 39 5.062613 26.037987 -15600411.828231 21348810.875110 -8815804.977296 28 166
199722 24356675.988852 0.000000 3322.716553 40 5.061538 26.033731 -15601234.215799 21349409.346554 -8812912.273269 28 166
199730 24351574.164668 0.000000 3321.381104 40 5.052961 25.999731 -15607802.822430 21354191.368785 -8789764.803896 28 166
199731 24350936.367935 0.000000 3321.062012 40 5.051890 25.995483 -15608622.586719 21354788.402152 -8786870.641348 28 166
199732 24350298.667177 0.000000 3320.703125 40 5.050820 25.991238 -15609442.059594 21355385.275482 -8783976.317009 28 166
199733 24349661.036221 0.000000 3320.317627 40 5.049751 25.986994 -15610261.241071 21355981.988724 -8781081.830933 28 166
199734 24349023.422715 0.000000 3320.234619 40 5.048682 25.982748 -15611080.131160 21356578.541830 -8778187.183173 28 166
199736 24347111.672836 0.000000 3318.183594 40 5.045477 25.970018 -15613535.053203 21358367.239794 -8769502.270437 28 166
199742 24343924.678494 0.000000 3318.864258 40 5.040141 25.948816 -15617620.763454 21361345.195679 -8755024.186971 28 166
199743 24343287.169690 0.000000 3319.360107 40 5.039076 25.944580 -15618437.031639 21361940.305291 -8752128.086450 28 166
199744 24342649.704511 0.000000 3318.925049 40 5.038010 25.940342 -15619253.008565 21362535.254264 -8749231.824779 28 166
199745 24342012.309132 0.000000 3318.160400 39 5.036944 25.936106 -15620068.694246 21363130.042547 -8746335.402010 28 166
199746 24341374.957380 0.000000 3317.464111 39 5.035878 25.932154 -15620884.088693 21363724.670092 -8743438.818198 28 166
199754 24336278.699815 0.000000 3317.811035 40 5.027365 25.898294 -15627396.761398 21368475.897809 -8720260.356651 28 166
199755 24335641.574915 0.000000 3317.433594 39 5.026302 25.894066 -15628209.535330 21369069.076448 -8717362.325846 28 166
199756 24335004.432565 0.000000 3317.519287 40 5.025242 25.889837 -15629022.018159 21369662.093848 -8714464.134531 28 166
199757 24334367.333840 0.000000 3317.185791 40 5.024181 25.885609 -15629834.209897 21370254.949958 -8711565.782760 28 166
199758 24333730.296191 0.000000 3316.678955 40 5.023121 25.881382 -15630646.110557 21370847.644727 -8708667.270586 29 166
199759 24333093.520296 0.000000 3315.258545 40 5.022062 25.877155 -15631457.720152 21371440.178107 -8705768.598064 29 166
199765 24329272.847472 0.000000 3316.264160 39 5.015716 25.851812 -15636321.266068 21374991.986367 -8688373.198692 29 166
199766 24328636.272254 0.000000 3314.325195 39 5.014660 25.847591 -15637130.838576 21375583.388615 -8685473.405220 29 166
199767 24327999.897714 0.000000 3313.860840 39 5.013606 25.843370 -15637940.120124 21376174.629072 -8682573.451828 29 166
199768 24327363.549349 0.000000 3313.618408 39 5.012551 25.839149 -15638749.110725 21376765.707688 -8679673.338567 29 166
199769 24326727.000306 0.000000 3314.644043 40 5.011497 25.834932 -15639557.810393 21377356.624415 -8676773.065489 29 166
199770 24326090.215685 0.000000 3315.854736 40 5.010444 25.830713 -15640366.219141 21377947.379202 -8673872.632647 29 166
199771 24325453.396164 0.000000 3316.383545 40 5.009391 25.826496 -15641174.336982 21378537.971999 -8670972.040096 29 166
199779 24320361.570955 0.500000 3319.360107 40 5.000996 25.792782 -15647628.808585 21383256.876693 -8647761.556739 29 166
199780 24319724.437330 0.000000 3317.812500 40 4.999947 25.788570 -15648434.308854 21383846.009327 -8644859.529216 29 166
199781 24319088.333267 0.000000 3312.967773 40 4.998897 25.784361 -15649239.518344 21384434.979470 -8641957.342529 29 166
199784 24317179.375423 0.000000 3313.883301 40 4.995750 25.771734 -15651653.402268 21386200.914436 -8633249.828066 29 166
199785 24316543.236460 0.000000 3314.069092 40 4.994702 25.767529 -15652457.448791 21386789.234119 -8630347.005220 29 166
199786 24315907.219649 0.000000 3312.521729 40 4.993655 25.763321 -15653261.204604 21387377.391061 -8627444.023468 29 166
199787 24315271.490767 0.000000 3311.427002 40 4.992609 25.759115 -15654064.669722 21387965.385213 -8624540.882867 29 165
199788 24314635.674633 0.000000 3311.227539 40 4.991566 25.754910 -15654867.844157 21388553.216525 -8621637.583466 29 165
199789 24313999.867225 0.000000 3311.108643 40 4.990525 25.750706 -15655670.727923 21389140.884948 -8618734.125320 29 165
199790 24313364.094717 0.000000 3310.993896 40 4.989485 25.746502 -15656473.321034 21389728.390431 -8615830.508482 29 165
199791 24312728.121531 0.000000 3312.264648 40 4.988445 25.742300 -15657275.623504 21390315.732924 -8612926.733004 29 165
199792 24312092.209421 0.000000 3312.054199 40 4.987403 25.738096 -15658077.635345 21390902.912378 -8610022.798941 29 165
199793 24311456.079184 0.000000 3312.269531 40 4.986362 25.733896 -15658879.356571 21391489.928743 -8607118.706345 29 165
199794 24310819.957672 0.000000 3312.174805 40 4.985320 25.729694 -15659680.787195 21392076.781969 -8604214.455271 29 165
199795 24310184.124088 0.000000 3310.980469 40 4.984278 25.725494 -15660481.927230 21392663.472005 -8601310.045775 29 165
199803 24305098.170876 0.000000 3311.812988 41 4.975954 25.692207 -15666880.587910 21397351.111469 -8578069.073079 29 165
199804 24304462.354743 0.000000 3311.040771 40 4.974916 25.688015 -15667679.113255 21397936.330557 -8575163.240174 29 165
199805 24303826.468808 0.000000 3310.674316 40 4.973879 25.683821 -15668477.348146 21398521.385957 -8572257.249380 29 165
199806 24303190.940603 0.000000 3308.952637 41 4.972843 25.679630 -15669275.292597 21399106.277618 -8569351.100755 29 165
199807 24302555.377498 0.000000 3308.622803 41 4.971807 25.675438 -15670072.946621 21399691.005491 -8566444.794347 29 165
199817 24296201.456565 0.500000 3307.552002 40 4.961459 25.633568 -15678033.516360 21405529.264907 -8537373.064194 29 165
199818 24295566.329715 0.500000 3306.684570 40 4.960426 25.629385 -15678827.976589 21406112.187824 -8534465.025729 29 165
199819 24294930.941112 0.500000 3308.481689 40 4.959392 25.625204 -15679622.146556 21406694.946357 -8531556.830123 29 165
199820 24294295.665935 0.500000 3307.849854 40 4.958360 25.621021 -15680416.026273 21407277.540453 -8528648.477433 29 165
199821 24293660.259882 0.500000 3308.364258 40 4.957327 25.616840 -15681209.615755 21407859.970065 -8525739.967711 29 165
199822 24293025.063231 0.500000 3307.312988 40 4.956296 25.612661 -15682002.915014 21408442.235141 -8522831.301012 29 165
199823 24292389.866580 0.500000 3306.639893 40 4.955264 25.608480 -15682795.924065 21409024.335632 -8519922.477390 29 165
199832 24286675.182024 0.500000 3306.232910 40 4.946000 25.570900 -15689919.948395 21414255.825490 -8493736.012183 29 165
199833 24286039.933022 0.500000 3307.481445 40 4.944973 25.566729 -15690710.056123 21414836.277394 -8490825.622269 29 165
199834 24285404.814897 0.500000 3306.887207 40 4.943946 25.562557 -15691499.873793 21415416.564166 -8487915.076022 29 165
199835 24284769.766573 0.500000 3306.830811 40 4.942920 25.558384 -15692289.401421 21415996.685755 -8485004.373495 29 165
199845 24278424.815053 0.500000 3304.468262 41 4.932687 25.516720 -15700168.728376 21421788.805662 -8455888.764769 29 165
199846 24277790.124458 0.500000 3304.937744 41 4.931668 25.512558 -15700955.066453 21422367.106967 -8452976.346702 29 165
199847 24277155.564740 0.500000 3304.257080 41 4.930648 25.508396 -15701741.114655 21422945.242492 -8450063.773000 29 165
199848 24276521.196975 0.500000 3304.065674 41 4.929627 25.504236 -15702526.872995 21423523.212188 -8447151.043717 29 165
199849 24275886.672157 0.500000 3304.298096 41 4.928609 25.500074 -15703312.341488 21424101.016007 -8444238.158904 29 165
199850 24275252.243316 0.500000 3303.610107 41 4.927590 25.495916 -15704097.520147 21424678.653898 -8441325.118616 29 165
199857 24270814.138163 0.500000 3302.252197 41 4.920475 25.467108 -15709585.656576 21428717.468961 -8420929.487941 29 165
199858 24270179.927450 0.500000 3303.254150 41 4.919460 25.462954 -15710368.517076 21429293.777642 -8418015.205786 29 165
199859 24269545.734187 0.500000 3302.875244 41 4.918445 25.458799 -15711151.087869 21429869.919949 -8415100.768639 29 165
199859 24268911.497298 0.500000 3302.670410 41 4.918445 25.458799 -15711151.087869 21429869.919949 -8415100.768639 29 165
199868 24263840.568724 0.500000 3301.243896 41 4.909319 25.421457 -15718181.190512 21435047.705639 -8388863.868679 29 165
199869 24263206.331835 0.500000 3301.400391 41 4.908307 25.417313 -15718960.865020 21435622.181471 -8385947.884567 29 165
199870 24262572.347974 0.500000 3301.494629 41 4.907293 25.413166 -15719740.249977 21436196.490382 -8383031.746056 29 165
199871 24261938.364114 0.500000 3301.401367 41 4.906281 25.409023 -15720519.345397 21436770.632323 -8380115.453199 29 165
199872 24261304.484954 0.500000 3300.687744 41 4.905270 25.404879 -15721298.151296 21437344.607245 -8377199.006049 29 165
199880 24256237.744433 0.500000 3299.052490 41 4.897202 25.371761 -15727518.177374 21441930.387938 -8353861.880894 29 165
199881 24255604.205552 0.500000 3299.167725 41 4.896195 25.367622 -15728294.378219 21442502.857453 -8350944.047527 29 165
199882 24254970.561971 0.000000 3299.407471 41 4.895190 25.363487 -15729070.289687 21443075.159453 -8348026.060403 29 165
199883 24254337.066716 0.000000 3298.544922 41 4.894185 25.359352 -15729845.911789 21443647.293889 -8345107.919579 29 165
199884 24253703.458035 0.000000 3298.949951 40 4.893180 25.355217 -15730621.244543 21444219.260710 -8342189.625106 29 165
199895 24246740.000997 0.000000 3294.621582 41 4.882154 25.309786 -15739130.811838 21450499.819020 -8310078.260684 29 165
199896 24246107.064149 0.000000 3295.909180 41 4.881155 25.305662 -15739902.673521 21451069.770609 -8307158.126637 29 165
199897 24245473.647421 0.000000 3298.077637 41 4.880157 25.301537 -15740674.246044 21451639.553941 -8304237.839637 29 165
199898 24244840.256867 0.000000 3297.759766 41 4.879159 25.297413 -15741445.529421 21452209.168966 -8301317.399743 29 165
199899 24244206.813964 0.000000 3297.972168 41 4.878161 25.293289 -15742216.523665 21452778.615635 -8298396.807006 29 165
199900 24243573.327434 0.000000 3297.802002 41 4.877163 25.289167 -15742987.228791 21453347.893897 -8295476.061483 29 165
199908 24238510.626638 0.000000 3296.169678 40 4.869207 25.256500 -15749142.463278 21457896.051417 -8272104.603585 30 165
199909 24237877.907918 0.000000 3294.115479 40 4.868216 25.252384 -15749910.567002 21458463.811799 -8269182.485408 30 165
199910 24237245.224098 0.000000 3294.143799 40 4.867225 25.248268 -15750678.381754 21459031.403281 -8266260.214984 30 165
199911 24236612.261075 0.000000 3295.037354 40 4.866234 25.244154 -15751445.907550 21459598.825813 -8263337.792362 30 165
199912 24235979.394029 0.000000 3294.695801 40 4.865242 25.240040 -15752213.144405 21460166.079346 -8260415.217600 30 165
199913 24235346.701484 0.000000 3293.999756 40 4.864251 25.235928 -15752980.092331 21460733.163830 -8257492.490753 30 165
199920 24230919.275865 0.000000 3292.561035 41 4.857325 25.207157 -15758340.639066 21464698.017684 -8237029.149041 30 165
199921 24230286.792723 0.000000 3293.671631 41 4.856337 25.203051 -15759105.276106 21465263.748001 -8234105.207440 30 165
199922 24229654.440457 0.000000 3293.157715 41 4.855349 25.198944 -15759869.624353 21465829.308824 -8231181.114239 30 165
199923 24229021.904965 0.000000 3293.853271 41 4.854362 25.194836 -15760633.683820 21466394.700106 -8228256.869487 30 165
199924 24228389.456723 0.000000 3293.151855 40 4.853375 25.190731 -15761397.454523 21466959.921795 -8225332.473242 30 165
199932 24223332.627925 0.500000 3291.905762 41 4.845501 25.157919 -15767497.226377 21471475.584059 -8201931.856103 30 165
199933 24222700.755541 0.500000 3290.217773 40 4.844519 25.153820 -15768258.398869 21472039.277202 -8199006.098842 30 165
199934 24222068.804631 0.500000 3289.929688 40 4.843537 25.149723 -15769019.282745 21472602.800259 -8196080.190626 30 165
199935 24221436.888621 0.500000 3289.605957 40 4.842556 25.145626 -15769779.878022 21473166.153182 -8193154.131509 30 165
199936 24220805.251814 0.500000 3289.355225 40 4.841575 25.141531 -15770540.184712 21473729.335921 -8190227.921547 30 165
199937 24220173.239828 0.500000 3291.254639 40 4.840595 25.137434 -15771300.202832 21474292.348427 -8187301.560789 30 165
199938 24219541.140591 0.500000 3291.888916 40 4.839615 25.133341 -15772059.932398 21474855.190652 -8184375.049290 30 165
199945 24215119.473544 0.500000 3287.741455 41 4.832767 25.104698 -15777369.961030 21478790.314152 -8163885.252774 30 165
199946 24214488.264267 0.500000 3286.458496 41 4.831791 25.100611 -15778127.382692 21479351.792342 -8160957.537312 30 165
199947 24213856.897939 0.500000 3287.633301 41 4.830815 25.096523 -15778884.515934 21479913.099807 -8158029.671595 30 165
199948 24213225.296033 0.500000 3288.683838 40 4.829840 25.092436 -15779641.360771 21480474.236498 -8155101.655676 30 165
199949 24212593.467275 0.500000 3289.833740 40 4.828865 25.088348 -15780397.917220 21481035.202365 -8152173.489609 30 165
199950 24211961.804293 0.500000 3289.210938 40 4.827890 25.084263 -15781154.185294 21481595.997358 -8149245.173452 30 165
199959 24206281.034235 0.500000 3287.635498 41 4.819137 25.047813 -15787947.623565 21486635.454839 -8122883.582968 30 165
199960 24205649.598106 0.500000 3288.334229 41 4.818166 25.043736 -15788701.008728 21487194.538390 -8119953.768864 30 165
199961 24205018.240503 0.500000 3287.615234 41 4.817196 25.039660 -15789454.105683 21487753.450527 -8117023.805263 30 165
199962 24204386.961426 0.500000 3287.082275 41 4.816227 25.035582 -15790206.914445 21488312.191199 -8114093.692219 30 165
199963 24203755.621273 0.500000 3287.575684 41 4.815258 25.031504 -15790959.435031 21488870.760358 -8111163.429785 30 165
199973 24197446.835329 0.500000 3283.207031 41 4.805600 24.990784 -15798468.794495 21494447.007879 -8081852.601039 30 165
199974 24196816.350237 0.500000 3282.846191 41 4.804636 24.986717 -15799218.146146 21495003.687147 -8078920.698890 30 165
199975 24196185.978571 0.500000 3282.447998 41 4.803673 24.982649 -15799967.209803 21495560.194312 -8075988.648000 30 165
199976 24195555.510929 0.500000 3283.215332 41 4.802710 24.978582 -15800715.985483 21496116.529325 -8073056.448421 30 165
199977 24194924.641932 0.500000 3285.251953 41 4.801747 24.974518 -15801464.473203 21496672.692138 -8070124.100206 30 165
199978 24194293.772935 0.500000 3285.523682 41 4.800785 24.970451 -15802212.672976 21497228.682700 -8067191.603410 30 165
199983 24190511.342264 0.500000 3282.107422 41 4.795019 24.946079 -15806695.825572 21500561.006042 -8049593.505637 30 165
199987 24188619.791012 125963056.806037 3282.703613 41 4.792141 24.933901 -15808933.515864 21502224.838368 -8040792.455248 30 165
199988 24187989.462972 125963056.806037 3282.291992 41 4.791183 24.929844 -15809678.837023 21502779.103726 -8037858.475637 30 165
199989 24187359.082581 125963056.806037 3282.586670 41 4.790226 24.925787 -15810423.870408 21503333.196293 -8034924.348041 30 165
199990 24186729.033744 125963056.806037 3280.924316 41 4.789269 24.921730 -15811168.616031 21503887.116021 -8031990.072517 30 165
199991 24186098.670804 125963056.806037 3281.925781 41 4.788313 24.917675 -15811913.073910 21504440.862861 -8029055.649114 30 165
199992 24185468.290413 125963056.806037 3282.154541 41 4.787356 24.913620 -15812657.244060 21504994.436764 -8026121.077888 30 165
199999 24181057.442501 125963056.806037 3281.995850 41 4.780674 24.885258 -15817858.379978 21508864.607692 -8005574.944951 30 165
200000 24180427.280238 125963056.806037 3281.312744 41 4.779721 24.881498 -15818600.248858 21509416.796329 -8002639.193094 30 165
200001 24179796.969648 125963056.806037 3281.610352 41 4.778768 24.877451 -15819341.830150 21509968.811588 -7999703.293901 30 165
200002 24179166.659058 125963056.806037 3281.274902 41 4.777816 24.873404 -15820083.123870 21510520.653420 -7996767.247426 30 165
200003 24178536.549146 125963056.806037 3280.684570 41 4.776865 24.869356 -15820824.130032 21511072.321775 -7993831.053726 30 165
200011 24173499.011563 125963056.806037 3277.538330 41 4.769264 24.837011 -15826741.829138 21515479.417546 -7970336.210581 30 165
200012 24172869.477508 125963056.806037 3278.727051 41 4.768315 24.832972 -15827480.247997 21516029.522406 -7967398.694276 30 165
200013 24172239.786401 125963056.806037 3279.699707 41 4.767367 24.828934 -15828218.379457 21516579.453299 -7964461.031284 30 165
200014 24171610.095294 125963056.806037 3279.117432 41 4.766419 24.824896 -15828956.223534 21517129.210177 -7961523.221659 30 165
200015 24170980.465262 125963056.806037 3278.878662 41 4.765472 24.820858 -15829693.780243 21517678.792990 -7958585.265458 30 165
200016 24170350.782880 125963056.806037 3278.534180 41 4.764525 24.816822 -15830431.049601 21518228.201691 -7955647.162732 30 165
200023 24165946.138520 125963056.806037 3275.265869 41 4.757906 24.788584 -15835583.890560 21522069.183287 -7935076.345684 30 165
200024 24165316.901119 125963056.806037 3276.937988 41 4.756961 24.784552 -15836318.861677 21522617.197319 -7932137.072724 30 165
200025 24164687.532841 125963056.806037 3278.114990 41 4.756018 24.780521 -15837053.545586 21523165.036798 -7929197.653726 30 165
200026 24164058.120937 125963056.806037 3277.752197 41 4.755075 24.776493 -15837787.942302 21523712.701675 -7926258.088746 30 165
200027 24163428.735209 125963056.806037 3277.642822 42 4.754131 24.772465 -15838522.051842 21524260.191901 -7923318.377838 30 165
200036 24157768.059076 125963056.806037 3276.055420 41 4.745656 24.736238 -15845116.117367 21529179.736534 -7896854.422010 30 165
200037 24157138.952551 125963056.806037 3275.430664 41 4.744716 24.732218 -15845847.356023 21529725.477559 -7893913.254808 30 165
200038 24156509.924553 125963056.806037 3275.035400 41 4.743776 24.728197 -15846578.307679 21530271.043395 -7890971.942275 30 165
200039 24155880.844203 125963056.806037 3274.636963 41 4.742836 24.724178 -15847308.972352 21530816.433993 -7888030.484464 30 165
200047 24150851.682725 125963056.806037 3273.983643 41 4.735329 24.692047 -15853143.960214 21535173.244345 -7864493.598644 30 165
200048 24150222.663452 125963056.806037 3273.752686 41 4.734392 24.688324 -15853872.042758 21535717.055609 -7861550.835777 30 165
200049 24149594.019357 125963056.806037 3272.455566 41 4.733456 24.684311 -15854599.838480 21536260.691147 -7858607.928178 30 165
200050 24148965.244387 125963056.306037 3273.140137 41 4.732519 24.680298 -15855327.347395 21536804.150910 -7855664.875898 30 165
200051 24148336.792245 125963056.306037 3271.911865 41 4.731583 24.676289 -15856054.569521 21537347.434850 -7852721.678994 30 165
200052 24147708.401179 125963056.306037 3272.141113 41 4.730648 24.672279 -15856781.504872 21537890.542917 -7849778.337518 30 165
200059 24143310.518778 125963056.306037 3272.227783 41 4.724113 24.644228 -15861862.024016 21541687.370859 -7829170.903837 31 165
200060 24142682.180063 125963056.306037 3271.129395 41 4.723182 24.640224 -15862586.665766 21542229.070196 -7826226.407735 31 165
200061 24142054.181627 125963056.306037 3269.740967 41 4.722252 24.636221 -15863311.020889 21542770.593222 -7823281.767553 31 165
200062 24141426.270442 125963056.306037 3269.238281 41 4.721321 24.632219 -15864035.089401 21543311.939888 -7820336.983342 31 165
200063 24140798.542485 125963056.306037 3268.534668 41 4.720390 24.628216 -15864758.871319 21543853.110146 -7817392.055157 31 165
200068 24137657.799945 125963056.306037 3271.006592 41 4.715746 24.608217 -15868373.482549 21546556.313591 -7802665.256591 31 165
200069 24137029.827684 125963056.306037 3270.228760 41 4.714818 24.604219 -15869095.545248 21547096.424378 -7799719.465690 31 165
200070 24136401.968850 125963056.306037 3269.695313 41 4.713890 24.600224 -15869817.321467 21547636.358415 -7796773.531195 31 165
200071 24135774.380494 125963056.306037 3268.110107 41 4.712963 24.596228 -15870538.811223 21548176.115655 -7793827.453161 31 165
200078 24131381.890211 125963056.306037 3267.413330 41 4.706481 24.568275 -15875581.219918 21551949.461885 -7773200.892451 31 165
200079 24130754.415281 125963056.306037 3267.633545 41 4.705556 24.564285 -15876300.418566 21552487.802991 -7770253.668043 31 165
200080 24130126.835651 125963056.306037 3268.008057 41 4.704633 24.560295 -15877019.330901 21553025.966861 -7767306.300582 31 165
200081 24129499.229844 125963056.306037 3267.978027 41 4.703709 24.556307 -15877737.956938 21553563.953448 -7764358.790122 31 165
200082 24128871.981768 125963056.306037 3266.258301 41 4.702786 24.552320 -15878456.296694 21554101.762700 -7761411.136723 31 165
200091 24123227.691390 125963056.306037 3266.385986 40 4.694501 24.516462 -15884908.474562 21558934.057952 -7734875.832739 31 165
200092 24122600.408413 125963056.306037 3266.257324 41 4.693585 24.512482 -15885623.952422 21559470.091203 -7731926.752889 31 165
200093 24121973.212687 125963056.306037 3265.744873 41 4.692667 24.508503 -15886339.144185 21560005.946586 -7728977.530694 31 165
200094 24121345.920984 125963056.306037 3266.183838 41 4.691751 24.504524 -15887054.049866 21560541.624053 -7726028.166206 31 165
200102 24116331.522391 125963056.306037 3262.416748 41 4.684432 24.473007 -15892762.998367 21564820.632959 -7702428.134476 31 165
200103 24115705.164275 125963056.306037 3261.892334 41 4.683517 24.469036 -15893475.330069 21565354.706996 -7699477.491818 31 165
200104 24115078.806160 125963056.306037 3261.702148 41 4.682605 24.465065 -15894187.375858 21565888.602630 -7696526.707412 31 165
200105 24114452.448044 125963056.306037 3261.536377 41 4.681691 24.461094 -15894899.135750 21566422.319815 -7693575.781312 31 165
200106 24113825.592598 125963056.306037 3263.802490 41 4.680779 24.457125 -15895610.609764 21566955.858503 -7690624.713569 31 165
200106 24113198.597549 125963056.306037 3264.402588 40 4.680779 24.457125 -15895610.609764 21566955.858503 -7690624.713569 31 165
200108 24112571.471624 125963056.306037 3265.265869 40 4.678956 24.449186 -15897032.700219 21568022.400188 -7684722.153377 31 165
200117 24106934.719740 125963056.306037 3261.416504 40 4.670759 24.413504 -15903417.960629 21572812.989262 -7658153.635911 31 165
200118 24106308.143497 125963056.306037 3262.032959 40 4.669849 24.409542 -15904126.005401 21573344.382185 -7655200.872742 31 165
200119 24105681.846457 125963056.306037 3261.136963 41 4.668941 24.405582 -15904833.764512 21573875.595978 -7652247.968643 31 165
