199376 24091858.071892 125545461.199860 1974.547119 43 4.766154 22.199959 12135539.161965 17640885.946893 17869535.742888 30 298
199377 24091479.009537 125545461.199860 1973.587646 42 4.765625 22.198095 12133572.839962 17640310.307421 17871439.805558 30 298
199378 24091100.165310 125545461.199860 1972.116455 42 4.765097 22.196123 12131606.275591 17639734.724427 17873343.539802 30 298
199379 24090721.408334 125545461.199860 1971.718872 42 4.764569 22.194260 12129639.468885 17639159.197953 17875246.945583 30 298
199380 24090342.642633 125545461.199860 1971.743042 42 4.764042 22.192396 12127672.419878 17638583.728042 17877150.022869 30 298
199381 24089963.798406 125545461.199860 1972.146973 42 4.763515 22.190533 12125705.128603 17638008.314737 17879052.771624 30 298
199382 24089584.840752 125545461.199860 1973.115479 42 4.762987 22.188669 12123737.595094 17637432.958081 17880955.191815 30 298
199386 24088067.657746 125545461.199860 1974.385498 42 4.760880 22.181110 12115865.039469 17635132.098821 17888561.586155 30 298
199387 24087688.717543 125545461.199860 1973.740479 42 4.760352 22.179140 12113896.295302 17634557.026051 17890462.362992 30 298
199388 24087309.716264 125545461.199860 1974.334229 42 4.759824 22.177277 12111927.309106 17633982.010188 17892362.811055 30 298
199389 24086930.968013 125545461.199860 1972.967407 42 4.759297 22.175415 12109958.080915 17633407.051274 17894262.930305 30 298
199395 24084658.775161 125545461.199860 1973.611450 42 4.756133 22.164028 12098137.631853 17629958.496133 17905656.738764 30 298
199396 24084280.000735 125545461.199860 1972.675659 43 4.755606 22.162169 12096166.710648 17629383.937058 17907554.555367 30 298
199397 24083901.479337 125545461.199860 1971.495850 43 4.755079 22.160309 12094195.547722 17628809.435276 17909452.042878 30 298
199398 24083522.914313 125545461.199860 1971.637939 43 4.754552 22.158447 12092224.143107 17628234.990827 17911349.201266 30 298
199402 24082006.525292 125545461.199860 1974.647095 42 4.752447 22.150900 12084336.108502 17625937.787245 17918934.542820 30 298
199404 24081248.479108 125545461.199860 1973.912231 42 4.751392 22.147072 12080390.641919 17624789.530560 17922725.237983 30 298
199405 24080869.425478 125545461.199860 1973.709595 42 4.750866 22.145212 12078417.546435 17624215.488645 17924620.091530 30 298
199406 24080490.363123 125545461.199860 1973.291748 42 4.750340 22.143353 12076444.209535 17623641.504407 17926514.615675 30 298
199407 24080111.658498 125545461.199860 1971.515015 42 4.749814 22.141495 12074470.631257 17623067.577887 17928408.810380 30 298
199413 24077838.924689 125545461.199860 1973.709229 42 4.746660 22.130127 12062624.094568 17619625.233279 17939767.058410 30 298
199414 24077460.045562 125545461.199860 1971.811646 42 4.746133 22.128269 12060648.827578 17619051.711986 17941658.946081 30 298
199415 24077081.183885 125545461.199860 1972.248901 42 4.745608 22.126411 12058673.319480 17618478.248754 17943550.504037 30 298
199416 24076702.304757 125545461.199860 1972.857910 42 4.745083 22.124443 12056697.570310 17617904.843624 17945441.732242 30 298
199417 24076323.416904 125545461.199860 1972.515503 42 4.744558 22.122587 12054721.580100 17617331.496641 17947332.630663 30 298
199418 24075944.782080 125545461.199860 1971.671143 42 4.744033 22.120729 12052745.348887 17616758.207846 17949223.199262 30 298
199426 24072915.241053 125545461.699860 1972.235596 42 4.739848 22.105661 12036926.827217 17612173.997406 17964335.870315 30 299
199427 24072536.449176 125545461.699860 1972.218628 42 4.739326 22.103806 12034948.428508 17611601.234225 17966223.468977 30 299
199428 24072157.666025 125545461.699860 1972.705688 42 4.738804 22.101950 12032969.789138 17611028.529658 17968110.737473 30 299
199429 24071778.996300 125545461.699860 1971.901367 42 4.738282 22.099985 12030990.909143 17610455.883749 17969997.675766 30 299
199430 24071400.169523 125545461.699860 1972.349487 42 4.737760 22.098129 12029011.788554 17609883.296540 17971884.283825 30 299
199437 24068750.685514 125545461.699860 1972.583496 42 4.734111 22.084929 12015151.210835 17605876.833272 17985081.290636 30 299
199438 24068372.347343 125545461.699860 1970.479004 42 4.733591 22.083076 12013170.166752 17605304.717195 17986965.255558 30 299
199439 24067994.201124 125545461.699860 1969.891846 42 4.733069 22.081221 12011188.882389 17604732.660201 17988848.889932 30 299
199440 24067615.967655 125545461.699860 1969.952637 42 4.732549 22.079369 12009207.357777 17604160.662332 17990732.193724 30 299
199441 24067237.734185 125545461.699860 1969.751709 43 4.732029 22.077404 12007225.592952 17603588.723632 17992615.166900 30 299
199442 24066859.265138 125545461.699860 1971.672485 43 4.731510 22.075552 12005243.587948 17603016.844141 17994497.809426 30 299
199446 24065344.647314 125545461.699860 1971.757935 42 4.729432 22.068031 11997313.166906 17600729.919156 18002025.072259 30 299
199447 24064966.370219 125545461.699860 1970.050049 42 4.728912 22.066179 11995329.961529 17600158.336356 18003906.061010 31 299
199448 24064588.424678 125545461.699860 1969.421997 42 4.728393 22.064327 11993346.516182 17599586.813022 18005786.718900 31 299
199449 24064210.278459 125545461.699860 1969.464111 42 4.727873 22.062475 11991362.830898 17599015.349196 18007667.045898 31 299
199450 24063832.097341 125545461.699860 1969.326538 42 4.727354 22.060513 11989378.905712 17598443.944921 18009547.041969 31 299
199451 24063453.288014 125545461.699860 1972.497314 42 4.726833 22.058661 11987394.740654 17597872.600237 18011426.707081 31 299
199456 24061560.846800 125545461.699860 1971.344604 42 4.724235 22.049295 11977470.318654 17595016.772225 18020820.066924 31 299
199457 24061182.648231 125545461.699860 1970.479492 42 4.723716 22.047445 11975484.715124 17594445.785992 18022697.745536 31 299
199458 24060804.650340 125545461.699860 1969.226074 42 4.723197 22.045483 11973498.871970 17593874.859649 18024575.092944 31 299
199459 24060426.652448 125545461.699860 1969.275757 42 4.722678 22.043633 11971512.789227 17593303.993239 18026452.109113 31 299
199460 24060048.610931 125545461.699860 1969.325073 42 4.722159 22.041784 11969526.466927 17592733.186804 18028328.794010 31 299
199465 24058156.003941 125545461.699860 1971.934692 42 4.719568 22.032427 11959591.263375 17589880.055756 18037707.248144 31 299
199466 24057777.639594 125545461.699860 1970.626465 42 4.719051 22.030464 11957603.504470 17589309.610060 18039581.944685 31 299
199467 24057399.153097 125545461.699860 1971.234497 42 4.718534 22.028618 11955615.506252 17588739.224637 18041456.309713 31 299
199468 24057020.465922 125545461.699860 1971.260498 42 4.718017 22.026768 11953627.268755 17588168.899527 18043330.343194 31 299
199469 24056642.145201 125545461.699860 1969.485229 42 4.717500 22.024920 11951638.792019 17587598.634774 18045204.045090 31 299
199475 24054371.453068 125545461.699860 1971.160400 42 4.714399 22.013609 11939702.909520 17584178.316137 18056439.291245 31 299
199476 24053992.853144 125545461.699860 1970.215576 42 4.713882 22.011761 11937712.759056 17583608.475065 18058310.671103 31 299
199477 24053614.628399 125545461.699860 1968.864014 42 4.713366 22.009914 11935722.369632 17583038.694689 18060181.719101 31 299
199478 24053236.412380 125545461.699860 1968.756470 42 4.712850 22.008068 11933731.741277 17582468.975050 18062052.435208 31 299
199479 24052858.239986 125545461.699860 1968.515137 42 4.712333 22.006109 11931740.874029 17581899.316192 18063922.819388 31 299
199484 24050966.034351 125545461.699860 1969.555786 42 4.709753 21.996765 11921782.955660 17579051.935097 18073269.760131 31 299
199485 24050588.184786 125545461.699860 1968.675537 42 4.709238 21.994921 11919790.655780 17578482.641806 18075138.152031 31 299
199486 24050210.439923 125545461.699860 1968.478027 42 4.708723 21.993076 11917798.117251 17577913.409592 18077006.211764 31 299
199487 24049832.633984 125545461.699860 1968.479004 43 4.708207 21.991228 11915805.340106 17577344.238495 18078873.939296 31 299
199488 24049454.924021 125545461.699860 1968.123901 43 4.707691 21.989271 11913812.324382 17576775.128559 18080741.334593 31 299
199489 24049076.699276 125545461.699860 1970.117310 42 4.707175 21.987427 11911819.070109 17576206.079825 18082608.397624 31 299
199490 24048320.433015 125545461.699860 1970.778931 42 4.706144 21.983738 11907831.846144 17575068.166156 18086341.526667 31 299
199494 24047185.828582 125545461.199860 1969.808594 43 4.704597 21.978092 11901849.221868 17573361.755694 18091938.727464 31 299
199495 24046807.839416 125545461.199860 1968.812988 43 4.704082 21.976248 11899854.537060 17572793.075062 18093803.796158 31 299
199496 24046429.928775 125545461.199860 1968.564941 43 4.703567 21.974291 11897859.613953 17572224.455930 18095668.532341 31 299
199497 24046051.922159 125545461.199860 1969.267700 42 4.703051 21.972448 11895864.452580 17571655.898337 18097532.935982 31 299
199498 24045673.871917 125545461.199860 1969.273682 42 4.702536 21.970604 11893869.052976 17571087.402327 18099397.007046 31 299
199499 24045295.437770 125545461.199860 1971.060181 43 4.702020 21.968760 11891873.415174 17570518.967941 18101260.745500 31 299
199504 24043403.267034 125545461.199860 1970.160156 43 4.699441 21.959320 11881891.654546 17567677.721881 18110574.447322 31 299
199505 24043025.016115 125545461.199860 1969.340332 43 4.698926 21.957478 11879894.588312 17567109.658130 18112436.189385 31 299
199506 24042646.503442 125545461.199860 1970.030884 43 4.698411 21.955637 11877897.284127 17566541.656299 18114297.598598 31 299
199507 24042267.999494 125545461.199860 1969.750977 43 4.697896 21.953794 11875899.742028 17565973.716429 18116158.674926 31 299
199514 24039621.080666 125545461.699860 1970.276245 43 4.694291 21.940680 11861910.288781 17561999.875848 18129176.885469 31 299
199515 24039242.533093 125545461.699860 1970.930908 42 4.693776 21.938837 11859910.844634 17561432.433192 18131035.297483 31 299
199516 24038864.090221 125545461.699860 1970.373779 42 4.693261 21.936996 11857911.162889 17560865.052877 18132893.376304 31 299
199517 24038485.682249 125545461.699860 1969.964844 42 4.692747 21.935043 11855911.243582 17560297.734945 18134751.121898 31 299
199524 24035837.768759 125545461.699860 1967.467163 42 4.689148 21.922054 11841905.159728 17556328.259713 18147746.007757 31 299
199525 24035459.666166 125545461.699860 1967.846680 42 4.688635 21.920214 11839903.341192 17555761.442362 18149601.086305 31 299
199526 24035081.266920 125545461.699860 1969.668457 42 4.688122 21.918261 11837901.285410 17555194.687773 18151455.831322 31 299
199527 24034702.536119 125545461.699860 1970.668213 42 4.687609 21.916422 11835898.992415 17554627.995986 18153310.242773 31 299
199528 24034323.918745 125545461.699860 1969.671753 42 4.687097 21.914583 11833896.462247 17554061.367046 18155164.320621 31 299
199536 24031299.595333 125545461.699860 1970.017578 41 4.683004 21.899656 11817867.686974 17549530.603041 18169984.929559 31 299
199537 24030921.422939 125545461.699860 1969.806274 41 4.682493 21.897818 11815863.023831 17548964.541604 18171836.003457 31 299
199538 24030543.582099 125545461.699860 1968.957886 42 4.681983 21.895866 11813858.123869 17548398.543432 18173686.743410 31 299
199539 24030165.531857 125131375.865986 1968.889648 42 4.681473 21.894030 11811852.987120 17547832.608568 18175537.149389 31 299
199546 24027520.427852 125129405.946521 1969.655884 42 4.677897 21.881065 11797810.402958 17543872.840678 18188480.636984 31 299
199547 24027142.080956 125129405.946521 1970.041748 42 4.677387 21.879114 11795803.373202 17543307.413783 18190328.369935 31 299
199548 24026763.690435 125129405.946521 1969.744507 42 4.676876 21.877279 11793796.106980 17542742.050573 18192175.768604 31 299
199549 24026385.614017 125129405.946521 1968.638062 42 4.676365 21.875444 11791788.604329 17542176.751091 18194022.832956 31 299
199556 24023741.190571 125129405.946521 1966.129028 42 4.672801 21.862375 11777729.468801 17538221.442609 18206942.919653 31 299
199557 24023363.367181 125129405.946521 1967.986816 42 4.672292 21.860540 11775720.075988 17537656.654449 18208787.308259 31 299
199558 24022985.255863 125129405.946521 1969.306519 42 4.671784 21.858707 11773710.447063 17537091.930392 18210631.362247 31 299
199559 24022607.118370 125129405.946521 1969.094116 42 4.671276 21.856758 11771700.582064 17536527.270480 18212475.081580 31 299
199560 24022229.294981 125129405.946521 1967.715454 42 4.670767 21.854925 11769690.481027 17535962.674756 18214318.466223 31 299
199566 24019962.721099 125129405.946521 1968.979492 42 4.667717 21.843817 11757624.920059 17532576.450709 18225371.743662 31 299
199567 24019584.731932 125129405.946521 1968.345947 42 4.667208 21.841984 11755613.167746 17532012.305466 18227212.784542 31 299
199568 24019206.699140 125129405.946521 1968.536865 42 4.666701 21.840036 11753601.179678 17531448.224745 18229053.490463 31 299
199569 24018828.709974 125129405.946521 1968.312866 42 4.666193 21.838205 11751588.955892 17530884.208587 18230893.861391 31 299
199570 24018450.851684 125129405.946521 1967.655762 42 4.665686 21.836374 11749576.496425 17530320.257034 18232733.897292 31 299
199579 24015051.147913 125129405.946521 1967.801147 42 4.661130 21.819666 11731453.761489 17525247.607207 18249279.138564 31 299
199580 24014673.324524 125129405.946521 1967.946411 42 4.660624 21.817837 11729438.947164 17524684.304002 18251115.822344 31 299
199581 24014295.797788 125129405.946521 1966.738159 42 4.660118 21.815891 11727423.897551 17524121.065862 18252952.170724 31 299
199582 24013918.183802 125129405.946521 1967.050049 42 4.659612 21.814062 11725408.612685 17523557.892827 18254788.183674 31 299
199583 24013540.308062 125129405.946521 1968.248901 42 4.659106 21.812231 11723393.092599 17522994.784940 18256623.861160 31 299
199591 24010519.518319 125129405.946521 1967.044434 43 4.655068 21.797373 11707260.468486 17518492.272182 18271297.200177 31 300
199592 24010141.729830 125129405.946521 1967.011230 43 4.654564 21.795544 11705242.833058 17517929.752498 18273129.856961 31 300
199593 24009763.758114 125129405.946521 1967.718994 43 4.654060 21.793716 11703224.962771 17517367.298378 18274962.177943 31 300
199594 24009386.152852 125129405.946521 1965.988403 42 4.653556 21.791771 11701206.857664 17516804.909864 18276794.163089 31 300
199595 24009008.809344 125129405.946521 1965.106567 42 4.653053 21.789946 11699188.517772 17516242.586998 18278625.812363 31 300
199596 24008631.221532 125129405.946521 1965.227295 42 4.652550 21.788118 11697169.943127 17515680.329821 18280457.125736 31 300
199597 24008253.677346 125129405.946521 1965.160889 42 4.652046 21.786291 11695151.133768 17515118.138375 18282288.103172 31 300
199604 24005609.428402 125129405.946521 1965.195923 42 4.648526 21.773273 11681012.899331 17511184.642217 18295095.536124 31 300
199605 24005231.465411 125129405.946521 1966.976074 42 4.648023 21.771448 11678992.213546 17510622.978112 18296923.824862 31 300
199606 24004853.458794 125129405.946521 1968.013672 41 4.647520 21.769505 11676971.293371 17510061.380111 18298751.777362 31 300
199607 24004475.679030 125129405.946521 1967.445923 41 4.647017 21.767677 11674950.138842 17509499.848256 18300579.393587 31 300
199608 24004097.925442 125129405.946521 1967.187866 42 4.646514 21.765854 11672928.749994 17508938.382590 18302406.673507 31 300
199613 24001833.663714 125129405.946521 1965.080811 42 4.643499 21.754791 11660795.498332 17505570.980887 18313363.288642 31 300
199616 24001078.522991 125129405.946521 1967.592896 43 4.642494 21.751026 11656749.208170 17504449.045029 18317012.801745 31 300
199617 24000700.786853 125129405.946521 1966.830444 42 4.641992 21.749203 11654725.712079 17503888.176921 18318837.053403 31 300
199618 24000323.076890 125129405.946521 1967.271851 42 4.641490 21.747379 11652701.982031 17503327.375416 18320660.968420 31 300
199619 23999945.270951 125129405.946521 1967.092773 42 4.640987 21.745436 11650678.018060 17502766.640555 18322484.546763 31 300
199627 23996925.868501 125129405.946521 1966.248535 42 4.636970 21.730740 11634477.889567 17498283.165864 18337061.049117 31 300
199628 23996548.062561 125129405.946521 1966.909302 42 4.636468 21.728798 11632451.821933 17497723.032667 18338881.595883 31 300
199629 23996170.186821 125129405.946521 1967.025269 42 4.635966 21.726978 11630425.520739 17497162.966529 18340701.805640 31 300
199630 23995792.616460 125129405.946521 1965.610840 42 4.635464 21.725157 11628398.986024 17496602.967491 18342521.678353 31 300
199631 23995414.950123 125129405.946521 1966.429810 42 4.634963 21.723335 11626372.217821 17496043.035594 18344341.213990 31 300
199638 23992773.118033 125129405.946521 1966.686157 42 4.631453 21.710354 11612178.305911 17492125.395779 18357068.522440 31 300
199639 23992395.364445 125129405.946521 1966.467529 42 4.630953 21.708534 11610149.671121 17491566.002504 18358885.360268 31 300
199640 23992017.741733 125129405.946521 1966.204590 42 4.630453 21.706594 11608120.803171 17491006.676742 18360701.860719 31 300
199641 23991640.415675 125129405.946521 1964.750488 42 4.629953 21.704775 11606091.702099 17490447.418536 18362518.023759 31 300
199642 23991263.080892 125129405.946521 1964.039063 42 4.629454 21.702955 11604062.367941 17489888.227926 18364333.849356 31 300
199649 23988621.292428 125129405.946521 1963.953613 43 4.625957 21.689987 11589850.505518 17485975.789848 18377035.177260 31 300
199650 23988244.289199 125129405.946521 1963.577271 43 4.625458 21.688169 11587819.307973 17485417.141497 18378848.302110 31 300
199651 23987867.320870 125129405.946521 1963.573730 43 4.624959 21.686352 11585787.877670 17484858.561114 18380661.089217 31 300
199652 23987490.352541 125129405.946521 1963.677734 42 4.624460 21.684534 11583756.214643 17484300.048741 18382473.538549 31 300
199653 23987113.174810 125129405.946521 1965.101318 42 4.623960 21.682596 11581724.318929 17483741.604417 18384285.650071 31 300
199654 23986735.822577 125129405.946521 1965.777588 42 4.622996 21.680782 11579692.190563 17483183.228186 18386097.423753 31 300
199659 23984849.427864 125129405.946521 1965.334229 42 4.620619 21.671577 11569528.060339 17480392.369870 18395151.223283 31 300
199660 23984472.250132 125129405.946521 1964.002808 42 4.620125 21.669760 11567494.536840 17479834.403055 18396960.969208 31 300
199661 23984095.133477 125129405.946521 1963.645752 42 4.619631 21.667944 11565460.780947 17479276.504621 18398770.377058 31 300
199662 23983718.104072 125129405.946521 1963.339722 43 4.619137 21.666008 11563426.792697 17478718.674609 18400579.446798 31 300
199663 23983341.048492 125129405.946521 1963.675415 43 4.618644 21.664192 11561392.572125 17478160.913060 18402388.178397 31 300
199664 23982963.661358 125129405.946521 1965.641479 43 4.618151 21.662376 11559358.119265 17477603.220014 18404196.571823 31 300
199671 23980320.965483 125129405.946521 1964.908081 43 4.614709 21.649431 11545110.448419 17473701.290282 18416845.854049 31 300
199672 23979943.613250 125129405.946521 1964.690674 42 4.614218 21.647617 11543074.138599 17473144.146751 18418651.540879 31 300
199673 23979566.095239 125129405.946521 1965.722900 42 4.613729 21.645803 11541037.596822 17472587.072093 18420456.889236 31 300
199674 23979188.725556 125129405.946521 1964.722046 43 4.613236 21.643990 11539000.823127 17472030.066351 18422261.899085 31 300
199675 23978811.617625 125129405.946521 1963.396973 43 4.612747 21.642056 11536963.817552 17471473.129567 18424066.570394 31 300
199682 23976170.780198 125129405.946521 1965.161621 42 4.609308 21.629242 11522698.288983 17467576.506336 18436689.787586 31 300
199683 23975793.331989 125129405.946521 1964.970825 42 4.608819 21.627308 11520659.429671 17467020.122684 18438491.749384 31 300
199684 23975415.831428 125129405.946521 1964.956665 43 4.608330 21.625496 11518620.338807 17466463.808358 18440293.372345 31 300
199685 23975038.453020 125129405.946521 1964.820679 43 4.607842 21.623684 11516581.016428 17465907.563401 18442094.656433 31 300
199686 23974661.109511 125129405.946521 1964.513428 43 4.607354 21.621872 11514541.462572 17465351.387852 18443895.601618 31 300
199693 23972021.223121 125129405.946521 1964.849365 43 4.603931 21.608950 11500258.107369 17461460.105923 18456492.725740 31 300
199694 23971644.167541 125129405.946521 1963.137085 43 4.603442 21.607140 11498216.703014 17460904.487121 18458290.958500 31 300
199695 23971267.173037 125129405.946521 1962.325806 43 4.602952 21.605330 11496175.067513 17460348.938097 18460088.852058 31 300
199696 23970890.222159 125129405.946521 1962.333008 43 4.602464 21.603397 11494133.200902 17459793.458891 18461886.406382 31 300
199697 23970513.227655 125129405.946521 1962.420654 43 4.601975 21.601587 11492091.103218 17459238.049546 18463683.621438 31 300
199698 23970136.372753 125129405.946521 1962.245605 43 4.601487 21.599777 11490048.774499 17458682.710101 18465480.497193 31 300
199699 23969759.421874 125129405.946521 1962.767090 43 4.600999 21.597967 11488006.214779 17458127.440598 18467277.033616 31 300
199705 23967495.552776 125129405.946521 1964.104248 42 4.598071 21.586868 11475746.007606 17454797.294669 18478049.124245 31 300
199706 23967118.645523 125129405.946521 1962.431152 42 4.597583 21.585058 11473701.831925 17454242.515905 18479843.284410 31 300
199707 23966741.912772 125129405.946521 1961.597046 42 4.597094 21.583250 11471657.425541 17453687.807411 18481637.104976 31 300
199708 23966365.110221 125129405.946521 1961.836914 43 4.596605 21.581442 11469612.788490 17453133.169227 18483430.585913 32 300
199709 23965988.438546 125129405.946521 1961.596680 43 4.596116 21.579512 11467567.920809 17452578.601394 18485223.727186 32 300
199710 23965611.670894 125129405.946521 1962.441895 43 4.595626 21.577703 11465522.822535 17452024.103953 18487016.528764 32 300
199711 23965234.475713 125129405.946521 1964.421753 42 4.595137 21.575897 11463477.493702 17451469.676945 18488808.990616 32 300
199717 23962972.700641 125129405.946521 1962.853394 43 4.592208 21.564930 11451200.681186 17448144.596297 18499556.625500 32 300
199718 23962596.238369 125129405.946521 1961.713745 43 4.591720 21.563002 11449153.739502 17447590.663465 18501346.708324 32 300
199719 23962219.776096 125129405.946521 1961.496094 43 4.591232 21.561193 11447106.567558 17447036.801392 18503136.451157 32 300
199720 23961843.322549 125129405.946521 1961.371826 43 4.590744 21.559389 11445059.165392 17446483.010121 18504925.853964 32 300
199721 23961466.519997 125129405.946521 1962.748169 43 4.590256 21.557583 11443011.533037 17445929.289690 18506714.916716 32 300
199722 23961089.429517 125129405.946521 1964.320679 43 4.589766 21.555653 11440963.670532 17445375.640141 18508503.639379 32 300
199730 23958073.569461 125129405.946521 1963.842407 43 4.585861 21.541090 11424572.489680 17440949.000435 18522801.173415 32 300
199731 23957696.409180 125129405.946521 1963.640991 43 4.585372 21.539162 11422522.557508 17440395.990663 18524586.833787 32 300
199732 23957319.292524 125129405.946521 1963.382080 43 4.584884 21.537357 11420472.395559 17439843.052182 18526372.153741 32 300
199733 23956942.202044 125129405.946521 1963.124146 43 4.584397 21.535555 11418422.003870 17439290.185032 18528157.133243 32 300
199734 23956565.015587 125129405.946521 1963.130249 43 4.583909 21.533749 11416371.382477 17438737.389254 18529941.772261 32 300
199736 23955434.555582 125129405.946521 1961.432007 43 4.582446 21.528215 11410218.140541 17437079.430580 18535293.646009 32 300
199742 23953549.626687 125129405.946521 1962.659180 43 4.580004 21.519077 11399958.146595 17434317.597324 18544206.622968 32 300
199743 23953172.562382 125129405.946521 1963.248047 43 4.579517 21.517275 11397905.459554 17433765.445725 18545988.196155 32 300
199744 23952795.550428 125129405.946521 1962.958496 43 4.579029 21.515348 11395852.543182 17433213.365904 18547769.428529 32 300
199745 23952418.756601 125129405.946521 1962.263428 43 4.578540 21.513546 11393799.397519 17432661.357904 18549550.320059 32 301
199746 23952042.102377 125129405.946521 1961.703613 44 4.578053 21.511744 11391746.022601 17432109.421765 18551330.870711 32 301
199754 23949029.514236 125129405.946521 1963.402344 44 4.574142 21.497086 11375310.774612 17427696.524520 18565563.000363 32 301
199755 23948652.798936 125129405.946521 1962.671265 44 4.573654 21.495285 11373255.338072 17427145.236953 18567340.481653 32 301
199756 23948275.987659 125129405.946521 1962.891479 44 4.573166 21.493484 11371199.672649 17426594.021652 18569117.621740 32 301
199757 23947899.158932 125129405.946521 1962.617310 44 4.572679 21.491560 11369143.778381 17426042.878658 18570894.420591 32 301
199758 23947522.330205 125129405.946521 1962.232544 44 4.572192 21.489759 11367087.655305 17425491.808012 18572670.878173 32 301
199759 23947145.632355 125129405.946521 1960.944458 43 4.571705 21.487961 11365031.303461 17424940.809755 18574446.994453 32 301
199765 23944884.694893 125129406.446521 1962.599365 43 4.568785 21.476915 11352688.390394 17421636.342663 18585096.522915 32 301
199766 23944507.962142 125129406.446521 1960.811646 43 4.568299 21.475117 11350630.438208 17421085.852261 18586870.249173 32 301
199767 23944131.447519 125129406.446521 1960.438110 43 4.567813 21.473318 11348572.257553 17420535.434573 18588643.633868 32 301
199768 23943754.950346 125129406.446521 1960.344971 43 4.567328 21.471519 11346513.848465 17419985.089638 18590416.676968 32 301
199769 23943378.243771 125129406.446521 1961.416992 43 4.566843 21.469723 11344455.210980 17419434.817497 18592189.378442 32 301
199770 23943001.284167 125129406.446521 1962.770386 43 4.566358 21.467798 11342396.345136 17418884.618191 18593961.738258 32 301
199771 23942624.228588 125129406.446521 1963.431152 43 4.565873 21.466000 11340337.250971 17418334.491759 18595733.756382 32 301
199779 23939610.558534 125129406.446521 1963.739380 43 4.562006 21.451374 11323856.282725 17413936.108693 18609897.596470 32 301
199780 23939234.218413 125129405.946521 1960.360718 43 4.561522 21.449575 11321795.135372 17413386.639960 18611666.537896 32 301
199781 23938857.703790 125129405.946521 1961.220459 43 4.561037 21.447781 11319733.760074 17412837.244507 18613435.137307 32 301
199784 23937727.374661 125129405.946521 1962.395874 43 4.559582 21.442268 11313548.266962 17411189.498251 18618738.883048 32 301
199785 23937350.537209 125129405.946521 1962.717285 43 4.559096 21.440472 11311485.980260 17410640.396321 18620506.114066 32 301
199786 23936974.022586 125129405.946521 1961.263184 43 4.558612 21.438675 11309423.465803 17410091.367874 18622273.002904 32 301
199787 23936597.673740 125129405.946521 1960.268433 43 4.558128 21.436754 11307360.723630 17409542.412950 18624039.549528 32 301
199788 23936221.316168 125129405.946521 1960.228760 43 4.557646 21.434959 11305297.753775 17408993.531589 18625805.753908 32 301
199789 23935844.958597 125129405.946521 1960.163330 43 4.557167 21.433165 11303234.556277 17408444.723831 18627571.616011 32 301
199790 23935468.522500 125129405.946521 1960.176147 43 4.556688 21.431370 11301171.131172 17407895.989716 18629337.135806 32 301
199791 23935091.798475 125129405.946521 1961.609985 43 4.556208 21.429449 11299107.478498 17407347.329285 18631102.313260 32 301
199792 23934715.100624 125129405.946521 1961.436401 43 4.555727 21.427656 11297043.598294 17406798.742578 18632867.148341 32 301
199793 23934338.184646 125129405.946521 1961.860229 43 4.555245 21.425861 11294979.490596 17406250.229636 18634631.641016 32 301
199794 23933961.251218 125129405.946521 1961.826416 43 4.554763 21.424067 11292915.155443 17405701.790499 18636395.791252 32 301
199795 23933584.579543 125129405.946521 1960.764771 43 4.554280 21.422274 11290850.592875 17405153.425208 18638159.599015 32 301
199803 23930571.546422 125129405.946521 1962.494629 43 4.550419 21.407675 11274325.909931 17400769.166180 18652257.728205 32 301
199804 23930194.770046 125129405.946521 1961.878174 43 4.549937 21.405756 11272259.302309 17400221.467314 18654018.452271 32 301
199805 23929817.897693 125129405.946521 1961.621582 43 4.549457 21.403963 11270192.467647 17399673.842696 18655778.833544 32 301
199806 23929441.426696 125129405.946521 1960.000977 43 4.548975 21.402170 11268125.405987 17399126.292368 18657538.871987 32 301
199807 23929065.016774 125129405.946521 1959.774902 43 4.548495 21.400379 11266058.117364 17398578.816369 18659298.567570 32 301
199817 23925301.153134 125129405.946521 1959.874512 43 4.543680 21.382088 11245372.756555 17393108.153375 18676876.658962 32 301
199818 23924924.961340 125129405.946521 1959.147705 43 4.543199 21.380299 11243302.973835 17392561.497656 18678632.580959 32 301
199819 23924548.533968 125129405.946521 1961.040894 44 4.542715 21.378508 11241232.964606 17392014.916750 18680388.159712 32 301
199820 23924172.158947 125129405.946521 1960.540771 44 4.542233 21.376719 11239162.728906 17391468.410695 18682143.395185 32 301
199821 23923795.574523 125129405.946521 1961.147217 44 4.541752 21.374929 11237092.266772 17390921.979533 18683898.287349 32 301
199822 23923419.138426 125129405.946521 1960.239380 43 4.541271 21.373013 11235021.578245 17390375.623304 18685652.836168 32 301
199823 23923042.780855 125129405.946521 1959.690186 43 4.540789 21.371222 11232950.663361 17389829.342048 18687407.041612 32 301
199832 23919655.222436 125129405.946521 1960.365967 43 4.536457 21.354872 11214302.249705 17384916.191174 18703179.433327 32 301
199833 23919278.358808 125129405.946521 1961.709839 43 4.535976 21.353085 11212229.073342 17384370.661856 18704930.203248 32 301
199834 23918901.530081 125129405.946521 1961.212524 43 4.535495 21.351295 11210155.671041 17383825.207951 18706680.629440 32 301
199835 23918524.840956 125129405.946521 1961.326416 43 4.535015 21.349380 11208082.042840 17383279.829502 18708430.711869 32 301
199845 23914762.373334 125129405.946521 1960.119385 43 4.530219 21.331259 11187333.344823 17377830.203859 18725912.622118 32 301
199846 23914385.945962 125129405.946521 1960.738159 43 4.529741 21.329475 11185257.234239 17377285.658055 18727658.921050 32 301
199847 23914009.632016 125129405.946521 1960.162476 44 4.529263 21.327688 11183180.898214 17376741.188187 18729404.875834 32 301
199848 23913633.352971 125129405.946521 1960.105957 44 4.528784 21.325775 11181104.336784 17376196.794295 18731150.486440 32 301
199849 23913257.056476 125129405.946521 1960.421021 44 4.528306 21.323990 11179027.549989 17375652.476418 18732895.752834 32 301
199850 23912880.777431 125129405.946521 1959.874390 44 4.527828 21.322206 11176950.537866 17375108.234596 18734640.674986 32 301
199857 23910248.778539 125129405.946521 1959.356079 43 4.524486 21.309460 11162405.147132 17371300.674775 18746845.488484 32 301
199858 23909872.473319 125129405.946521 1960.523560 43 4.524008 21.307676 11160326.333763 17370757.042835 18748587.655542 32 301
199859 23909496.202999 125129405.946521 1960.213501 43 4.523531 21.305893 11158247.295412 17370213.487311 18750329.478068 32 301
199859 23909119.862878 125129405.946521 1960.139526 43 4.523531 21.305893 11158247.295412 17370213.487311 18750329.478068 32 301
199868 23906110.869482 125129405.946521 1959.683228 43 4.519228 21.289591 11139525.832411 17365324.932874 18765990.371569 32 301
199869 23905734.258883 125129405.946521 1959.978882 43 4.518749 21.287809 11137444.546332 17364782.143695 18767728.747031 32 301
199870 23905357.761710 125129405.946521 1960.214111 43 4.518270 21.285898 11135363.035693 17364239.431370 18769466.777610 32 301
199871 23904981.325613 125129405.946521 1960.225220 43 4.517792 21.284117 11133281.300531 17363696.795938 18771204.463275 32 301
199872 23904604.941867 125129405.946521 1959.639160 44 4.517313 21.282337 11131199.340885 17363154.237441 18772941.803993 32 301
199880 23901596.489428 125129405.946521 1959.496582 43 4.513498 21.267832 11114535.586982 17358816.543880 18786828.107777 32 301
199881 23901220.297634 125129405.946521 1959.223145 43 4.513022 21.266052 11112451.608706 17358274.679579 18788562.342545 32 301
199882 23900843.992414 125129405.946521 1959.541504 43 4.512546 21.264273 11110367.406329 17357732.892609 18790296.232050 32 301
199883 23900467.791894 125129405.946521 1958.857300 43 4.512071 21.262363 11108282.979891 17357191.183011 18792029.776258 32 301
199884 23900091.434323 125129405.946521 1959.383301 43 4.511595 21.260584 11106198.329430 17356649.550825 18793762.975138 32 301
199895 23895956.099174 125129405.946521 1956.434937 44 4.506367 21.240763 11083252.399978 17350696.717330 18812805.361963 32 301
199896 23895580.134232 125129405.946521 1957.812500 44 4.505893 21.238853 11081165.064252 17350156.017182 18814534.414421 32 301
199897 23895203.663235 125129405.946521 1960.106934 44 4.505419 21.237078 11079077.505001 17349615.394962 18816263.121141 32 301
199898 23894827.235863 125129405.946521 1959.945435 44 4.504946 21.235300 11076989.722268 17349074.850709 18817991.482087 32 301
199899 23894450.764865 125129405.946521 1960.269775 44 4.504472 21.233522 11074901.716090 17348534.384463 18819719.497229 32 301
199900 23894074.311318 125129405.946521 1960.227173 43 4.503998 21.231615 11072813.486507 17347993.996265 18821447.166534 32 301
199908 23891066.312585 125129405.946521 1959.585815 43 4.500219 21.217276 11056099.611996 17343673.705155 18835256.066963 32 302
199909 23890690.286568 125129405.946521 1957.687256 43 4.499749 21.215370 11054009.373509 17343134.021165 18836980.622310 32 302
199910 23890314.243101 125129405.946521 1957.801880 43 4.499278 21.213594 11051918.912003 17342594.415618 18838704.831503 32 302
199911 23889937.964056 125129405.946521 1958.865112 43 4.498807 21.211821 11049828.227516 17342054.888553 18840428.694512 32 302
199912 23889561.780987 125129405.946521 1958.606079 43 4.498335 21.210047 11047737.320088 17341515.440012 18842152.211304 32 302
199913 23889185.711344 125129405.946521 1958.099243 43 4.497863 21.208141 11045646.189760 17340976.070032 18843875.381847 32 302
199920 23886553.529226 125129405.946521 1957.525024 43 4.494564 21.195591 11031002.039545 17337202.683262 18855927.877969 32 302
199921 23886177.520659 125129405.946521 1958.747925 43 4.494092 21.193819 11028909.127398 17336663.943205 18857648.277386 32 302
199922 23885801.555718 125129405.946521 1958.371338 43 4.493621 21.191914 11026815.992698 17336125.282065 18859368.330270 32 302
199923 23885425.390099 125129405.946521 1959.161011 43 4.493150 21.190140 11024722.635484 17335586.699883 18861088.036591 32 302
199924 23885049.294281 125129405.946521 1958.612549 43 4.492680 21.188366 11022629.055794 17335048.196698 18862807.396315 32 302
199932 23882042.237860 125129406.446521 1958.377075 43 4.488920 21.173925 11005872.413941 17330743.019879 18876549.792793 32 302
199933 23881666.473596 125129406.446521 1956.844116 43 4.488451 21.172155 11003776.833730 17330205.229446 18878266.031731 32 302
199934 23881290.665707 125129406.446521 1956.669800 43 4.487982 21.170385 11001681.031434 17329667.518405 18879981.923759 32 302
199935 23880914.910168 125129406.446521 1956.460693 43 4.487513 21.168480 10999585.007090 17329129.886795 18881697.468844 32 302
199936 23880539.250606 125129406.446521 1956.365234 43 4.487044 21.166710 10997488.760740 17328592.334657 18883412.666954 32 302
199937 23880163.233314 125129406.446521 1958.369141 43 4.486576 21.164940 10995392.292418 17328054.862027 18885127.518060 32 302
199938 23879787.067695 125129406.446521 1959.153931 43 4.486107 21.163170 10993295.602165 17327517.468948 18886842.022130 32 302
199945 23877156.168168 125129406.446521 1955.862061 43 4.482829 21.150515 10978612.559732 17323757.948112 18898833.830852 32 302
199946 23876780.770358 125129406.446521 1954.765991 43 4.482361 21.148745 10976514.095451 17323221.192849 18900545.557487 32 302
199947 23876405.163147 125129406.446521 1956.033569 43 4.481894 21.146976 10974415.409589 17322684.517489 18902256.936802 32 302
199948 23876029.329082 125129406.446521 1957.212402 43 4.481426 21.145206 10972316.502187 17322147.922072 18903967.968767 32 302
199949 23875653.146013 125129406.446521 1958.551392 43 4.480959 21.143305 10970217.373281 17321611.406638 18905678.653351 32 302
199950 23875277.102546 125129406.446521 1958.016479 44 4.480491 21.141537 10968118.022915 17321074.971226 18907388.990519 32 302
199959 23871895.503376 125129406.446521 1957.646484 44 4.476291 21.125360 10949213.910419 17316250.660024 18922766.386124 32 302
199960 23871519.442459 125129406.446521 1958.441772 44 4.475824 21.123594 10947112.347592 17315715.026995 18924473.247422 32 302
199961 23871143.433892 125129406.446521 1957.869629 44 4.475358 21.121826 10945010.563734 17315179.474421 18926179.760960 32 302
199962 23870767.495126 125129406.446521 1957.432861 43 4.474892 21.119926 10942908.558886 17314644.002340 18927885.926706 32 302
199963 23870391.416759 125129406.446521 1958.071899 43 4.474427 21.118160 10940806.333085 17314108.610792 18929591.744632 32 302
199973 23866634.882210 125129406.446521 1955.051514 43 4.469783 21.100237 10919771.931435 17308759.133276 18946630.786691 33 302
199974 23866259.449501 125129406.446521 1954.810913 43 4.469319 21.098473 10917667.277752 17308224.630179 18948332.776504 33 302
199975 23865884.112768 125129406.446521 1954.538940 43 4.468855 21.096573 10915562.403590 17307690.208086 18950034.418119 33 302
199976 23865508.732409 125129406.446521 1955.436401 43 4.468391 21.094809 10913457.308985 17307155.867035 18951735.711505 33 302
199977 23865132.828543 125129406.446521 1957.610718 44 4.467927 21.093044 10911351.993974 17306621.607065 18953436.656634 33 302
199978 23864756.898502 125129406.446521 1958.029785 44 4.467463 21.091280 10909246.458599 17306087.428215 18955137.253473 33 302
199983 23862503.848539 125129406.446521 1955.398193 43 4.464683 21.080431 10896608.621029 17302884.060872 18965333.518561 33 302
199987 23861376.957103 124256362.417792 1956.391724 44 4.463293 21.075142 10890286.730486 17301283.475489 18970426.946682 33 302
199988 23861001.393517 124256362.417792 1956.130737 44 4.462830 21.073246 10888178.993648 17300750.110000 18972124.058890 33 302
199989 23860625.768855 124256362.417792 1956.519897 44 4.462368 21.071484 10886071.036880 17300216.826061 18973820.822465 33 302
199990 23860250.414672 124256362.417792 1955.050537 44 4.461905 21.069721 10883962.860222 17299683.623714 18975517.237373 33 302
199991 23859874.667858 124256362.417792 1956.124390 44 4.461443 21.067959 10881854.463711 17299150.502994 18977213.303587 33 302
199992 23859498.877419 124256362.417792 1956.513672 44 4.460981 21.066198 10879745.847389 17298617.463943 18978909.021073 33 302
199999 23856868.850402 124256362.417792 1957.281860 43 4.457749 21.053600 10864979.381804 17294888.480593 18990769.276424 33 302
200000 23856492.972712 124256362.417792 1956.738281 43 4.457287 21.051838 10862869.008409 17294356.096292 18992462.202970 33 302
200001 23856117.033946 124256362.417792 1957.200439 43 4.456826 21.050079 10860758.415558 17293823.794010 18994154.780509 33 302
200002 23855741.182431 124256362.417792 1956.976196 43 4.456365 21.048183 10858647.603291 17293291.573787 18995847.009009 33 302
200003 23855365.374542 124256362.417792 1956.505737 43 4.455904 21.046423 10856536.571647 17292759.435661 18997538.888439 33 302
200011 23852361.153781 124256362.417792 1954.450684 44 4.452218 21.032078 10839640.425768 17288505.290854 19011061.353570 33 302
200012 23851985.511669 124256362.417792 1955.791382 44 4.451757 21.030319 10837527.421513 17287973.893357 19012750.089975 33 302
200013 23851609.686330 124256362.417792 1956.891602 43 4.451296 21.028561 10835414.198276 17287442.578346 19014438.477002 33 302
200014 23851233.913341 124256362.417792 1956.451904 43 4.450836 21.026802 10833300.756098 17286911.345861 19016126.514618 33 302
200015 23850858.114177 124256362.417792 1956.338501 43 4.450376 21.024908 10831187.095018 17286380.195940 19017814.202792 33 302
200016 23850482.323738 124256362.417792 1956.145874 43 4.449915 21.023149 10829073.215076 17285849.128623 19019501.541493 33 302
200023 23847854.678676 124256362.417792 1953.821289 44 4.446695 21.010714 10814269.930776 17282133.973586 19031303.124479 33 302
200024 23847479.158715 124256362.417792 1955.628418 44 4.446235 21.008821 10812154.301368 17281603.568495 19032987.666281 33 302
200025 23847103.464252 124256362.417792 1956.948730 44 4.445775 21.007063 10810038.453453 17281073.246357 19034671.858333 33 302
200026 23846727.717439 124256362.417792 1956.708252 44 4.445316 21.005308 10807922.387074 17280543.007211 19036355.700603 33 302
200027 23846351.953175 124256362.417792 1956.758667 44 4.444856 21.003551 10805806.102269 17280012.851095 19038039.193060 33 302
200036 23842973.817873 124256362.417792 1956.406738 43 4.440719 20.987480 10786749.716556 17275245.188864 19053174.878398 33 302
200037 23842598.149586 124256362.417792 1955.912598 43 4.440259 20.985588 10784631.249687 17274715.865188 19054854.871024 33 302
200038 23842222.516199 124256362.417792 1955.680298 43 4.439799 20.983835 10782512.564831 17274186.624970 19056534.513497 33 302
200039 23841846.917712 124256362.417792 1955.382324 43 4.439339 20.982080 10780393.662028 17273657.468248 19058213.805786 33 302
200047 23838843.796315 124256362.417792 1955.796753 43 4.435660 20.967779 10763434.598367 17269427.224993 19071635.533723 33 302
200048 23838467.892449 124256362.417792 1955.795410 43 4.435200 20.966026 10761313.735828 17268898.821476 19073311.672976 33 302
200049 23838092.328863 124256362.417792 1954.591675 43 4.434741 20.964273 10759192.655743 17268370.501841 19074987.461735 33 302
200050 23837716.634400 124256361.917792 1955.450439 43 4.434281 20.962383 10757071.358149 17267842.266129 19076662.899973 33 302
200051 23837341.236591 124256361.917792 1954.316040 43 4.433821 20.960630 10754949.843088 17267314.114376 19078337.987657 33 302
200052 23836965.882408 124256361.917792 1954.687134 44 4.433362 20.958879 10752828.110598 17266786.046623 19080012.724756 33 302
200059 23834338.376947 124256361.917792 1955.762329 43 4.430151 20.946344 10737969.898610 17263091.927579 19091726.065461 33 302
200060 23833962.787186 124256361.917792 1954.824097 43 4.429693 20.944592 10735846.428130 17262564.533206 19093397.996785 33 302
200061 23833587.537704 124256361.917792 1953.576416 43 4.429236 20.942841 10733722.740583 17262037.223179 19095069.577248 33 302
200062 23833212.445273 124256361.917792 1953.209229 43 4.428778 20.941092 10731598.836009 17261509.997538 19096740.806818 33 302
200063 23832837.448819 124256361.917792 1952.615112 43 4.428321 20.939341 10729474.714447 17260982.856320 19098411.685467 33 302
200068 23830959.971167 124256361.917792 1955.792236 43 4.426034 20.930315 10718850.853276 17258348.417946 19106760.813764 33 303
200069 23830584.451207 124256361.917792 1955.177002 43 4.425577 20.928564 10716725.430621 17257821.784077 19108429.586243 33 303
200070 23830209.053398 124256361.917792 1954.819458 44 4.425120 20.926815 10714599.791259 17257295.234901 19110098.007585 33 303
200071 23829833.995868 124256361.917792 1953.373047 44 4.424663 20.925066 10712473.935232 17256768.770458 19111766.077758 33 303
200078 23827208.436107 124256361.917792 1953.662964 43 4.421466 20.912552 10697586.879799 17253085.895092 19123432.733669 33 303
200079 23826833.238975 124256361.917792 1953.987305 43 4.421010 20.910803 10695459.291874 17252560.109886 19125097.993408 33 303
200080 23826457.919692 124256361.917792 1954.505981 43 4.420553 20.909056 10693331.487643 17252034.409759 19126762.901705 33 303
200081 23826082.600409 124256361.917792 1954.674683 43 4.420097 20.907309 10691203.467146 17251508.794748 19128427.458530 33 303
200082 23825707.621405 124256361.917792 1953.032104 44 4.419641 20.905422 10689075.230425 17250983.264892 19130091.663850 33 303
200091 23822332.618417 124256361.917792 1954.497314 43 4.415546 20.889423 10669911.376501 17246257.334512 19145053.688989 33 303
200092 23821957.176983 124256361.917792 1954.450684 44 4.415093 20.887680 10667780.979733 17245732.658315 19146714.377601 33 303
200093 23821581.875150 124256361.917792 1954.131592 44 4.414640 20.885933 10665650.367184 17245208.067696 19148374.714374 33 303
200094 23821206.372639 124256361.917792 1954.687744 44 4.414187 20.884188 10663519.538891 17244683.562692 19150034.699278 33 303
200102 23818205.764073 124256361.917792 1952.110474 43 4.410565 20.869951 10646465.150763 17240490.609438 19163301.907487 33 303
200103 23817830.968297 124256361.917792 1951.695679 43 4.410111 20.868208 10644332.382608 17239966.876698 19164958.724194 33 303
200104 23817456.224871 124256361.917792 1951.665161 44 4.409659 20.866325 10642199.399115 17239443.229957 19166615.188728 33 303
200105 23817081.455270 124256361.917792 1951.640503 44 4.409206 20.864580 10640066.200324 17238919.669253 19168271.301057 33 303
200106 23816706.205787 124256361.917792 1954.035767 44 4.408754 20.862837 10637932.786271 17238396.194623 19169927.061155 33 303
200106 23816330.816703 124256361.917792 1954.787598 43 4.408754 20.862837 10637932.786271 17238396.194623 19169927.061155 33 303
200108 23815955.288018 124256361.917792 1955.777710 43 4.407850 20.859211 10633665.312549 17237349.503740 19173237.524528 33 303
200117 23812581.218617 124256361.917792 1953.243042 43 4.403775 20.843250 10614451.036332 17232643.665606 19188117.165995 33 303
200118 23812205.855708 124256361.917792 1954.003418 43 4.403323 20.841509 10612315.042338 17232121.226859 19189768.696912 33 303
200119 23811830.580050 124256361.917792 1953.276001 43 4.402870 20.839767 10610178.833614 17231598.874683 19191419.875200 33 303
