199376 24037470.969538 125108863.550731 -1263.096802 41 4.826900 22.347710 -23391678.089767 3115309.335031 14903697.494871 30 72
199377 24037713.745692 125108863.550731 -1264.027954 41 4.827405 22.349218 -23393252.234228 3114643.413988 14901371.695224 30 72
199378 24037956.696348 125108863.550731 -1265.578003 41 4.827910 22.350723 -23394826.171331 3113977.681970 14899045.622354 30 72
199379 24038199.699356 125108863.550731 -1266.007446 41 4.828415 22.351994 -23396399.901029 3113312.138955 14896719.276300 30 72
199380 24038442.719813 125108863.550731 -1266.040283 41 4.828920 22.353500 -23397973.423273 3112646.784920 14894392.657107 30 72
199381 24038685.653019 125108863.550731 -1265.663696 41 4.829426 22.355007 -23399546.738016 3111981.619844 14892065.764816 30 72
199382 24038928.385548 125108863.550731 -1264.729004 41 4.829932 22.356514 -23401119.845212 3111316.643706 14889738.599468 30 72
199386 24039898.329726 125108863.550731 -1263.612427 41 4.831956 22.362307 -23407410.197492 3108658.628122 14880427.208468 30 72
199387 24040141.210581 125108863.550731 -1264.329590 41 4.832461 22.363815 -23408982.266224 3107994.596349 14878098.678490 30 72
199388 24040383.969285 125108863.550731 -1263.745117 41 4.832966 22.365086 -23410554.127120 3107330.753383 14875769.875712 30 72
199389 24040626.963567 125108863.550731 -1265.172852 42 4.833472 22.366594 -23412125.780131 3106667.099205 14873440.800181 30 72
199395 24042084.746032 125108863.550731 -1264.761841 41 4.836506 22.375408 -23421551.329890 3102689.137457 14859460.621618 30 72
199396 24042327.766490 125108863.550731 -1265.761963 41 4.837012 22.376917 -23423121.526372 3102026.804176 14857129.637999 30 72
199397 24042570.987624 125108863.550731 -1266.978027 42 4.837518 22.378189 -23424691.514586 3101364.659508 14854798.381968 30 72
199398 24042814.112783 125108863.550731 -1266.871216 42 4.838025 22.379698 -23426261.294486 3100702.703430 14852466.853566 30 72
199402 24043784.903296 125108863.050731 -1264.037231 41 4.840051 22.385498 -23432538.329933 3098056.764617 14843138.017192 30 72
199404 24044270.909311 125108863.050731 -1264.847168 41 4.841062 22.388517 -23435675.596553 3096734.926179 14838471.965858 30 72
199405 24044513.790166 125108863.050731 -1265.096191 41 4.841569 22.390028 -23437243.916914 3096074.289628 14836138.532064 30 72
199406 24044756.732098 125108863.050731 -1265.541748 41 4.842076 22.391537 -23438812.028578 3095413.841495 14833804.826243 30 72
199407 24044999.979408 125108863.050731 -1267.359375 41 4.842583 22.392811 -23440379.931495 3094753.581756 14831470.848440 30 72
199413 24046460.466656 125108863.050731 -1265.454712 41 4.845626 22.401636 -23449782.962624 3090795.978424 14817461.272448 30 72
199414 24046703.862294 125108863.050731 -1267.357056 41 4.846133 22.403149 -23451349.402991 3090137.036838 14815125.391956 30 72
199415 24046947.196855 125108863.050731 -1266.963867 41 4.846641 22.404659 -23452915.634232 3089478.283472 14812789.239823 30 72
199416 24047190.400539 125108863.050731 -1266.402954 41 4.847149 22.405933 -23454481.656300 3088819.718304 14810452.816090 30 72
199417 24047433.787451 125108863.050731 -1266.804810 41 4.847657 22.407444 -23456047.469145 3088161.341312 14808116.120803 30 72
199418 24047677.261614 125108863.050731 -1267.645386 41 4.848166 22.408957 -23457613.072720 3087503.152474 14805779.154005 30 72
199426 24049625.595875 125108863.050731 -1267.459473 42 4.852245 22.420578 -23470130.361833 3082244.412715 14787073.650415 30 72
199427 24049869.157289 125108863.050731 -1267.442627 42 4.852756 22.422091 -23471694.079836 3081587.916277 14784734.241937 30 72
199428 24050112.587827 125108863.050731 -1267.060547 42 4.853267 22.423605 -23473257.588094 3080931.607772 14782394.562376 30 72
199429 24050356.149241 125108863.050731 -1267.894409 42 4.853778 22.425117 -23474820.886558 3080275.487181 14780054.611775 30 72
199430 24050599.553603 125108863.050731 -1267.526489 42 4.854290 22.426392 -23476383.975181 3079619.554478 14777714.390177 30 72
199437 24052305.556690 125108863.050731 -1267.539795 41 4.857873 22.436750 -23487319.715914 3075033.284666 14761325.254790 30 72
199438 24052549.458383 125108863.050731 -1269.676880 41 4.858386 22.438265 -23488881.124089 3074378.854292 14758982.866768 30 72
199439 24052793.429878 125108863.050731 -1270.340820 41 4.858898 22.439541 -23490442.321995 3073724.611610 14756640.208136 30 72
199440 24053037.366471 125108863.050731 -1270.315308 41 4.859412 22.441055 -23492003.309584 3073070.556597 14754297.278937 30 72
199441 24053281.390316 125108863.050731 -1270.548218 41 4.859925 22.442570 -23493564.086807 3072416.689231 14751954.079216 30 72
199442 24053525.117508 125108863.050731 -1268.679565 41 4.860439 22.444086 -23495124.653620 3071763.009489 14749610.609011 30 72
199446 24054499.598742 125108863.050731 -1268.774292 41 4.862494 22.449907 -23501364.815739 3069150.166352 14740234.024331 30 72
199447 24054743.613862 125108863.050731 -1270.509033 41 4.863008 22.451422 -23502924.329775 3068497.424403 14737889.202370 30 72
199448 24054988.082687 125108863.050731 -1271.145386 41 4.863522 22.452698 -23504483.633112 3067844.869947 14735544.110191 30 72
199449 24055232.193783 125108863.050731 -1271.226807 41 4.864036 22.454214 -23506042.725705 3067192.502960 14733198.747829 30 72
199450 24055476.331054 125108863.050731 -1271.338379 41 4.864549 22.455730 -23507601.607506 3066540.323420 14730853.115332 30 72
199451 24055719.779042 125108863.050731 -1268.256226 41 4.865062 22.457247 -23509160.278470 3065888.331303 14728507.212736 30 72
199456 24056938.955955 125108863.050731 -1269.587280 41 4.867631 22.464590 -23516950.468961 3062631.181348 14716773.649972 30 73
199457 24057182.909999 125108863.050731 -1270.514526 41 4.868145 22.465866 -23518507.873885 3061980.313315 14714426.127726 30 73
199458 24057427.064720 125108863.050731 -1271.813721 41 4.868659 22.467382 -23520065.067636 3061329.632552 14712078.335691 30 73
199459 24057671.228167 125108863.050731 -1271.760620 41 4.869174 22.468901 -23521622.050168 3060679.139037 14709730.273907 30 73
199460 24057915.391613 125108863.050731 -1271.791748 41 4.869689 22.470419 -23523178.821432 3060028.832745 14707381.942418 30 73
199465 24059134.629602 125108863.050731 -1269.400879 41 4.872266 22.477768 -23530959.507035 3056780.108895 14695636.240985 29 73
199466 24059378.627271 125108863.050731 -1270.711548 41 4.872782 22.479044 -23532515.009702 3056130.925481 14693286.292171 29 73
199467 24059622.520239 125108863.050731 -1270.184204 41 4.873299 22.480562 -23534070.300769 3055481.929134 14690936.073952 29 73
199468 24059866.378307 125108863.050731 -1270.221680 41 4.873815 22.482080 -23535625.380191 3054833.119833 14688585.586374 29 73
199469 24060110.602830 125108863.050731 -1271.989868 41 4.874332 22.483601 -23537180.247917 3054184.497556 14686234.829481 29 73
199475 24061576.447295 125108863.050731 -1270.601318 41 4.877432 22.492474 -23546505.005985 3050296.690149 14672124.634989 29 73
199476 24061820.514766 125108863.050731 -1271.555298 41 4.877949 22.493752 -23548058.390528 3049649.376406 14669771.994088 29 73
199477 24062064.966141 125108863.050731 -1272.948486 41 4.878466 22.495272 -23549611.562997 3049002.249506 14667419.084219 29 73
199478 24062309.365165 125108863.050731 -1273.158691 41 4.878983 22.496790 -23551164.523345 3048355.309428 14665065.905421 29 73
199479 24062553.807815 125108863.050731 -1273.353149 41 4.879500 22.498312 -23552717.271526 3047708.556148 14662712.457740 29 73
199484 24063775.070029 125108863.050731 -1272.594116 41 4.882089 22.505672 -23560477.828211 3044477.590961 14650941.187658 29 73
199485 24064019.713357 125108863.050731 -1273.479980 41 4.882607 22.506948 -23562029.302393 3043831.958000 14648586.127578 29 73
199486 24064264.566087 125108863.050731 -1273.730103 41 4.883127 22.508471 -23563580.564076 3043186.511679 14646230.798918 29 73
199487 24064509.331566 125108863.050731 -1273.811768 41 4.883645 22.509993 -23565131.613214 3042541.251977 14643875.201718 29 73
199488 24064754.105770 125108863.050731 -1274.169067 41 4.884162 22.511515 -23566682.449758 3041896.178870 14641519.336024 29 73
199489 24064998.426269 125108863.050731 -1271.724487 41 4.884680 22.512791 -23568233.073664 3041251.292336 14639163.201873 29 73
199490 24065487.538422 125108863.050731 -1271.643921 41 4.885717 22.515835 -23571333.683306 3039962.078920 14634450.128483 29 73
199494 24066221.276452 125108863.050731 -1272.749023 42 4.887271 22.520159 -23575983.001873 3038029.657492 14627378.505954 29 73
199495 24066465.972130 125108863.050731 -1273.806274 42 4.887790 22.521679 -23577532.348943 3037385.889921 14625020.762003 29 73
199496 24066710.816136 125108863.050731 -1274.065918 41 4.888309 22.523203 -23579081.483042 3036742.308764 14622662.749905 29 73
199497 24066955.476913 125108863.050731 -1273.389038 41 4.888827 22.524727 -23580630.404124 3036098.913999 14620304.469698 29 73
199498 24067200.085341 125108863.050731 -1273.505615 41 4.889345 22.526249 -23582179.112140 3035455.705603 14617945.921430 29 73
199499 24067444.178986 125108863.050731 -1271.729126 42 4.889863 22.527527 -23583727.607046 3034812.683553 14615587.105138 29 73
199504 24068665.589527 125108863.050731 -1272.842773 41 4.892454 22.534901 -23591466.883174 3031600.367729 14603789.005006 29 73
199505 24068910.006002 125108863.050731 -1273.686523 41 4.892973 22.536425 -23593014.098412 3030958.463281 14601428.581512 29 73
199506 24069154.274149 125108863.050731 -1273.065430 41 4.893492 22.537949 -23594561.100209 3030316.745020 14599067.890302 29 73
199507 24069398.655724 125108863.050731 -1273.360596 41 4.894011 22.539474 -23596107.888514 3029675.212924 14596706.931419 29 73
199514 24071111.726149 125108863.050731 -1273.174561 41 4.897643 22.549656 -23606929.424902 3025189.698975 14580172.728173 29 73
199515 24071355.880871 125108863.050731 -1272.509766 41 4.898163 22.551182 -23608474.503592 3024549.655375 14577809.629473 29 73
199516 24071600.253720 125108863.550731 -1273.153442 41 4.898682 22.552706 -23610019.368367 3023909.797734 14575446.263492 29 73
199517 24071844.731270 125108863.550731 -1273.619141 41 4.899201 22.553988 -23611564.019180 3023270.126030 14573082.630274 29 73
199524 24073557.819146 125108863.550731 -1276.396240 41 4.902842 22.564425 -23622370.579934 3018797.628428 14556529.718823 29 73
199525 24073802.863828 125108863.550731 -1276.033569 41 4.903363 22.565950 -23623913.517359 3018159.443393 14554163.949266 29 73
199526 24074047.699108 125108863.550731 -1274.307739 41 4.903884 22.567230 -23625456.240401 3017521.444088 14551797.912859 29 73
199527 24074292.115583 125108863.550731 -1273.324951 41 4.904406 22.568758 -23626998.749014 3016883.630489 14549431.609645 29 73
199528 24074536.793811 125108863.550731 -1274.362305 41 4.904927 22.570286 -23628541.043146 3016246.002575 14547065.039673 29 73
199536 24076496.243861 125108863.550731 -1274.346680 41 4.909109 22.582014 -23640871.669254 3011151.661171 14528122.881838 29 73
199537 24076741.148942 125108863.550731 -1274.639282 41 4.909633 22.583542 -23642412.030961 3010515.703382 14525753.912979 29 73
199538 24076986.141274 125108863.550731 -1275.496216 41 4.910157 22.585070 -23643952.177718 3009879.931048 14523384.677795 29 73
199539 24077231.151056 125108863.550731 -1275.630615 41 4.910682 22.586599 -23645492.109479 3009244.344145 14521015.176330 29 73
199546 24078947.327620 125108863.050731 -1275.197021 41 4.914348 22.596809 -23656265.607921 3004800.425984 14504421.213928 29 73
199547 24079191.944772 125108863.050731 -1274.828979 40 4.914872 22.598339 -23657803.818029 3004166.321699 14502049.583769 29 73
199548 24079436.692801 125108863.050731 -1275.183594 40 4.915396 22.599869 -23659341.812718 3003532.402636 14499677.687722 29 73
199549 24079681.667683 125108863.050731 -1276.304810 40 4.915919 22.601151 -23660879.591941 3002898.668775 14497305.525830 29 73
199556 24081398.899985 125108863.050731 -1279.150757 41 4.919598 22.611618 -23671638.009475 2998467.715428 14480692.952649 29 73
199557 24081644.293672 125108863.050731 -1277.336182 41 4.920124 22.613148 -23673174.063289 2997835.462334 14478318.665556 29 73
199558 24081889.504132 125108863.050731 -1276.050537 41 4.920651 22.614431 -23674709.901217 2997203.394230 14475944.113007 29 73
199559 24082134.627340 125108863.050731 -1276.301270 41 4.921177 22.615961 -23676245.523212 2996571.511094 14473569.295047 29 73
199560 24082379.942501 125108863.050731 -1277.727539 41 4.921703 22.617495 -23677780.929226 2995939.812903 14471194.211722 29 73
199566 24083853.150959 125108863.050731 -1276.749878 41 4.924862 22.626438 -23686988.827032 2992153.506320 14456938.141604 29 73
199567 24084098.457394 125108863.050731 -1277.394775 41 4.925389 22.627720 -23688522.719872 2991523.102091 14454561.201931 29 73
199568 24084343.877257 125108863.050731 -1277.269287 41 4.925917 22.629253 -23690056.396357 2990892.882620 14452183.997240 29 73
199569 24084589.201143 125108863.050731 -1277.512817 41 4.926444 22.630785 -23691589.856441 2990262.847884 14449806.527575 29 73
199570 24084834.664631 125108863.050731 -1278.249390 41 4.926971 22.632320 -23693123.100075 2989632.997859 14447428.792980 29 73
199579 24087046.357578 125108863.050731 -1278.519775 41 4.931732 22.645622 -23706912.544828 2983972.655839 14426017.267068 29 73
199580 24087292.004293 125108863.050731 -1278.400146 41 4.932261 22.647158 -23708443.621408 2983344.651646 14423636.885571 29 73
199581 24087537.781884 125108863.050731 -1279.638428 41 4.932791 22.648441 -23709974.481025 2982716.831907 14421256.239626 29 73
199582 24087783.664178 125108863.050731 -1279.378540 41 4.933320 22.649975 -23711505.123632 2982089.196599 14418875.329275 29 73
199583 24088029.267267 125108863.050731 -1278.208374 41 4.933850 22.651510 -23713035.549185 2981461.745698 14416494.154560 29 73
199591 24089996.090034 125108863.050731 -1279.794922 41 4.938095 22.663292 -23725271.133934 2976448.774361 14397435.245144 29 73
199592 24090241.623322 125108863.050731 -1279.842285 41 4.938627 22.664829 -23726799.603886 2975822.982068 14395051.693135 29 73
199593 24090487.147886 125108863.050731 -1279.214355 41 4.939158 22.666365 -23728327.856316 2975197.373947 14392667.877201 29 73
199594 24090733.126155 125108863.050731 -1280.954834 41 4.939690 22.667902 -23729855.891175 2974571.949975 14390283.797389 29 73
199595 24090979.357453 125108863.050731 -1281.901001 41 4.940222 22.669186 -23731383.708417 2973946.710129 14387899.453742 29 73
199596 24091225.431698 125108863.050731 -1281.839233 41 4.940754 22.670723 -23732911.307998 2973321.654384 14385514.846301 29 73
199597 24091471.697896 125108863.050731 -1281.936157 41 4.941287 22.672260 -23734438.689869 2972696.782717 14383129.975111 29 73
199604 24093194.069287 125108863.050731 -1282.201782 41 4.945016 22.682518 -23745124.263162 2968327.833262 14366428.495550 29 74
199605 24093439.995206 125108863.050731 -1280.483154 41 4.945549 22.684055 -23746649.901689 2967704.433366 14364041.515937 29 74
199606 24093685.781523 125108863.050731 -1279.490723 41 4.946082 22.685595 -23748175.322090 2967081.217334 14361654.272968 29 74
199607 24093931.777242 125108863.050731 -1280.088623 41 4.946615 22.687132 -23749700.524314 2966458.185144 14359266.766689 29 74
199608 24094177.851488 125108863.050731 -1280.401001 41 4.947148 22.688417 -23751225.508318 2965835.336772 14356878.997143 29 74
199613 24095655.928556 125108863.050731 -1282.814697 41 4.950348 22.697399 -23760370.827032 2962102.105407 14342546.853809 29 74
199616 24096148.120672 125108863.050731 -1280.307617 41 4.951416 22.700478 -23763417.518751 2960859.164408 14337767.368511 29 74
199617 24096394.177467 125108863.050731 -1281.172974 41 4.951950 22.702019 -23764940.536675 2960237.969326 14335377.231531 29 74
199618 24096640.164462 125108863.050731 -1280.789795 41 4.952484 22.703304 -23766463.335914 2959616.957824 14332986.831721 29 74
199619 24096886.090380 125108863.050731 -1280.958740 41 4.953018 22.704844 -23767985.916421 2958996.129878 14330596.169127 29 74
199627 24098856.638768 125108863.050731 -1282.222290 41 4.957290 22.716661 -23780158.680471 2954036.111508 14311461.413498 29 74
199628 24099102.774090 125108863.050731 -1281.586792 41 4.957824 22.718203 -23781679.290298 2953416.934496 14309068.387818 29 74
199629 24099348.935586 125108863.050731 -1281.534790 40 4.958359 22.719746 -23783199.680928 2952797.940803 14306675.099791 29 74
199630 24099595.446087 125108863.050731 -1282.953247 42 4.958892 22.721287 -23784719.852314 2952179.130403 14304281.549467 29 74
199631 24099841.764636 125108863.050731 -1282.205811 42 4.959427 22.722572 -23786239.804412 2951560.503274 14301887.736882 29 74
199638 24101567.861648 125108863.550731 -1282.270874 41 4.963173 22.733114 -23796873.325036 2947235.242943 14285123.709380 29 74
199639 24101814.049320 125108863.550731 -1282.557983 41 4.963709 22.734657 -23798391.521152 2946618.081111 14282727.800317 29 74
199640 24102060.359144 125108863.550731 -1282.820190 41 4.964246 22.735945 -23799909.497561 2946001.102334 14280331.629393 29 74
199641 24102306.895820 125108863.550731 -1284.353394 41 4.964783 22.737488 -23801427.254216 2945384.306587 14277935.196653 29 74
199642 24102553.606998 125108863.550731 -1285.111694 41 4.965320 22.739031 -23802944.791072 2944767.693847 14275538.502140 29 74
199649 24104279.224130 125108863.550731 -1285.500244 41 4.969080 22.749327 -23813561.390750 2940456.526847 14258754.314668 29 74
199650 24104526.275588 125108863.550731 -1285.941528 41 4.969619 22.750870 -23815077.167546 2939841.377293 14256355.527554 29 74
199651 24104773.379396 125108863.550731 -1285.963501 41 4.970156 22.752417 -23816592.724126 2939226.410529 14253956.479062 29 74
199652 24105020.474479 125108863.550731 -1285.916016 41 4.970694 22.753960 -23818108.060444 2938611.626531 14251557.169237 29 74
199653 24105267.246734 125108863.550731 -1285.015015 41 4.971231 22.755505 -23819623.176456 2937997.025274 14249157.598121 29 74
199654 24105513.800860 125108863.550731 -1283.957397 41 4.971269 22.756794 -23821138.072116 2937382.606734 14246757.765757 29 74
199659 24106746.972847 125108863.550731 -1284.582886 41 4.974085 22.764265 -23828709.243421 2934313.253974 14234754.686898 29 74
199660 24106993.849803 125108863.050731 -1285.945923 41 4.974628 22.765810 -23830222.815982 2933699.931232 14232353.287992 29 74
199661 24107240.761659 125108863.050731 -1286.396973 41 4.975173 22.767357 -23831736.167866 2933086.791039 14229951.628149 29 74
199662 24107487.865467 125108863.050731 -1286.708252 41 4.975716 22.768904 -23833249.299026 2932473.833370 14227549.707415 29 74
199663 24107734.742422 125108863.050731 -1286.428711 41 4.976260 22.770191 -23834762.209416 2931861.058201 14225147.525832 29 74
199664 24107981.357625 125108863.050731 -1284.512451 41 4.976805 22.771740 -23836274.898991 2931248.465508 14222745.083441 29 74
199671 24109708.362049 125108863.050731 -1285.549561 41 4.980627 22.782310 -23846857.539229 2926965.423962 14205920.687996 29 74
199672 24109955.492032 125108863.050731 -1285.817139 41 4.981174 22.783600 -23848368.460611 2926354.290203 14203516.160766 29 74
199673 24110202.281737 125108863.050731 -1284.892700 41 4.981721 22.785149 -23849879.160763 2925743.338701 14201111.373125 29 74
199674 24110449.228493 125108863.050731 -1285.863159 41 4.982267 22.786695 -23851389.639637 2925132.569432 14198706.325123 29 74
199675 24110696.419552 125108863.050731 -1287.241943 41 4.982815 22.788244 -23852899.897187 2924521.982372 14196301.016804 29 74
199682 24112425.535453 125108863.050731 -1285.799927 41 4.986642 22.798565 -23863465.499047 2920252.972781 14179456.573446 29 74
199683 24112672.447309 125108863.050731 -1286.067627 41 4.987192 22.800116 -23864973.984350 2919643.842515 14177049.184168 29 74
199684 24112919.341715 125108863.050731 -1286.122925 41 4.987741 22.801664 -23866482.247915 2919034.894239 14174641.534968 29 74
199685 24113166.305921 125108863.050731 -1286.312744 41 4.988291 22.803213 -23867990.289695 2918426.127929 14172233.625892 29 74
199686 24113413.462080 125108863.050731 -1286.611938 41 4.988841 22.804504 -23869498.109644 2917817.543559 14169825.456985 29 74
199693 24115144.340453 125108863.050731 -1286.654419 41 4.992687 22.815096 -23880046.634110 2913562.545290 14152961.003146 29 74
199694 24115391.679839 125108863.050731 -1288.398438 41 4.993237 22.816647 -23881552.677759 2912955.415568 14150550.757174 29 74
199695 24115639.132651 125108863.050731 -1289.255981 41 4.993786 22.817938 -23883058.499163 2912348.467566 14148140.251769 29 74
199696 24115886.594189 125108863.050731 -1289.294678 41 4.994336 22.819489 -23884564.098277 2911741.701261 14145729.486974 29 74
199697 24116134.108078 125108863.050731 -1289.252441 41 4.994886 22.821041 -23886069.475055 2911135.116628 14143318.462835 29 74
199698 24116381.552165 125108863.050731 -1289.530640 41 4.995436 22.822592 -23887574.629451 2910528.713642 14140907.179393 29 74
199699 24116628.978803 125108863.050731 -1288.957031 41 4.995987 22.823881 -23889079.561419 2909922.492278 14138495.636694 29 74
199705 24118112.735916 125108863.050731 -1287.958130 41 4.999292 22.832933 -23898104.479610 2906288.976819 14124020.938669 29 74
199706 24118360.467933 125108863.050731 -1289.671387 41 4.999842 22.834486 -23899607.853293 2905684.026127 14121607.582413 29 74
199707 24118608.322100 125108863.050731 -1290.564087 41 5.000392 22.836039 -23901111.004181 2905079.256862 14119193.967256 29 74
199708 24118856.167543 125108863.050731 -1290.335815 41 5.000942 22.837330 -23902613.932227 2904474.668997 14116780.093241 29 74
199709 24119104.047886 125108863.050731 -1290.645020 41 5.001492 22.838882 -23904116.637386 2903870.262510 14114365.960412 29 74
199710 24119351.797352 125108863.050731 -1289.856079 41 5.002041 22.840435 -23905619.119613 2903266.037375 14111951.568813 29 74
199711 24119599.119288 125108863.050731 -1287.903809 41 5.002591 22.841990 -23907121.378863 2902661.993566 14109536.918484 29 74
199717 24121084.368396 125108863.050731 -1289.767944 41 5.005896 22.850788 -23916130.249172 2899041.537238 14095043.585872 29 74
199718 24121332.318540 125108863.050731 -1290.945068 41 5.006447 22.852343 -23917630.946283 2898438.762033 14092627.125714 29 74
199719 24121580.451911 125108863.050731 -1291.238770 41 5.006999 22.853897 -23919131.420047 2897836.167959 14090210.407187 29 74
199720 24121828.506756 125108863.050731 -1291.412354 41 5.007550 22.855452 -23920631.670419 2897233.754990 14087793.430334 29 74
199721 24122076.483075 125108863.050731 -1290.042725 41 5.008101 22.857006 -23922131.697355 2896631.523101 14085376.195198 29 74
199722 24122324.136565 125108863.050731 -1288.535400 41 5.008650 22.858297 -23923631.500810 2896029.472268 14082958.701823 29 74
199730 24124307.004807 125108863.050731 -1289.368164 41 5.013060 22.870480 -23935621.877498 2891219.580670 14063609.463717 29 74
199731 24124554.649572 125108863.050731 -1289.657715 41 5.013610 22.871773 -23937119.667546 2890619.158226 14061189.648206 29 74
199732 24124802.512465 125108863.050731 -1289.909546 41 5.014162 22.873329 -23938617.233652 2890018.916590 14058769.574903 29 74
199733 24125050.410258 125108863.050731 -1290.297729 41 5.014714 22.874886 -23940114.575771 2889418.855737 14056349.243853 29 74
199734 24125298.177175 125108863.050731 -1290.267334 41 5.015266 22.876442 -23941611.693859 2888818.975643 14053928.655097 29 74
199736 24126042.498762 125108863.050731 -1292.123779 41 5.016922 22.880850 -23946101.703411 2887020.419686 14046665.343150 29 74
199742 24127282.127330 125108863.050731 -1291.140625 41 5.019679 22.888372 -23953580.567858 2884026.439231 14034554.673146 29 74
199743 24127529.911697 125108863.050731 -1290.578247 42 5.020231 22.889931 -23955075.667601 2883428.184843 14032131.767055 29 74
199744 24127777.687338 125108863.050731 -1290.980835 42 5.020783 22.891489 -23956570.542855 2882830.110964 14029708.603704 29 74
199745 24128025.672383 125108863.050731 -1291.665649 42 5.021334 22.892782 -23958065.193573 2882232.217570 14027285.183140 29 74
199746 24128273.744678 125108863.050731 -1292.282349 41 5.021886 22.894341 -23959559.619711 2881634.504635 14024861.505407 28 74
199754 24130259.413680 125108863.050731 -1291.967529 41 5.026295 22.906282 -23971506.938392 2876859.294730 14005462.830853 28 75
199755 24130507.494700 125108863.050731 -1291.776245 41 5.026846 22.907843 -23972999.341256 2876263.204807 14003036.840591 28 75
199756 24130755.540820 125108863.050731 -1291.569092 41 5.027399 22.909401 -23974491.519084 2875667.295093 14000610.593603 28 75
199757 24131003.682917 125108863.050731 -1291.870117 41 5.027952 22.910961 -23975983.471830 2875071.565564 13998184.089936 28 75
199758 24131251.816288 125108863.050731 -1292.345093 41 5.028505 22.912256 -23977475.199448 2874476.016194 13995757.329633 28 75
199759 24131500.167787 125108863.050731 -1293.650024 41 5.029059 22.913816 -23978966.701892 2873880.646959 13993330.312740 28 75
199765 24132989.735823 125108863.550731 -1292.296265 41 5.032381 22.922915 -23987910.985324 2870312.212986 13978762.825551 28 75
199766 24133238.052422 125108863.550731 -1294.129883 41 5.032936 22.924477 -23989400.910284 2869718.103988 13976334.013768 28 75
199767 24133486.613323 125108863.550731 -1294.560791 41 5.033491 22.925772 -23990890.609705 2869124.174924 13973904.945751 28 75
199768 24133735.340002 125108863.550731 -1294.689941 41 5.034046 22.927332 -23992380.083543 2868530.425768 13971475.621546 28 75
199769 24133983.813652 125108863.550731 -1293.672729 40 5.034602 22.928894 -23993869.331755 2867936.856496 13969046.041194 28 75
199770 24134232.034274 125108863.550731 -1292.375366 40 5.035157 22.930456 -23995358.354294 2867343.467080 13966616.204739 28 75
199771 24134480.167645 125108863.550731 -1291.737183 41 5.035713 22.932018 -23996847.151114 2866750.257498 13964186.112227 28 75
199779 24136466.927286 125108863.550731 -1288.256226 40 5.040176 22.943985 -24008749.394275 2862011.051815 13944736.159575 28 75
199780 24136715.619064 125108863.050731 -1294.791138 40 5.040733 22.945547 -24010236.157576 2861419.459593 13942303.764571 28 75
199781 24136964.345742 125108863.050731 -1294.467041 40 5.041289 22.946844 -24011722.694705 2860828.046952 13939871.113959 28 75
199784 24137709.688168 125108863.050731 -1293.422974 41 5.042957 22.951534 -24016180.948542 2859054.886279 13932571.628995 28 75
199785 24137958.004766 125108863.050731 -1293.141113 41 5.043513 22.952831 -24017666.580525 2858464.191706 13930137.956388 28 75
199786 24138206.600568 125108863.050731 -1294.653198 41 5.044070 22.954395 -24019151.986107 2857873.676588 13927704.028396 28 75
199787 24138455.458123 125108863.050731 -1295.693359 41 5.044627 22.955959 -24020637.165241 2857283.340898 13925269.845065 28 75
199788 24138704.368029 125108863.050731 -1295.765747 40 5.045187 22.957523 -24022122.117884 2856693.184612 13922835.406437 28 75
199789 24138953.356461 125108863.050731 -1295.878540 40 5.045750 22.959087 -24023606.843990 2856103.207704 13920400.712558 28 75
199790 24139202.214016 125108863.050731 -1295.943237 41 5.046313 22.960384 -24025091.343515 2855513.410148 13917965.763471 28 75
199791 24139450.923244 125108863.050731 -1294.531738 41 5.046875 22.961948 -24026575.616414 2854923.791920 13915530.559220 28 75
199792 24139699.597572 125108863.050731 -1294.737549 41 5.047435 22.963514 -24028059.662641 2854334.352993 13913095.099850 28 75
199793 24139948.228275 125108863.050731 -1294.407104 41 5.047995 22.965078 -24029543.482150 2853745.093343 13910659.385407 28 75
199794 24140196.867702 125108863.050731 -1294.480713 41 5.048554 22.966377 -24031027.074896 2853156.012943 13908223.415936 28 75
199795 24140445.821233 125108863.050731 -1295.559448 41 5.049114 22.967941 -24032510.440833 2852567.111771 13905787.191484 28 75
199803 24142436.472272 125108863.050731 -1294.202515 41 5.053588 22.979933 -24044369.197735 2847862.351484 13886288.221903 28 75
199804 24142685.111700 125108863.050731 -1294.928223 41 5.054148 22.981499 -24045850.520360 2847275.062197 13883849.704608 28 75
199805 24142933.690051 125108863.050731 -1295.202515 41 5.054709 22.983065 -24047331.615724 2846687.951882 13881410.932777 28 75
199806 24143182.713384 125108863.050731 -1296.892090 41 5.055271 22.984632 -24048812.483779 2846101.020514 13878971.906458 28 75
199807 24143431.684365 125108863.050731 -1297.127197 41 5.055832 22.986200 -24050293.124483 2845514.268066 13876532.625691 28 75
199817 24145922.685497 125108863.050731 -1297.502686 41 5.061441 23.001070 -24065087.017176 2839656.578607 13852125.833430 28 75
199818 24146172.110185 125108863.050731 -1298.343384 41 5.062003 23.002638 -24066565.154027 2839071.792597 13849683.756713 28 75
199819 24146421.220768 125108863.050731 -1296.454224 41 5.062562 23.004208 -24068043.062985 2838487.185200 13847241.426084 28 75
199820 24146670.331351 125108863.050731 -1297.002930 40 5.063123 23.005777 -24069520.744005 2837902.756391 13844798.841592 28 75
199821 24146919.389584 125108863.050731 -1296.445068 40 5.063684 23.007074 -24070998.197040 2837318.506144 13842356.003280 28 75
199822 24147168.578693 125108863.050731 -1297.437500 40 5.064245 23.008644 -24072475.422046 2836734.434435 13839912.911196 28 75
199823 24147417.837604 125108863.050731 -1298.013672 41 5.064806 23.010214 -24073952.418977 2836150.541236 13837469.565382 28 75
199832 24149661.028194 125108863.050731 -1297.750488 40 5.069860 23.023804 -24087235.120508 2830903.531231 13815468.042742 28 75
199833 24149909.929374 125108863.050731 -1296.497559 40 5.070423 23.025375 -24088709.834216 2830321.421730 13813022.162102 28 75
199834 24150158.856730 125108863.050731 -1297.036255 40 5.070985 23.026947 -24090184.319353 2829739.490457 13810576.028227 28 75
199835 24150407.775361 125108863.050731 -1296.955933 40 5.071548 23.028246 -24091658.575875 2829157.737386 13808129.641160 28 75
199845 24152903.008171 125108863.050731 -1298.655396 41 5.077187 23.043421 -24106388.557258 2823350.002187 13783651.855049 28 75
199846 24153152.319432 125108863.050731 -1298.117065 41 5.077753 23.044994 -24107860.296038 2822770.207644 13781202.685856 28 75
199847 24153401.909896 125108863.050731 -1298.703735 40 5.078318 23.046568 -24109331.805661 2822190.590995 13778753.264015 28 75
199848 24153651.430560 125108863.050731 -1298.825562 40 5.078883 23.047869 -24110803.086083 2821611.152212 13776303.589567 28 75
199849 24153900.977399 125108863.050731 -1298.544678 40 5.079449 23.049440 -24112274.137261 2821031.891270 13773853.662558 28 75
199850 24154150.550413 125108863.050731 -1299.154419 40 5.080015 23.051014 -24113744.959148 2820452.808144 13771403.483033 28 75
199857 24155899.533386 125108863.050731 -1300.026489 40 5.083981 23.061485 -24124034.288389 2816404.202936 13754245.159795 28 75
199858 24156149.045325 125108863.050731 -1298.911621 40 5.084548 23.063061 -24125503.274337 2815826.541399 13751792.961760 28 75
199859 24156398.801566 125108863.050731 -1299.239624 40 5.085115 23.064634 -24126972.030589 2815249.057444 13749340.511616 28 75
199859 24156648.505457 125108863.050731 -1299.378784 41 5.085115 23.064634 -24126972.030589 2815249.057444 13749340.511616 28 75
199868 24158648.195708 125108863.050731 -1300.228516 41 5.090212 23.078266 -24140180.493140 2810059.688771 13727257.122865 28 75
199869 24158897.821073 125108863.050731 -1299.998901 41 5.090778 23.079844 -24141646.949981 2809483.979205 13724802.154088 28 75
199870 24159147.446438 125108863.050731 -1299.794067 41 5.091343 23.081419 -24143113.176635 2808908.446935 13722346.933695 28 75
199871 24159397.071803 125108863.050731 -1299.880615 41 5.091909 23.082720 -24144579.173055 2808333.091934 13719891.461732 28 75
199872 24159646.880395 125108863.050731 -1300.453857 41 5.092476 23.084297 -24146044.939198 2807757.914177 13717435.738245 28 75
199880 24161648.019014 125108863.050731 -1300.983032 41 5.097021 23.096365 -24157762.772911 2803162.869783 13697780.900969 28 75
199881 24161897.975933 125108863.050731 -1301.354004 41 5.097589 23.097942 -24159226.464542 2802589.286043 13695322.915786 28 75
199882 24162147.863051 125108863.050731 -1301.071533 41 5.098159 23.099522 -24160689.925449 2802015.879285 13692864.679529 28 75
199883 24162397.863596 125108863.050731 -1301.829224 41 5.098729 23.101099 -24162153.155585 2801442.649483 13690406.192243 28 75
199884 24162647.803065 125108863.050731 -1301.332397 41 5.099298 23.102402 -24163616.154907 2800869.596612 13687947.453974 28 75
199895 24165400.095032 125108863.050731 -1304.826172 40 5.105572 23.119221 -24179693.900853 2794577.684926 13660884.781111 28 75
199896 24165650.366055 125108863.050731 -1303.473267 40 5.106144 23.120802 -24181154.126917 2794006.753168 13658423.034561 28 75
199897 24165900.148472 125108863.050731 -1301.270264 40 5.106716 23.122381 -24182614.121588 2793435.997997 13655961.037612 28 75
199898 24166150.026864 125108863.050731 -1301.475220 41 5.107289 23.123684 -24184073.884818 2792865.419389 13653498.790311 28 75
199899 24166399.774381 125108863.050731 -1301.167114 41 5.107861 23.125265 -24185533.416565 2792295.017317 13651036.292704 28 75
199900 24166649.644049 125108863.050731 -1301.298218 41 5.108434 23.126846 -24186992.716783 2791724.791755 13648573.544836 28 75
199908 24168652.353188 125844688.271183 -1302.313721 40 5.113027 23.138941 -24198658.778063 2787169.338476 13628862.558061 28 76
199909 24168902.746362 125844688.271183 -1304.275146 40 5.113603 23.140524 -24200115.992512 2786600.700316 13626397.559886 28 76
199910 24169153.156987 125844688.271183 -1304.225464 40 5.114179 23.142105 -24201572.974987 2786032.238402 13623932.311903 28 76
199911 24169403.375659 125844688.271183 -1303.201660 40 5.114755 23.143410 -24203029.725445 2785463.952708 13621466.814155 28 76
199912 24169653.646682 125844688.271183 -1303.509644 40 5.115330 23.144993 -24204486.243838 2784895.843207 13619001.066690 28 76
199913 24169904.057306 125844688.271183 -1304.083740 40 5.115905 23.146574 -24205942.530122 2784327.909872 13616535.069553 28 76
199920 24171657.873990 125844688.271183 -1304.989990 41 5.119936 23.157099 -24216130.031291 2780357.306998 13599266.102671 28 76
199921 24171908.406766 125844688.271183 -1303.835449 41 5.120512 23.158684 -24217584.459109 2779790.782044 13596798.109785 28 76
199922 24172159.000618 125844688.271183 -1304.238281 41 5.121088 23.160267 -24219038.654418 2779224.433019 13594329.867635 28 76
199923 24172409.411243 125844688.271183 -1303.502686 41 5.121664 23.161852 -24220492.617176 2778658.259895 13591861.376264 28 76
199924 24172659.821867 125844688.271183 -1304.122437 41 5.122241 23.163157 -24221946.347336 2778092.262646 13589392.635719 28 76
199932 24174665.357942 125844688.771183 -1304.763672 40 5.126863 23.175556 -24233567.809720 2773570.613002 13569633.746639 28 76
199933 24174916.248447 125844688.771183 -1306.329102 40 5.127442 23.176861 -24235019.444504 2773006.197436 13567162.765570 28 76
199934 24175167.252379 125844688.771183 -1306.567017 40 5.128021 23.178446 -24236470.846246 2772441.957479 13564691.535781 28 76
199935 24175418.291212 125844688.771183 -1306.807861 40 5.128600 23.180033 -24237922.014903 2771877.893105 13562220.057318 28 76
199936 24175669.312594 125844688.771183 -1307.000977 40 5.129179 23.181618 -24239372.950429 2771314.004286 13559748.330224 28 76
199937 24175920.028597 125844688.771183 -1305.013550 40 5.129760 23.183205 -24240823.652783 2770750.290997 13557276.354544 28 76
199938 24176170.535198 125844688.771183 -1304.281372 40 5.130339 23.184511 -24242274.121919 2770186.753210 13554804.130322 28 76
199945 24177926.646585 125844688.771183 -1307.896851 40 5.134401 23.195337 -24252420.871960 2766246.900565 13537491.605605 28 76
199946 24178177.964621 125844688.771183 -1309.075073 40 5.134982 23.196926 -24253869.473747 2765684.765841 13535017.394711 28 76
199947 24178429.160506 125844688.771183 -1307.861328 40 5.135563 23.198231 -24255317.841918 2765122.806379 13532542.935686 28 76
199948 24178680.155712 125844688.771183 -1306.777710 40 5.136144 23.199820 -24256765.976428 2764561.022152 13530068.228575 28 76
199949 24178930.967692 125844688.771183 -1305.439209 40 5.136725 23.201406 -24258213.877233 2763999.413134 13527593.273422 28 76
199950 24179181.770946 125844688.771183 -1306.032837 40 5.137307 23.202995 -24259661.544288 2763437.979299 13525118.070276 28 76
199959 24181442.560081 125844688.771183 -1306.855591 40 5.142550 23.216730 -24272680.021651 2758392.953581 13502830.089846 28 76
199960 24181693.380786 125844688.771183 -1306.115479 40 5.143133 23.218039 -24274125.348771 2757833.270092 13500352.409259 28 76
199961 24181944.288741 125844688.771183 -1306.740112 40 5.143716 23.219627 -24275570.441654 2757273.761491 13497874.481179 28 76
199962 24182195.301399 125844688.771183 -1307.204102 40 5.144300 23.221218 -24277015.300256 2756714.427751 13495396.305651 28 76
199963 24182446.087203 125844688.771183 -1306.627930 40 5.144885 23.222807 -24278459.924534 2756155.268843 13492917.882719 28 76
199973 24184959.511865 125844688.771183 -1310.213257 41 5.150742 23.237865 -24292893.269650 2750573.289718 13468120.056389 28 76
199974 24185211.161455 125844688.771183 -1310.443481 40 5.151329 23.239456 -24294335.313437 2750016.052203 13465638.915036 28 76
199975 24185462.872121 125844688.771183 -1310.777954 40 5.151916 23.241049 -24295777.122369 2749458.989198 13463157.526828 28 76
199976 24185714.469360 125844688.771183 -1309.966309 40 5.152502 23.242641 -24297218.696403 2748902.100676 13460675.891807 28 76
199977 24185965.639069 125844688.771183 -1307.804688 40 5.153089 23.244232 -24298660.035496 2748345.386610 13458194.010018 28 76
199978 24186216.695352 125844688.771183 -1307.436401 40 5.153676 23.245541 -24300101.139604 2747788.846972 13455711.881508 28 76
199983 24187726.313688 125844688.771183 -1310.381104 40 5.157199 23.254812 -24308742.826993 2744453.270674 13440813.932006 28 76
199987 24188480.843653 125844688.771183 -1309.532227 40 5.158962 23.259308 -24313060.494831 2742787.835117 13433361.630181 28 76
199988 24188732.414717 125844688.771183 -1309.863892 40 5.159551 23.260902 -24314499.246648 2742233.038285 13430877.036984 28 76
199989 24188983.959606 125844688.771183 -1309.524170 40 5.160140 23.262497 -24315937.762995 2741678.415584 13428392.197569 28 76
199990 24189235.757523 125844688.271183 -1311.068359 40 5.160729 23.264090 -24317376.043825 2741123.966988 13425907.111984 28 76
199991 24189487.319862 125844688.271183 -1310.036987 40 5.161319 23.265398 -24318814.089098 2740569.692469 13423421.780270 28 76
199992 24189738.777499 125844688.271183 -1309.659058 40 5.161908 23.266994 -24320251.898769 2740015.592000 13420936.202474 28 76
199999 24191500.228653 125844688.271183 -1309.275024 41 5.166039 23.277872 -24330309.965835 2736141.759860 13403530.271562 28 76
200000 24191751.677566 125844688.271183 -1309.875488 40 5.166628 23.279182 -24331745.889102 2735589.050814 13401042.726758 28 76
200001 24192002.995602 125844688.271183 -1309.483398 40 5.167219 23.280777 -24333181.576372 2735036.515573 13398554.936283 28 76
200002 24192254.470689 125844688.271183 -1309.749878 40 5.167810 23.282373 -24334617.027598 2734484.154111 13396066.900185 28 76
200003 24192506.094104 125844688.271183 -1310.241211 40 5.168402 23.283970 -24336052.242739 2733931.966400 13393578.618508 28 76
200011 24194521.463376 125844688.271183 -1312.746948 41 5.173134 23.296169 -24347525.459439 2729520.716507 13373663.529851 28 76
200012 24194773.243843 125844688.271183 -1311.439453 40 5.173727 23.297766 -24348958.547832 2728970.091330 13371173.040021 28 76
200013 24195024.884708 125844688.271183 -1310.413696 40 5.174319 23.299364 -24350391.399701 2728419.639630 13368682.305068 28 76
200014 24195276.534298 125844688.271183 -1310.879028 40 5.174911 23.300674 -24351824.015002 2727869.361382 13366191.325039 28 76
200015 24195528.227514 125844688.271183 -1311.047974 40 5.175503 23.302271 -24353256.393691 2727319.256557 13363700.099979 28 76
200016 24195779.964355 125844688.271183 -1311.317505 40 5.176096 23.303869 -24354688.535724 2726769.325129 13361208.629936 28 76
200023 24197544.835751 125844688.271183 -1313.976807 41 5.180248 23.314484 -24364706.899848 2722924.657957 13343761.484018 28 76
200024 24197796.895422 125844688.271183 -1312.243652 41 5.180840 23.316084 -24366137.147058 2722376.112715 13341268.055747 28 76
200025 24198048.736964 125844688.271183 -1310.953979 41 5.181435 23.317682 -24367567.157219 2721827.740622 13338774.382900 28 76
200026 24198300.578506 125844688.271183 -1311.281982 41 5.182028 23.319283 -24368996.930286 2721279.541652 13336280.465527 28 76
200027 24198552.367698 125844688.271183 -1311.209351 40 5.182622 23.320593 -24370426.466217 2720731.515776 13333786.303672 28 76
200036 24200822.641026 125844688.271183 -1312.096313 40 5.187968 23.334417 -24383281.611144 2715807.067674 13311327.853005 27 76
200037 24201074.674521 125844688.271183 -1312.650391 40 5.188562 23.336020 -24384708.773301 2715260.771238 13308831.248859 27 76
200038 24201326.673115 125844688.271183 -1312.889648 40 5.189156 23.337620 -24386135.697840 2714714.647596 13306334.400734 27 76
200039 24201578.889837 125844688.271183 -1313.221924 40 5.189750 23.339222 -24387562.384717 2714168.696719 13303837.308681 27 76
200047 24203598.752541 125844688.271183 -1313.260864 41 5.194505 23.351458 -24398967.318638 2709807.305964 13283851.796334 27 76
200048 24203850.873287 125844688.271183 -1313.357910 41 5.195100 23.353062 -24400391.864603 2709262.908733 13281352.510960 27 76
200049 24204103.290686 125844688.271183 -1314.587036 41 5.195695 23.354374 -24401816.172471 2708718.683991 13278852.982116 27 76
200050 24204355.559759 125844688.271183 -1313.744629 40 5.196290 23.355976 -24403240.242198 2708174.631711 13276353.209844 27 76
200051 24204608.099310 125844688.271183 -1314.946411 41 5.196885 23.357580 -24404664.073740 2707630.751865 13273853.194193 27 76
200052 24204860.708662 125844688.271183 -1314.619629 41 5.197480 23.359182 -24406087.667054 2707087.044425 13271352.935207 27 76
200059 24206628.206317 125844688.271183 -1313.912720 41 5.201654 23.369829 -24416046.146172 2703285.917423 13253844.312872 27 77
200060 24206880.414314 125844688.271183 -1314.962280 41 5.202252 23.371433 -24417467.832100 2702743.588237 13251342.108856 27 77
200061 24207133.093466 125844688.271183 -1316.200195 40 5.202850 23.373037 -24418889.279407 2702201.431209 13248839.661922 27 77
200062 24207385.973297 125844688.771183 -1316.653809 40 5.203447 23.374352 -24420310.488050 2701659.446311 13246336.972113 27 77
200063 24207639.053805 125844688.771183 -1317.291260 41 5.204046 23.375956 -24421731.457986 2701117.633515 13243834.039477 27 77
200068 24208901.760285 125844688.771183 -1314.375000 41 5.207038 23.383690 -24428832.725514 2698411.150104 13231315.735528 27 77
200069 24209154.291111 125844688.771183 -1315.016113 41 5.207637 23.385296 -24430252.262303 2697870.369334 13228811.346872 27 77
200070 24209406.917914 125844688.771183 -1315.498169 41 5.208236 23.386904 -24431671.560083 2697329.760471 13226306.715710 27 77
200071 24209659.832644 125844688.771183 -1316.955566 41 5.208835 23.388216 -24433090.618807 2696789.323488 13223801.842088 27 77
200078 24211430.698191 125844688.771183 -1317.045410 41 5.213031 23.399170 -24443017.332680 2693011.074912 13206260.941758 27 77
200079 24211683.508220 125844688.771183 -1316.760742 41 5.213631 23.400778 -24444434.477415 2692472.011962 13203754.130094 27 77
200080 24211936.274624 125844688.771183 -1316.293457 41 5.214231 23.402092 -24445851.382706 2691933.120640 13201247.076382 27 77
200081 24212189.041028 125844688.771183 -1316.195801 41 5.214832 23.403700 -24447268.048511 2691394.400919 13198739.780668 27 77
200082 24212442.217512 125844688.771183 -1317.858032 41 5.215433 23.405308 -24448684.474783 2690855.852771 13196232.243002 27 77
200091 24214720.744793 125844688.771183 -1316.908813 40 5.220853 23.419197 -24461421.525161 2686016.635633 13173653.523678 27 77
200092 24214973.519922 125844688.771183 -1317.002319 41 5.221457 23.420807 -24462835.553749 2685479.801676 13171143.568981 27 77
200093 24215226.417203 125844688.771183 -1317.367554 41 5.222062 23.422121 -24464249.342329 2684943.138985 13168633.372836 27 77
200094 24215479.174882 125844688.771183 -1316.861206 41 5.222667 23.423731 -24465662.890861 2684406.647532 13166122.935287 27 77
200102 24217505.459265 125844688.771183 -1319.869507 41 5.227510 23.436024 -24476962.632061 2680120.877107 13146030.750041 27 77
200103 24217759.229057 125844688.771183 -1320.365845 41 5.228115 23.437634 -24478374.018195 2679585.925528 13143518.141946 27 77
200104 24218012.911597 125844688.771183 -1320.401367 41 5.228721 23.439245 -24479785.163848 2679051.144906 13141005.292908 27 77
200105 24218266.629038 125844688.771183 -1320.513672 41 5.229327 23.440857 -24481196.068976 2678516.535213 13138492.202974 27 77
200106 24218519.805522 125844688.771183 -1318.156982 41 5.229933 23.442469 -24482606.733538 2677982.096420 13135978.872187 27 77
200106 24218772.807504 125844688.771183 -1317.454468 41 5.229933 23.442469 -24482606.733538 2677982.096420 13135978.872187 27 77
200108 24219025.634984 125844688.771183 -1316.507202 41 5.231146 23.445396 -24485427.340788 2676913.731421 13130951.488242 27 77
200117 24221307.285854 125844688.271183 -1319.564087 41 5.236602 23.459316 -24498108.153828 2672114.541101 13108316.350752 27 77
200118 24221560.488513 125844688.271183 -1318.792236 40 5.237208 23.460928 -24499515.928210 2671582.150918 13105800.133367 27 77
200119 24221813.795874 125844688.271183 -1319.609741 40 5.237815 23.462543 -24500923.461463 2671049.931269 13103283.675734 27 77
