199376 20950895.18 110160367.050469 92.24 45 2.804 14.490 -15802428.46 12959801.78 17468483.90 60 57
199377 20950878.47 110160367.050469 91.21 45 2.804 14.491 -15804561.05 12959794.12 17466527.66 60 57
199378 20950861.79 110160367.050469 89.40 45 2.804 14.491 -15806693.41 12959786.58 17464571.07 60 57
199379 20950845.18 110160367.050469 88.83 45 2.804 14.491 -15808825.52 12959779.16 17462614.12 60 57
199380 20950828.61 110160367.050469 88.66 45 2.804 14.491 -15810957.39 12959771.84 17460656.81 60 57
199381 20950811.94 110160367.050469 88.85 45 2.804 14.491 -15813089.02 12959764.65 17458699.15 60 57
199382 20950794.55 110160367.050469 89.66 45 2.804 14.491 -15815220.42 12959757.56 17456741.12 60 57
199386 20950723.84 110160367.050469 89.56 45 2.804 14.492 -15823743.60 12959730.37 17448905.45 60 57
199387 20950706.93 110160367.050469 89.20 46 2.804 14.492 -15825873.80 12959723.85 17446945.63 60 57
199388 20950689.91 110160367.050469 89.61 46 2.804 14.492 -15828003.76 12959717.45 17444985.46 60 57
199389 20950673.55 110160367.050469 88.04 46 2.805 14.492 -15830133.48 12959711.17 17443024.93 60 57
199395 20950573.13 110160367.050469 87.42 45 2.805 14.493 -15842906.76 12959675.83 17431254.24 60 58
199396 20950556.91 110160367.050469 86.31 45 2.805 14.493 -15845034.80 12959670.34 17429291.21 60 58
199397 20950540.73 110160367.050469 84.85 45 2.805 14.494 -15847162.60 12959664.96 17427327.81 60 58
199398 20950524.26 110160367.050469 84.78 45 2.805 14.494 -15849290.16 12959659.70 17425364.07 60 58
199402 20950458.72 110160367.050469 87.14 45 2.805 14.494 -15857798.00 12959639.77 17417505.50 60 58
199404 20950426.19 110160367.050469 85.87 45 2.805 14.495 -15862050.48 12959630.49 17413574.07 60 58
199405 20950409.83 110160367.050469 85.44 45 2.805 14.495 -15864176.36 12959626.02 17411607.82 60 58
199406 20950393.46 110160367.050469 84.78 45 2.805 14.495 -15866302.00 12959621.66 17409641.21 60 58
199407 20950377.49 110160367.050469 82.88 46 2.805 14.495 -15868427.40 12959617.41 17407674.24 60 58
199413 20950284.47 110160367.050469 83.71 46 2.806 14.496 -15881174.73 12959594.31 17395864.96 60 58
199414 20950269.09 110160367.050469 81.67 46 2.806 14.496 -15883298.45 12959590.86 17393895.50 60 58
199415 20950254.22 110160367.050469 81.88 46 2.806 14.496 -15885421.92 12959587.52 17391925.68 60 58
199416 20950239.08 110160367.050469 82.33 46 2.806 14.496 -15887545.15 12959584.29 17389955.50 60 58
199417 20950223.79 110160367.050469 81.69 46 2.806 14.497 -15889668.14 12959581.17 17387984.96 60 58
199418 20950208.48 110160367.050469 80.67 46 2.806 14.497 -15891790.89 12959578.17 17386014.07 60 58
199426 20950089.40 110160367.050469 79.57 46 2.806 14.498 -15908764.22 12959558.19 17370234.11 60 58
199427 20950074.64 110160367.050469 79.37 47 2.806 14.498 -15910884.80 12959556.20 17368260.01 60 58
199428 20950059.59 110160367.050469 79.63 47 2.806 14.498 -15913005.13 12959554.32 17366285.56 60 58
199429 20950044.84 110160367.050469 78.52 47 2.806 14.499 -15915125.23 12959552.55 17364310.75 60 58
199430 20950030.25 110160367.050469 78.87 46 2.806 14.499 -15917245.09 12959550.90 17362335.58 60 58
199437 20949928.11 110160367.050469 77.61 45 2.807 14.500 -15932077.30 12959542.46 17348499.43 60 58
199438 20949913.73 110160367.050469 75.22 45 2.807 14.500 -15934195.22 12959541.70 17346521.41 60 58
199439 20949899.56 110160367.050469 74.46 46 2.807 14.500 -15936312.90 12959541.06 17344543.04 60 58
199440 20949885.37 110160367.050469 74.40 46 2.807 14.500 -15938430.34 12959540.52 17342564.31 60 58
199441 20949870.97 110160367.050469 73.84 46 2.807 14.500 -15940547.53 12959540.10 17340585.23 60 58
199442 20949856.25 110160367.050469 75.58 46 2.807 14.501 -15942664.48 12959539.79 17338605.79 60 58
199446 20949797.81 110160367.050469 74.93 47 2.807 14.501 -15951129.87 12959539.67 17330684.47 60 58
199447 20949784.07 110160367.050469 72.89 46 2.807 14.501 -15953245.61 12959539.92 17328703.25 60 58
199448 20949770.82 110160367.050469 72.12 46 2.807 14.501 -15955361.11 12959540.28 17326721.68 60 58
199449 20949756.68 110160367.050469 71.94 46 2.807 14.502 -15957476.36 12959540.75 17324739.75 60 58
199450 20949742.96 110160367.050469 71.50 46 2.807 14.502 -15959591.37 12959541.33 17322757.47 60 58
199451 20949728.62 110160367.050469 74.49 46 2.807 14.502 -15961706.14 12959542.03 17320774.83 60 58
199456 20949658.65 110160367.050469 72.33 46 2.807 14.503 -15972276.36 12959547.18 17310856.30 60 58
199457 20949644.72 110160367.050469 71.30 46 2.807 14.503 -15974389.67 12959548.54 17308871.53 60 58
199458 20949631.31 110160367.050469 69.76 46 2.807 14.503 -15976502.74 12959550.02 17306886.40 60 59
199459 20949617.88 110160367.050469 69.68 47 2.807 14.503 -15978615.57 12959551.60 17304900.92 60 59
199460 20949604.55 110160367.050469 69.46 47 2.808 14.503 -15980728.15 12959553.30 17302915.08 60 59
199465 20949537.23 110160367.050469 71.11 45 2.808 14.504 -15991287.43 12959563.45 17292980.57 60 59
199466 20949523.86 110160367.050469 69.46 45 2.808 14.504 -15993398.55 12959565.82 17290992.61 60 59
199467 20949510.41 110160367.050469 69.95 45 2.808 14.505 -15995509.44 12959568.29 17289004.28 60 59
199468 20949496.86 110160367.050469 69.73 45 2.808 14.505 -15997620.07 12959570.88 17287015.61 60 59
199469 20949483.80 110160367.050469 67.69 46 2.808 14.505 -15999730.47 12959573.57 17285026.58 60 59
199475 20949406.30 110160367.050469 68.07 46 2.808 14.506 -16012387.72 12959592.08 17273084.95 60 59
199476 20949393.36 110160367.050469 67.06 46 2.808 14.506 -16014496.41 12959595.55 17271093.44 60 59
199477 20949380.69 110160367.050469 65.40 46 2.808 14.506 -16016604.86 12959599.13 17269101.57 60 59
199478 20949367.97 110160367.050469 65.04 46 2.808 14.506 -16018713.06 12959602.82 17267109.35 60 59
199479 20949355.57 110160367.050469 64.70 45 2.808 14.507 -16020821.02 12959606.63 17265116.78 60 59
199484 20949292.33 110160367.050469 64.59 46 2.809 14.507 -16031357.14 12959627.30 17255148.59 60 59
199485 20949280.05 110160367.050469 63.58 46 2.809 14.508 -16033463.63 12959631.76 17253153.89 60 59
199486 20949267.77 110160367.050469 63.15 46 2.809 14.508 -16035569.88 12959636.34 17251158.83 60 59
199487 20949255.51 110160367.050469 62.84 46 2.809 14.508 -16037675.89 12959641.02 17249163.43 60 59
199488 20949243.25 110160367.050469 62.32 46 2.809 14.508 -16039781.65 12959645.82 17247167.66 60 59
199489 20949230.83 110160367.050469 64.14 46 2.809 14.508 -16041887.16 12959650.73 17245171.55 60 59
199490 20949206.36 110160367.050469 64.34 46 2.809 14.509 -16046097.46 12959660.87 17241178.25 60 59
199494 20949170.15 110160367.050469 62.78 47 2.809 14.509 -16052411.07 12959676.91 17235185.66 60 59
199495 20949158.42 110160367.050469 61.55 47 2.809 14.509 -16054515.11 12959682.47 17233187.42 60 59
199496 20949147.10 110160367.050469 61.08 47 2.809 14.509 -16056618.92 12959688.15 17231188.83 60 59
199497 20949135.53 110160367.050469 61.57 47 2.809 14.510 -16058722.47 12959693.94 17229189.89 60 59
199498 20949123.95 110160367.050469 61.27 46 2.809 14.510 -16060825.78 12959699.83 17227190.59 60 59
199499 20949111.44 110160367.050469 63.07 46 2.809 14.510 -16062928.85 12959705.84 17225190.93 60 59
199504 20949050.81 110160367.550469 61.01 45 2.809 14.511 -16073440.51 12959737.51 17215187.37 60 59
199505 20949039.42 110160367.550469 59.93 46 2.810 14.511 -16075542.11 12959744.17 17213185.60 60 59
199506 20949028.03 110160367.550469 60.42 46 2.810 14.511 -16077643.46 12959750.95 17211183.47 60 59
199507 20949016.73 110160367.550469 59.96 46 2.810 14.511 -16079744.57 12959757.83 17209180.99 60 59
199514 20948939.64 110160367.550469 58.93 45 2.810 14.513 -16094445.44 12959809.07 17195153.76 60 59
199515 20948928.42 110160367.550469 59.37 45 2.810 14.513 -16096544.58 12959816.83 17193148.45 60 59
199516 20948917.46 110160367.550469 58.60 45 2.810 14.513 -16098643.47 12959824.69 17191142.80 60 59
199517 20948906.50 110160367.550469 58.03 46 2.810 14.513 -16100742.12 12959832.67 17189136.79 60 59
199524 20948832.34 110160367.550469 53.98 47 2.810 14.514 -16115425.78 12959891.55 17175084.86 60 60
199525 20948822.25 110160367.550469 54.18 47 2.810 14.514 -16117522.47 12959900.39 17173076.03 60 60
199526 20948811.89 110160367.550469 55.78 47 2.810 14.515 -16119618.90 12959909.35 17171066.85 60 60
199527 20948801.06 110160367.550469 56.47 47 2.811 14.515 -16121715.09 12959918.41 17169057.32 60 60
199528 20948790.92 110160367.550469 55.39 47 2.811 14.515 -16123811.03 12959927.59 17167047.43 60 60
199536 20948710.96 110160367.550469 53.95 46 2.811 14.516 -16140569.70 12960004.88 17150955.66 60 60
199537 20948700.81 110160367.550469 53.54 46 2.811 14.516 -16142663.42 12960015.03 17148942.61 60 60
199538 20948690.73 110160367.050469 52.45 46 2.811 14.517 -16144756.90 12960025.29 17146929.20 60 60
199539 20948680.92 110160367.050469 52.27 46 2.811 14.517 -16146850.13 12960035.66 17144915.44 60 60
199546 20948613.36 110160367.050469 51.44 46 2.811 14.518 -16161495.81 12960111.25 17130809.28 60 60
199547 20948603.39 110160367.050469 51.61 46 2.811 14.518 -16163587.06 12960122.49 17128792.71 60 60
199548 20948593.37 110160367.050469 51.15 46 2.811 14.518 -16165678.07 12960133.83 17126775.78 60 60
199549 20948583.81 110160367.050469 49.74 46 2.812 14.519 -16167768.83 12960145.27 17124758.51 60 60
199556 20948520.79 110160367.050469 45.80 45 2.812 14.520 -16182397.20 12960228.43 17110627.74 60 60
199557 20948511.56 110160367.050469 47.31 46 2.812 14.520 -16184485.97 12960240.74 17108607.66 60 60
199558 20948502.24 110160367.050469 48.52 46 2.812 14.520 -16186574.50 12960253.15 17106587.22 60 60
199559 20948492.91 110160367.050469 48.09 46 2.812 14.520 -16188662.78 12960265.68 17104566.43 60 60
199560 20948483.46 110160367.050469 46.46 46 2.812 14.520 -16190750.82 12960278.31 17102545.29 60 60
199566 20948431.47 110160367.050469 46.41 46 2.812 14.521 -16203273.81 12960356.36 17090411.09 59 60
199567 20948422.81 110160367.050469 45.59 46 2.812 14.522 -16205360.10 12960369.75 17088387.50 59 60
199568 20948414.33 110160367.050469 45.57 46 2.812 14.522 -16207446.15 12960383.24 17086363.55 59 60
199569 20948405.77 110160367.050469 45.13 46 2.812 14.522 -16209531.95 12960396.84 17084339.26 59 60
199570 20948397.57 110160367.050469 44.21 46 2.812 14.522 -16211617.50 12960410.55 17082314.61 59 60
199579 20948326.87 110160367.050469 42.43 46 2.813 14.524 -16230376.27 12960538.72 17064077.02 59 60
199580 20948318.75 110160367.050469 42.37 46 2.813 14.524 -16232459.34 12960553.49 17062048.87 59 60
199581 20948311.01 110160367.050469 40.97 46 2.813 14.524 -16234542.15 12960568.37 17060020.36 59 60
199582 20948303.16 110160367.050469 41.03 46 2.813 14.524 -16236624.72 12960583.36 17057991.51 59 60
199583 20948295.18 110160367.050469 42.06 46 2.813 14.525 -16238707.04 12960598.46 17055962.31 59 60
199591 20948236.58 110160367.050469 39.09 46 2.813 14.526 -16255356.61 12960723.06 17039716.10 59 61
199592 20948229.19 110160367.050469 38.83 46 2.814 14.526 -16257436.68 12960739.12 17037683.75 59 61
199593 20948221.87 110160367.050469 39.33 46 2.814 14.526 -16259516.51 12960755.28 17035651.05 59 61
199594 20948214.97 110160367.050469 37.39 46 2.814 14.527 -16261596.08 12960771.54 17033618.00 59 61
199595 20948208.13 110160367.050469 36.26 46 2.814 14.527 -16263675.41 12960787.92 17031584.61 59 61
199596 20948201.26 110160367.050469 36.17 46 2.814 14.527 -16265754.48 12960804.40 17029550.86 59 61
199597 20948194.45 110160367.050469 35.85 46 2.814 14.527 -16267833.31 12960820.98 17027516.76 59 61
199604 20948146.43 110160367.050469 34.38 47 2.814 14.528 -16282378.10 12960940.05 17013268.29 59 61
199605 20948139.58 110160367.050469 35.94 47 2.814 14.529 -16284454.92 12960957.48 17011231.40 59 61
199606 20948132.51 110160367.050469 36.83 47 2.814 14.529 -16286531.50 12960975.02 17009194.15 59 61
199607 20948125.66 110160367.050469 36.01 47 2.814 14.529 -16288607.83 12960992.67 17007156.56 59 61
199608 20948118.86 110160367.050469 35.54 47 2.814 14.529 -16290683.90 12961010.42 17005118.62 59 61
199613 20948080.98 110160367.050469 32.09 47 2.815 14.530 -16303135.10 12961119.14 16992883.65 59 61
199616 20948068.49 110160367.050469 34.38 47 2.815 14.531 -16307283.50 12961156.22 16988802.54 59 61
199617 20948062.34 110160367.050469 33.23 47 2.815 14.531 -16309357.32 12961174.92 16986761.46 59 61
199618 20948056.03 110160367.050469 33.41 47 2.815 14.531 -16311430.89 12961193.73 16984720.03 59 61
199619 20948049.65 110160367.050469 33.02 47 2.815 14.531 -16313504.21 12961212.64 16982678.26 59 61
199627 20948003.72 110160367.050469 30.42 47 2.815 14.533 -16330081.74 12961367.72 16966331.49 59 61
199628 20947997.66 110160367.050469 30.87 47 2.815 14.533 -16332152.81 12961387.58 16964286.58 59 61
199629 20947991.73 110160367.050469 30.76 47 2.815 14.533 -16334223.62 12961407.54 16962241.32 59 61
199630 20947986.26 110160367.050469 29.10 47 2.815 14.533 -16336294.18 12961427.61 16960195.71 59 61
199631 20947980.56 110160367.050469 29.78 46 2.815 14.533 -16338364.48 12961447.78 16958149.75 59 61
199638 20947943.27 110160367.550469 28.46 46 2.816 14.535 -16352849.60 12961591.92 16943818.31 59 61
199639 20947938.13 110160367.550469 28.03 45 2.816 14.535 -16354917.89 12961612.93 16941769.57 59 61
199640 20947932.98 110160367.550469 27.55 45 2.816 14.535 -16356985.94 12961634.05 16939720.48 59 61
199641 20947928.03 110160367.550469 25.87 46 2.816 14.535 -16359053.73 12961655.27 16937671.04 59 61
199642 20947923.50 110160367.550469 24.89 46 2.816 14.535 -16361121.27 12961676.59 16935621.26 59 61
199649 20947889.47 110160367.550469 23.31 46 2.816 14.537 -16375586.99 12961828.78 16921263.04 59 61
199650 20947884.74 110160367.550469 22.70 46 2.816 14.537 -16377652.52 12961850.94 16919210.47 59 61
199651 20947879.90 110160367.550469 22.43 46 2.816 14.537 -16379717.79 12961873.20 16917157.56 59 61
199652 20947875.17 110160367.550469 22.37 46 2.816 14.537 -16381782.81 12961895.57 16915104.30 59 61
199653 20947869.99 110160367.550469 25.55 46 2.816 14.538 -16383847.57 12961918.04 16913050.70 59 61
199654 20947865.04 110160367.550469 24.00 46 2.816 14.538 -16385912.09 12961940.61 16910996.75 59 61
199659 20947842.89 110160367.550469 22.48 46 2.817 14.539 -16396230.87 12962055.05 16900721.78 59 62
199660 20947838.84 110160367.550469 20.86 46 2.817 14.539 -16398293.87 12962078.24 16898665.74 59 62
199661 20947835.02 110160367.550469 20.34 46 2.817 14.539 -16400356.62 12962101.54 16896609.36 59 62
199662 20947831.57 110160367.550469 19.83 47 2.817 14.539 -16402419.11 12962124.95 16894552.63 59 62
199663 20947828.08 110160367.550469 19.92 47 2.817 14.539 -16404481.35 12962148.46 16892495.55 59 62
199664 20947824.22 110160367.550469 21.65 47 2.817 14.540 -16406543.34 12962172.07 16890438.13 59 62
199671 20947798.15 110160367.550469 19.41 46 2.817 14.541 -16420970.16 12962340.26 16876026.47 59 62
199672 20947794.45 110160367.550469 18.90 45 2.817 14.541 -16423030.13 12962364.70 16873966.27 59 62
199673 20947790.64 110160367.550469 19.79 45 2.817 14.541 -16425089.84 12962389.24 16871905.73 59 62
199674 20947787.24 110160367.550469 18.55 46 2.817 14.542 -16427149.29 12962413.89 16869844.85 59 62
199675 20947783.96 110160367.550469 17.03 47 2.817 14.542 -16429208.49 12962438.64 16867783.61 59 62
199682 20947760.89 110160367.550469 17.24 46 2.818 14.543 -16443615.81 12962614.78 16853345.28 59 62
199683 20947757.67 110160367.550469 16.80 45 2.818 14.543 -16445672.99 12962640.35 16851281.28 59 62
199684 20947754.59 110160367.550469 16.57 45 2.818 14.543 -16447729.91 12962666.03 16849216.93 59 62
199685 20947751.65 110160367.550469 16.20 45 2.818 14.544 -16449786.57 12962691.81 16847152.23 59 62
199686 20947748.87 110160367.550469 15.70 45 2.818 14.544 -16451842.98 12962717.69 16845087.19 59 62
199693 20947729.42 110160367.550469 14.49 46 2.818 14.545 -16466230.75 12962901.75 16830622.23 59 62
199694 20947726.84 110160367.550469 12.57 45 2.818 14.545 -16468285.13 12962928.45 16828554.42 59 62
199695 20947724.72 110160367.550469 11.45 45 2.819 14.546 -16470339.25 12962955.26 16826486.27 59 62
199696 20947722.57 110160367.550469 11.23 46 2.819 14.546 -16472393.12 12962982.17 16824417.77 59 62
199697 20947720.51 110160367.550469 11.14 46 2.819 14.546 -16474446.74 12963009.18 16822348.93 59 62
199698 20947718.73 110160367.550469 10.72 46 2.819 14.546 -16476500.10 12963036.29 16820279.74 59 62
199699 20947716.84 110160367.550469 11.08 46 2.819 14.546 -16478553.21 12963063.51 16818210.21 59 62
199705 20947702.51 110160367.550469 11.05 46 2.819 14.548 -16490866.50 12963228.95 16805785.76 59 62
199706 20947700.59 110160367.550469 9.14 46 2.819 14.548 -16492917.82 12963256.88 16803713.81 59 62
199707 20947698.88 110160367.550469 8.08 46 2.819 14.548 -16494968.89 12963284.92 16801641.52 59 62
199708 20947697.10 110160367.550469 8.11 45 2.819 14.548 -16497019.70 12963313.05 16799568.88 59 62
199709 20947695.37 110160367.550469 7.61 45 2.819 14.548 -16499070.26 12963341.29 16797495.90 59 62
199710 20947693.74 110160367.550469 8.27 45 2.819 14.549 -16501120.56 12963369.63 16795422.57 59 62
199711 20947691.91 110160367.550469 10.02 45 2.819 14.549 -16503170.61 12963398.07 16793348.89 59 62
199717 20947682.46 110160367.550469 7.13 46 2.820 14.550 -16515465.54 12963570.85 16780899.61 59 62
199718 20947681.43 110160367.550469 5.77 46 2.820 14.550 -16517513.80 12963600.00 16778823.53 59 62
199719 20947680.39 110160367.550469 5.30 46 2.820 14.550 -16519561.81 12963629.26 16776747.10 59 62
199720 20947679.37 110160367.550469 4.93 46 2.820 14.551 -16521609.56 12963658.61 16774670.32 59 62
199721 20947678.07 110160367.550469 6.13 46 2.820 14.551 -16523657.05 12963688.07 16772593.20 59 62
199722 20947676.77 110160367.550469 7.49 46 2.820 14.551 -16525704.29 12963717.63 16770515.74 59 63
199730 20947669.71 110160367.550469 5.21 46 2.820 14.553 -16542073.00 12963957.74 16753883.64 59 63
199731 20947668.77 110160367.550469 4.78 46 2.820 14.553 -16544117.93 12963988.21 16751803.08 59 63
199732 20947668.02 110160367.550469 4.31 46 2.821 14.553 -16546162.61 12964018.78 16749722.17 59 63
199733 20947667.23 110160367.550469 3.78 46 2.821 14.553 -16548207.04 12964049.45 16747640.92 59 63
199734 20947666.44 110160367.550469 3.58 46 2.821 14.553 -16550251.20 12964080.22 16745559.33 59 63
199736 20947665.32 110160367.550469 1.25 45 2.821 14.554 -16556382.17 12964173.15 16739312.49 59 63
199742 20947663.31 110160367.550469 1.35 45 2.821 14.555 -16566595.32 12964330.03 16728894.22 59 63
199743 20947663.30 110160367.550469 1.72 45 2.821 14.555 -16568637.18 12964361.71 16726809.53 59 63
199744 20947663.50 110160367.550469 1.20 45 2.821 14.555 -16570678.78 12964393.49 16724724.50 59 63
199745 20947663.56 110160367.550469 0.28 45 2.821 14.556 -16572720.13 12964425.37 16722639.13 59 63
199746 20947663.75 110160367.550469 -0.54 46 2.821 14.556 -16574761.22 12964457.36 16720553.41 59 63
199754 20947666.02 110160367.550469 -1.07 46 2.822 14.557 -16591080.69 12964716.82 16703855.33 59 63
199755 20947666.28 110160367.550469 -1.58 46 2.822 14.558 -16593119.47 12964749.70 16701766.53 59 63
199756 20947666.54 110160367.550469 -1.54 46 2.822 14.558 -16595157.99 12964782.68 16699677.38 59 63
199757 20947666.88 110160367.550469 -2.07 46 2.822 14.558 -16597196.25 12964815.77 16697587.89 59 63
199758 20947667.15 110160367.550469 -2.68 46 2.822 14.558 -16599234.25 12964848.95 16695498.06 59 63
199759 20947667.77 110160367.550469 -4.20 46 2.822 14.558 -16601272.00 12964882.24 16693407.88 59 63
199765 20947672.13 110160367.050469 -3.88 46 2.822 14.560 -16613493.08 12965084.04 16680859.63 59 63
199766 20947673.25 110160367.050469 -5.91 46 2.822 14.560 -16615529.03 12965118.02 16678767.06 59 63
199767 20947674.72 110160367.050469 -6.52 46 2.822 14.560 -16617564.72 12965152.10 16676674.14 59 63
199768 20947676.09 110160367.050469 -6.85 46 2.822 14.560 -16619600.15 12965186.29 16674580.88 59 63
199769 20947677.47 110160367.050469 -5.98 46 2.822 14.560 -16621635.32 12965220.57 16672487.28 59 63
199770 20947678.57 110160367.050469 -4.85 46 2.823 14.561 -16623670.23 12965254.95 16670393.34 59 63
199771 20947679.48 110160367.050469 -4.38 46 2.823 14.561 -16625704.89 12965289.43 16668299.05 59 63
199779 20947690.57 110160367.050469 -5.42 47 2.823 14.563 -16641972.85 12965568.86 16651532.45 59 63
199780 20947692.41 110160367.050469 -9.08 46 2.823 14.563 -16644005.18 12965604.23 16649435.08 59 63
199781 20947694.32 110160367.050469 -8.91 46 2.823 14.563 -16646037.25 12965639.70 16647337.38 59 63
199784 20947699.20 110160367.050469 -8.42 46 2.823 14.564 -16652131.93 12965746.72 16641042.21 59 63
199785 20947700.65 110160367.050469 -8.30 46 2.823 14.564 -16654162.97 12965782.59 16638943.13 59 63
199786 20947702.51 110160367.050469 -10.03 47 2.823 14.564 -16656193.75 12965818.56 16636843.72 59 63
199787 20947704.49 110160367.050469 -11.23 47 2.823 14.564 -16658224.27 12965854.63 16634743.96 59 63
199788 20947706.46 110160367.050469 -11.53 47 2.824 14.564 -16660254.54 12965890.80 16632643.86 59 63
199789 20947708.50 110160367.050469 -11.78 47 2.824 14.565 -16662284.54 12965927.06 16630543.42 59 64
199790 20947710.72 110160367.050469 -12.06 47 2.824 14.565 -16664314.29 12965963.43 16628442.64 59 64
199791 20947712.77 110160367.050469 -10.78 47 2.824 14.565 -16666343.78 12965999.89 16626341.52 59 64
199792 20947714.78 110160367.050469 -11.14 47 2.824 14.565 -16668373.01 12966036.45 16624240.05 59 64
199793 20947716.85 110160367.050469 -11.03 47 2.824 14.565 -16670401.98 12966073.11 16622138.25 59 64
199794 20947719.04 110160367.050469 -11.20 47 2.824 14.566 -16672430.69 12966109.87 16620036.10 59 64
199795 20947721.52 110160367.050469 -12.53 47 2.824 14.566 -16674459.14 12966146.73 16617933.61 59 64
199803 20947741.53 110160367.550469 -12.60 45 2.824 14.568 -16690677.43 12966445.14 16601101.42 59 64
199804 20947744.32 110160367.550469 -13.43 46 2.824 14.568 -16692703.55 12966482.88 16598995.86 59 64
199805 20947746.89 110160367.550469 -13.90 46 2.824 14.568 -16694729.41 12966520.72 16596889.97 59 64
199806 20947749.90 110160367.550469 -15.82 46 2.825 14.568 -16696755.01 12966558.66 16594783.73 59 64
199807 20947752.94 110160367.550469 -16.24 46 2.825 14.568 -16698780.35 12966596.70 16592677.15 59 64
199817 20947787.40 110160367.550469 -18.42 46 2.825 14.571 -16719019.47 12966982.47 16571592.61 59 64
199818 20947791.27 110160367.550469 -19.40 46 2.825 14.571 -16721041.95 12967021.58 16569482.28 59 64
199819 20947794.76 110160367.550469 -17.67 46 2.825 14.571 -16723064.18 12967060.80 16567371.61 59 64
199820 20947798.34 110160367.550469 -18.42 46 2.825 14.571 -16725086.14 12967100.11 16565260.60 59 64
199821 20947801.99 110160367.550469 -18.03 46 2.825 14.571 -16727107.84 12967139.51 16563149.26 59 64
199822 20947805.67 110160367.550469 -19.18 46 2.825 14.572 -16729129.28 12967179.02 16561037.57 59 64
199823 20947809.48 110160367.550469 -19.95 46 2.825 14.572 -16731150.46 12967218.62 16558925.54 59 64
199832 20947846.09 110160367.550469 -21.33 46 2.826 14.574 -16749329.37 12967579.43 16539902.00 59 64
199833 20947849.92 110160367.550469 -20.19 46 2.826 14.574 -16751347.95 12967620.00 16537786.57 59 64
199834 20947853.96 110160367.550469 -20.92 46 2.826 14.574 -16753366.26 12967660.68 16535670.81 59 64
199835 20947858.00 110160367.550469 -21.02 46 2.826 14.574 -16755384.32 12967701.45 16533554.70 59 64
199845 20947905.70 110160367.550469 -24.52 46 2.827 14.577 -16775550.50 12968114.47 16512374.98 59 64
199846 20947910.46 110160367.550469 -24.14 46 2.827 14.577 -16777565.68 12968156.30 16510255.14 59 64
199847 20947915.28 110160367.550469 -24.94 46 2.827 14.577 -16779580.60 12968198.23 16508134.96 59 64
199848 20947920.01 110160367.550469 -25.23 46 2.827 14.577 -16781595.26 12968240.26 16506014.45 59 64
199849 20947924.79 110160367.550469 -25.14 47 2.827 14.578 -16783609.66 12968282.39 16503893.59 59 64
199850 20947929.59 110160367.550469 -25.93 45 2.827 14.578 -16785623.79 12968324.61 16501772.40 59 64
199857 20947965.03 110160367.550469 -28.07 45 2.827 14.579 -16799715.42 12968622.84 16486914.55 59 65
199858 20947969.85 110160367.550469 -27.09 45 2.827 14.580 -16801727.46 12968665.83 16484790.65 59 65
199859 20947974.89 110160367.550469 -27.67 45 2.828 14.580 -16803739.24 12968708.92 16482666.41 59 65
199859 20947979.88 110160367.550469 -27.96 45 2.828 14.580 -16803739.24 12968708.92 16482666.41 59 65
199868 20948025.37 110160367.050469 -30.24 46 2.828 14.582 -16821833.46 12969101.02 16463532.99 59 65
199869 20948031.14 110160367.050469 -30.23 46 2.828 14.582 -16823842.62 12969145.06 16461405.36 59 65
199870 20948036.71 110160367.050469 -30.15 46 2.828 14.582 -16825851.51 12969189.20 16459277.40 59 65
199871 20948042.26 110160367.050469 -30.40 46 2.828 14.582 -16827860.14 12969233.44 16457149.10 59 65
199872 20948048.20 110160367.050469 -31.19 46 2.828 14.583 -16829868.51 12969277.77 16455020.46 59 65
199880 20948098.65 110160367.050469 -33.20 46 2.829 14.584 -16845926.02 12969635.86 16437979.17 59 65
199881 20948105.04 110160367.050469 -33.72 46 2.829 14.585 -16847932.02 12969681.05 16435847.49 59 65
199882 20948111.43 110160367.050469 -33.55 46 2.829 14.585 -16849937.77 12969726.33 16433715.47 59 65
199883 20948118.21 110160367.050469 -34.51 46 2.829 14.585 -16851943.24 12969771.71 16431583.12 59 65
199884 20948124.69 110160367.050469 -34.24 46 2.829 14.585 -16853948.46 12969817.19 16429450.42 59 65
199895 20948204.50 110160367.050469 -39.75 47 2.830 14.588 -16875988.46 12970323.68 16405968.53 59 65
199896 20948211.96 110160367.050469 -38.56 46 2.830 14.588 -16877990.52 12970370.30 16403831.79 59 65
199897 20948219.15 110160367.050469 -36.48 46 2.830 14.588 -16879992.31 12970417.00 16401694.72 59 65
199898 20948226.33 110160367.050469 -36.90 47 2.830 14.588 -16881993.84 12970463.81 16399557.30 59 65
199899 20948233.56 110160367.050469 -36.77 47 2.830 14.589 -16883995.10 12970510.70 16397419.55 59 65
199900 20948240.72 110160367.050469 -37.06 47 2.830 14.589 -16885996.10 12970557.70 16395281.47 59 65
199908 20948302.79 110160367.050469 -39.57 46 2.830 14.591 -16901994.60 12970937.02 16378164.65 59 65
199909 20948310.72 110160367.050469 -41.68 46 2.830 14.591 -16903993.22 12970984.86 16376023.53 59 65
199910 20948318.61 110160367.050469 -41.82 45 2.830 14.591 -16905991.58 12971032.80 16373882.08 59 65
199911 20948326.32 110160367.050469 -40.97 45 2.831 14.591 -16907989.68 12971080.82 16371740.29 59 65
199912 20948334.12 110160367.050469 -41.47 46 2.831 14.592 -16909987.51 12971128.94 16369598.16 59 65
199913 20948342.08 110160367.050469 -42.24 46 2.831 14.592 -16911985.08 12971177.16 16367455.70 59 65
199920 20948399.80 110160367.050469 -44.43 47 2.831 14.593 -16925960.64 12971517.30 16352449.05 59 65
199921 20948407.90 110160367.050469 -43.42 46 2.831 14.594 -16927956.09 12971566.26 16350303.90 59 65
199922 20948416.26 110160367.050469 -44.01 46 2.831 14.594 -16929951.27 12971615.32 16348158.41 59 65
199923 20948424.54 110160367.050469 -43.45 45 2.831 14.594 -16931946.19 12971664.47 16346012.59 59 65
199924 20948433.09 110160367.050469 -44.26 45 2.831 14.594 -16933940.85 12971713.72 16343866.43 59 66
199932 20948504.81 110160367.550469 -46.36 46 2.832 14.596 -16949888.55 12972111.05 16326685.09 59 66
199933 20948514.06 110160367.550469 -48.11 46 2.832 14.596 -16951880.82 12972161.13 16324535.91 59 66
199934 20948523.19 110160367.550469 -48.52 46 2.832 14.597 -16953872.82 12972211.31 16322386.39 59 66
199935 20948532.44 110160367.550469 -48.95 46 2.832 14.597 -16955864.56 12972261.58 16320236.55 59 66
199936 20948541.97 110160367.550469 -49.31 46 2.832 14.597 -16957856.03 12972311.95 16318086.36 59 66
199937 20948551.06 110160367.550469 -47.53 46 2.832 14.597 -16959847.24 12972362.41 16315935.84 59 66
199938 20948559.94 110160367.550469 -46.95 46 2.832 14.598 -16961838.18 12972412.96 16313784.99 59 66
199945 20948626.66 110160367.550469 -51.89 46 2.833 14.599 -16975767.34 12972769.41 16298719.62 59 66
199946 20948636.72 110160367.550469 -53.24 46 2.833 14.599 -16977756.15 12972820.70 16296566.09 59 66
199947 20948646.64 110160367.550469 -52.17 46 2.833 14.600 -16979744.70 12972872.09 16294412.22 59 66
199948 20948656.42 110160367.550469 -51.24 46 2.833 14.600 -16981732.99 12972923.57 16292258.02 59 66
199949 20948666.04 110160367.550469 -50.14 47 2.833 14.600 -16983721.01 12972975.14 16290103.48 59 66
199950 20948675.67 110160367.550469 -50.90 47 2.833 14.600 -16985708.76 12973026.80 16287948.60 59 66
199959 20948767.95 110160367.550469 -53.36 46 2.833 14.603 -17003586.55 12973495.92 16268539.69 59 66
199960 20948778.06 110160367.550469 -52.76 46 2.833 14.603 -17005571.64 12973548.50 16266381.47 59 66
199961 20948788.23 110160367.550469 -53.59 46 2.834 14.603 -17007556.46 12973601.18 16264222.92 59 66
199962 20948798.66 110160367.550469 -54.32 46 2.834 14.603 -17009541.02 12973653.95 16262064.04 59 66
199963 20948808.95 110160367.550469 -53.84 46 2.834 14.603 -17011525.31 12973706.81 16259904.82 59 66
199973 20948919.64 110160367.550469 -59.30 46 2.834 14.606 -17031353.52 12974240.46 16238294.25 59 66
199974 20948930.85 110160367.550469 -59.74 46 2.834 14.606 -17033334.88 12974294.33 16236131.36 59 66
199975 20948942.30 110160367.550469 -60.22 45 2.834 14.606 -17035315.96 12974348.29 16233968.13 59 66
199976 20948953.54 110160367.550469 -59.57 45 2.834 14.607 -17037296.78 12974402.34 16231804.58 59 66
199977 20948964.55 110160367.550469 -57.62 45 2.835 14.607 -17039277.33 12974456.49 16229640.68 59 66
199978 20948975.39 110160367.550469 -57.42 46 2.835 14.607 -17041257.62 12974510.72 16227476.46 59 66
199983 20949045.26 110160367.550469 -61.50 47 2.835 14.608 -17053133.71 12974838.04 16214484.10 59 66
199987 20949079.24 110160367.550469 -61.21 46 2.835 14.609 -17059068.14 12975002.93 16207983.42 59 66
199988 20949090.97 110160367.550469 -61.68 46 2.835 14.609 -17061045.75 12975058.08 16205815.87 59 66
199989 20949102.69 110160367.550469 -61.51 46 2.835 14.610 -17063023.09 12975113.32 16203647.97 59 66
199990 20949114.77 110160367.550469 -63.23 46 2.835 14.610 -17065000.16 12975168.64 16201479.75 59 66
199991 20949126.50 110160367.550469 -62.37 46 2.835 14.610 -17066976.97 12975224.06 16199311.19 59 66
199992 20949138.22 110160367.550469 -62.23 46 2.835 14.610 -17068953.51 12975279.57 16197142.30 59 67
199999 20949224.17 110160367.550469 -63.08 46 2.836 14.612 -17082781.76 12975670.67 16181950.76 59 67
200000 20949236.37 110160367.550469 -63.91 46 2.836 14.612 -17084756.15 12975726.90 16179779.21 59 67
200001 20949248.50 110160367.550469 -63.64 46 2.836 14.612 -17086730.28 12975783.22 16177607.33 59 67
200002 20949260.57 110160367.550469 -64.13 46 2.836 14.613 -17088704.13 12975839.64 16175435.11 59 67
200003 20949272.70 110160367.550469 -64.81 46 2.836 14.613 -17090677.72 12975896.14 16173262.56 59 67
200011 20949375.61 110160367.550469 -68.80 46 2.837 14.615 -17106456.75 12976351.42 16155870.22 59 67
200012 20949388.51 110160367.550469 -67.68 46 2.837 14.615 -17108427.92 12976408.73 16153694.68 59 67
200013 20949401.34 110160367.550469 -66.79 45 2.837 14.615 -17110398.82 12976466.14 16151518.81 59 67
200014 20949414.40 110160367.550469 -67.45 45 2.837 14.616 -17112369.45 12976523.63 16149342.61 59 67
200015 20949427.24 110160367.550469 -67.84 46 2.837 14.616 -17114339.81 12976581.22 16147166.08 59 67
200016 20949440.12 110160367.550469 -68.26 46 2.837 14.616 -17116309.90 12976638.89 16144989.21 59 67
200023 20949533.14 110160367.550469 -72.22 46 2.837 14.618 -17130093.02 12977045.12 16129741.87 59 67
200024 20949546.68 110160367.550469 -70.68 45 2.838 14.618 -17132060.96 12977103.51 16127562.36 59 67
200025 20949559.74 110160367.550469 -69.53 45 2.838 14.618 -17134028.64 12977161.99 16125382.51 59 67
200026 20949573.31 110160367.550469 -70.04 46 2.838 14.619 -17135996.04 12977220.56 16123202.33 59 67
200027 20949586.95 110160367.550469 -70.21 46 2.838 14.619 -17137963.17 12977279.22 16121021.82 59 67
200036 20949713.06 110160367.050469 -72.73 46 2.838 14.621 -17155655.22 12977811.16 16101382.31 59 67
200037 20949727.10 110160367.050469 -73.45 46 2.838 14.621 -17157619.65 12977870.71 16099198.49 59 67
200038 20949741.21 110160367.050469 -73.91 46 2.838 14.622 -17159583.82 12977930.35 16097014.34 59 67
200039 20949755.49 110160367.050469 -74.43 46 2.838 14.622 -17161547.71 12977990.08 16094829.85 59 67
200047 20949871.85 110160367.050469 -75.93 47 2.839 14.624 -17177249.14 12978471.09 16077342.08 59 67
200048 20949886.34 110160367.050469 -76.21 47 2.839 14.624 -17179210.61 12978531.61 16075154.62 59 67
200049 20949901.10 110160367.050469 -77.64 47 2.839 14.624 -17181171.80 12978592.22 16072966.84 59 67
200050 20949915.76 110160367.050469 -77.00 47 2.839 14.625 -17183132.72 12978652.93 16070778.72 59 67
200051 20949930.77 110160367.050469 -78.37 47 2.839 14.625 -17185093.37 12978713.72 16068590.27 59 67
200052 20949945.69 110160367.050469 -78.25 47 2.839 14.625 -17187053.75 12978774.59 16066401.49 59 67
200059 20950050.98 110160367.050469 -78.83 46 2.840 14.627 -17200768.84 12979203.21 16051070.79 59 67
200060 20950065.95 110160367.050469 -79.96 46 2.840 14.627 -17202727.05 12979264.79 16048879.37 59 68
200061 20950081.06 110160367.050469 -81.46 46 2.840 14.627 -17204684.99 12979326.46 16046687.62 59 68
200062 20950096.07 110160367.050469 -82.13 46 2.840 14.628 -17206642.67 12979388.22 16044495.54 59 68
200063 20950111.49 110160367.050469 -82.93 46 2.840 14.628 -17208600.07 12979450.07 16042303.13 59 68
200068 20950187.28 110160367.550469 -80.91 46 2.840 14.629 -17218383.01 12979760.62 16031336.14 59 68
200069 20950202.62 110160367.550469 -81.77 46 2.840 14.629 -17220338.78 12979822.99 16029141.75 59 68
200070 20950218.02 110160367.550469 -82.41 46 2.840 14.630 -17222294.28 12979885.45 16026947.04 59 68
200071 20950233.63 110160367.550469 -84.11 46 2.841 14.630 -17224249.51 12979948.00 16024751.99 59 68
200078 20950344.95 110160367.550469 -85.46 46 2.841 14.632 -17237928.53 12980388.28 16009377.46 59 68
200079 20950361.24 110160367.550469 -85.38 46 2.841 14.632 -17239881.59 12980451.53 16007179.78 59 68
200080 20950377.30 110160367.550469 -85.08 46 2.841 14.632 -17241834.37 12980514.86 16004981.77 59 68
200081 20950393.47 110160367.550469 -85.17 46 2.841 14.633 -17243786.89 12980578.28 16002783.44 59 68
200082 20950410.03 110160367.550469 -87.02 46 2.841 14.633 -17245739.13 12980641.79 16000584.77 59 68
200091 20950561.81 110160367.550469 -87.73 46 2.842 14.635 -17263297.08 12981217.26 15980781.99 58 68
200092 20950578.61 110160367.550469 -88.05 46 2.842 14.635 -17265246.60 12981281.64 15978580.04 58 68
200093 20950595.52 110160367.550469 -88.53 46 2.842 14.635 -17267195.85 12981346.10 15976377.76 58 68
200094 20950612.36 110160367.550469 -88.26 46 2.842 14.636 -17269144.82 12981410.65 15974175.15 58 68
200102 20950751.56 110160367.550469 -92.71 46 2.843 14.638 -17284726.83 12981930.15 15956542.47 58 68
200103 20950769.53 110160367.550469 -93.47 46 2.843 14.638 -17286673.35 12981995.48 15954336.91 58 68
200104 20950787.56 110160367.550469 -93.67 46 2.843 14.638 -17288619.60 12982060.89 15952131.02 58 68
200105 20950805.55 110160367.550469 -93.96 46 2.843 14.639 -17290565.58 12982126.39 15949924.80 58 68
200106 20950823.10 110160367.550469 -91.80 46 2.843 14.639 -17292511.28 12982191.97 15947718.25 58 68
200106 20950840.48 110160367.550469 -91.27 46 2.843 14.639 -17292511.28 12982191.97 15947718.25 58 68
200108 20950857.93 110160367.550469 -91.17 46 2.843 14.639 -17296401.87 12982323.40 15943304.18 58 68
200117 20951021.02 110160367.550469 -95.22 46 2.844 14.642 -17313896.01 12982919.07 15923424.63 58 68
200118 20951039.07 110160367.550469 -94.64 46 2.844 14.642 -17315838.43 12982985.68 15921214.16 58 68
200119 20951057.29 110160367.550469 -95.71 46 2.844 14.642 -17317780.59 12983052.38 15919003.36 58 68
