199376 20488929.10 108295945.255364 1397.12 47 2.796 14.275 -5832061.96 14629066.15 21142549.70 60 356
199377 20488663.84 108295945.255364 1396.09 47 2.796 14.274 -5834795.36 14629029.19 21141790.90 60 356
199378 20488398.83 108295945.255364 1394.28 46 2.796 14.274 -5837528.67 14628992.40 21141031.63 60 356
199379 20488133.70 108295945.255364 1393.70 46 2.795 14.273 -5840261.89 14628955.76 21140271.90 60 356
199380 20487868.83 108295945.255364 1393.49 46 2.795 14.272 -5842995.02 14628919.28 21139511.72 60 356
199381 20487603.75 108295945.255364 1393.69 46 2.795 14.272 -5845728.06 14628882.96 21138751.07 60 356
199382 20487337.96 108295945.255364 1394.50 46 2.795 14.271 -5848461.01 14628846.80 21137989.97 60 356
199386 20486273.89 108295945.255364 1394.84 46 2.795 14.269 -5859391.89 14628703.73 21134940.95 60 356
199387 20486008.49 108295945.255364 1393.96 46 2.795 14.268 -5862124.38 14628668.36 21134177.55 60 356
199388 20485743.49 108295945.255364 1394.36 46 2.794 14.268 -5864856.78 14628633.14 21133413.68 60 356
199389 20485479.11 108295945.255364 1392.77 46 2.794 14.267 -5867589.09 14628598.09 21132649.36 60 356
199395 20483889.22 108295945.255364 1392.10 46 2.794 14.264 -5883981.03 14628391.07 21128053.77 60 356
199396 20483624.69 108295945.255364 1390.99 47 2.794 14.263 -5886712.70 14628357.13 21127286.23 60 356
199397 20483360.03 108295945.255364 1389.50 47 2.793 14.263 -5889444.28 14628323.33 21126518.23 60 356
199398 20483095.21 108295945.255364 1389.43 47 2.793 14.262 -5892175.77 14628289.70 21125749.76 60 356
199402 20482036.67 108295945.255364 1391.74 46 2.793 14.260 -5903100.79 14628156.75 21122671.33 60 356
199404 20481507.68 108295945.255364 1390.45 46 2.793 14.259 -5908562.75 14628091.22 21121129.35 60 356
199405 20481242.98 108295945.255364 1390.00 46 2.792 14.258 -5911293.59 14628058.69 21120357.68 60 356
199406 20480978.17 108295945.255364 1389.31 46 2.792 14.257 -5914024.34 14628026.32 21119585.54 60 356
199407 20480714.04 108295945.255364 1387.42 46 2.792 14.257 -5916754.99 14627994.11 21118812.94 60 356
199413 20479130.89 108295945.255364 1388.20 47 2.792 14.253 -5933136.98 14627804.16 21114167.72 60 356
199414 20478867.30 108295945.255364 1386.13 46 2.791 14.253 -5935866.99 14627773.05 21113391.91 60 356
199415 20478604.06 108295945.255364 1386.31 46 2.791 14.252 -5938596.90 14627742.10 21112615.64 60 356
199416 20478340.66 108295945.255364 1386.75 46 2.791 14.252 -5941326.72 14627711.31 21111838.91 60 356
199417 20478077.07 108295945.255364 1386.14 46 2.791 14.251 -5944056.45 14627680.67 21111061.72 60 356
199418 20477813.64 108295945.255364 1385.09 46 2.791 14.250 -5946786.09 14627650.20 21110284.07 60 356
199426 20475708.96 108295945.755364 1383.89 47 2.790 14.246 -5968619.79 14627412.07 21104046.34 60 356
199427 20475445.95 108295945.755364 1383.69 47 2.790 14.245 -5971348.59 14627383.01 21103264.56 60 356
199428 20475182.86 108295945.755364 1383.93 47 2.790 14.245 -5974077.28 14627354.11 21102482.32 60 356
199429 20474919.91 108295945.755364 1382.82 47 2.790 14.244 -5976805.89 14627325.37 21101699.62 60 356
199430 20474656.99 108295945.755364 1383.16 47 2.790 14.244 -5979534.40 14627296.78 21100916.46 60 356
199437 20472817.34 108295945.755364 1381.82 46 2.789 14.240 -5998631.33 14627101.10 21095421.49 60 356
199438 20472554.78 108295945.755364 1379.43 47 2.789 14.239 -6001359.09 14627073.78 21094634.66 60 356
199439 20472292.46 108295945.755364 1378.65 47 2.789 14.238 -6004086.75 14627046.61 21093847.37 60 356
199440 20472030.13 108295945.755364 1378.58 47 2.789 14.238 -6006814.31 14627019.60 21093059.62 60 356
199441 20471767.54 108295945.755364 1378.01 47 2.788 14.237 -6009541.78 14626992.75 21092271.41 60 356
199442 20471504.66 108295945.755364 1379.74 47 2.788 14.237 -6012269.16 14626966.05 21091482.75 60 356
199446 20470453.36 108295945.755364 1379.03 47 2.788 14.234 -6023177.71 14626860.84 21088323.49 60 357
199447 20470191.49 108295945.755364 1377.00 47 2.788 14.234 -6025904.61 14626834.94 21087532.53 60 357
199448 20469930.10 108295945.755364 1376.19 46 2.788 14.233 -6028631.42 14626809.18 21086741.11 60 357
199449 20469667.77 108295945.755364 1376.01 46 2.788 14.233 -6031358.13 14626783.59 21085949.23 60 357
199450 20469405.82 108295945.755364 1375.56 47 2.787 14.232 -6034084.74 14626758.15 21085156.89 60 357
199451 20469143.38 108295945.755364 1378.56 47 2.787 14.232 -6036811.26 14626732.87 21084364.09 60 357
199456 20467832.24 108295945.255364 1376.34 47 2.787 14.229 -6050442.43 14626608.84 21080393.23 60 357
199457 20467570.25 108295945.255364 1375.27 47 2.787 14.228 -6053168.37 14626584.50 21079597.68 60 357
199458 20467308.66 108295945.255364 1373.72 47 2.787 14.228 -6055894.22 14626560.32 21078801.67 60 357
199459 20467047.12 108295945.255364 1373.66 47 2.786 14.227 -6058619.97 14626536.30 21078005.21 60 357
199460 20466785.66 108295945.255364 1373.41 47 2.786 14.226 -6061345.63 14626512.43 21077208.28 60 357
199465 20465478.09 108295945.255364 1374.99 46 2.786 14.224 -6074972.47 14626395.47 21073216.78 60 357
199466 20465216.66 108295945.255364 1373.33 46 2.786 14.223 -6077697.55 14626372.54 21072417.10 60 357
199467 20464955.00 108295945.255364 1373.82 46 2.786 14.223 -6080422.53 14626349.78 21071616.97 60 357
199468 20464693.50 108295945.255364 1373.57 46 2.785 14.222 -6083147.42 14626327.17 21070816.37 60 357
199469 20464432.49 108295945.255364 1371.55 46 2.785 14.221 -6085872.21 14626304.72 21070015.32 60 357
199475 20462866.80 108295945.255364 1371.84 47 2.785 14.218 -6102218.91 14626173.31 21065199.39 61 357
199476 20462605.78 108295945.255364 1370.81 47 2.785 14.217 -6104943.02 14626151.95 21064395.13 61 357
199477 20462344.85 108295945.255364 1369.13 47 2.784 14.217 -6107667.03 14626130.76 21063590.41 61 357
199478 20462084.15 108295945.255364 1368.76 47 2.784 14.216 -6110390.94 14626109.72 21062785.23 61 357
199479 20461823.87 108295945.255364 1368.42 47 2.784 14.216 -6113114.76 14626088.84 21061979.59 61 357
199484 20460520.29 108295945.255364 1368.26 47 2.784 14.213 -6126732.39 14625986.78 21057944.54 61 357
199485 20460260.07 108295945.255364 1367.19 47 2.784 14.212 -6129455.62 14625966.83 21057136.16 61 357
199486 20459999.66 108295945.255364 1366.77 47 2.783 14.212 -6132178.76 14625947.05 21056327.31 61 357
199487 20459739.48 108295945.255364 1366.45 47 2.783 14.211 -6134901.79 14625927.42 21055518.01 61 357
199488 20459479.44 108295945.255364 1365.93 47 2.783 14.211 -6137624.73 14625907.95 21054708.25 61 357
199489 20459218.97 108295945.255364 1368.23 47 2.783 14.210 -6140347.57 14625888.63 21053898.03 61 357
199490 20458698.13 108295945.255364 1367.89 46 2.783 14.209 -6145792.96 14625850.48 21052276.22 61 357
199494 20457917.24 108295945.255364 1366.29 45 2.783 14.207 -6153960.30 14625794.41 21049840.07 61 357
199495 20457657.27 108295945.255364 1365.06 47 2.782 14.207 -6156682.55 14625776.04 21049027.11 61 357
199496 20457397.76 108295945.255364 1364.57 47 2.782 14.206 -6159404.70 14625757.82 21048213.68 61 357
199497 20457138.03 108295945.255364 1365.06 46 2.782 14.206 -6162126.76 14625739.76 21047399.80 61 357
199498 20456878.07 108295945.255364 1364.74 46 2.782 14.205 -6164848.71 14625721.85 21046585.46 61 357
199499 20456617.49 108295945.255364 1366.51 46 2.782 14.204 -6167570.57 14625704.10 21045770.66 61 357
199504 20455317.40 108295945.255364 1364.42 47 2.781 14.202 -6181178.37 14625617.71 21041689.80 61 357
199505 20455058.10 108295945.255364 1363.31 46 2.781 14.201 -6183899.63 14625600.90 21040872.26 61 357
199506 20454798.84 108295945.255364 1363.80 46 2.781 14.201 -6186620.79 14625584.24 21040054.25 61 357
199507 20454539.47 108295945.255364 1363.34 46 2.781 14.200 -6189341.86 14625567.75 21039235.79 61 357
199514 20452726.15 108295945.255364 1362.21 46 2.780 14.196 -6208386.52 14625456.65 21033493.74 61 357
199515 20452466.89 108295945.255364 1362.65 46 2.780 14.195 -6211106.78 14625441.40 21032671.62 61 357
199516 20452208.13 108295945.255364 1361.86 47 2.780 14.195 -6213826.95 14625426.31 21031849.03 61 357
199517 20451949.25 108295945.255364 1361.28 47 2.780 14.194 -6216547.02 14625411.38 21031026.00 61 358
199524 20450139.12 108295945.255364 1357.14 46 2.779 14.190 -6235584.68 14625311.22 21025251.91 61 358
199525 20449880.91 108295945.255364 1357.31 46 2.779 14.190 -6238303.95 14625297.53 21024425.21 61 358
199526 20449622.32 108295945.255364 1358.92 46 2.779 14.189 -6241023.11 14625284.01 21023598.05 61 358
199527 20449363.70 108295945.255364 1359.61 46 2.779 14.189 -6243742.17 14625270.64 21022770.43 61 358
199528 20449105.49 108295945.255364 1358.49 46 2.779 14.188 -6246461.14 14625257.42 21021942.36 61 358
199536 20447041.51 108295945.255364 1356.93 46 2.778 14.184 -6268209.21 14625157.31 21015301.31 61 358
199537 20446783.31 108295945.255364 1356.57 46 2.778 14.183 -6270927.26 14625145.50 21014469.12 61 358
199538 20446525.25 108295945.255364 1355.42 47 2.778 14.183 -6273645.21 14625133.85 21013636.47 61 358
199539 20446267.44 108295945.255364 1355.26 47 2.778 14.182 -6276363.06 14625122.35 21012803.37 61 358
199546 20444463.76 108295945.255364 1354.30 47 2.777 14.178 -6295385.17 14625046.22 21006958.84 61 358
199547 20444205.87 108295945.255364 1354.49 46 2.777 14.178 -6298102.21 14625035.96 21006122.07 61 358
199548 20443948.09 108295945.255364 1353.99 46 2.777 14.177 -6300819.14 14625025.87 21005284.86 61 358
199549 20443690.58 108295945.255364 1352.59 46 2.776 14.177 -6303535.97 14625015.93 21004447.18 61 358
199556 20441891.96 108295945.755364 1348.51 46 2.776 14.173 -6322550.94 14624950.70 20998570.64 61 358
199557 20441634.97 108295945.755364 1350.07 47 2.776 14.172 -6325266.95 14624942.01 20997729.31 61 358
199558 20441377.78 108295945.755364 1351.25 47 2.775 14.172 -6327982.86 14624933.47 20996887.52 61 358
199559 20441120.59 108295945.755364 1350.81 46 2.775 14.171 -6330698.67 14624925.08 20996045.27 61 358
199560 20440863.33 108295945.755364 1349.19 46 2.775 14.171 -6333414.37 14624916.85 20995202.57 61 358
199566 20439325.32 108295945.755364 1349.05 47 2.775 14.167 -6349706.43 14624870.75 20990136.75 61 358
199567 20439068.86 108295945.755364 1348.19 47 2.774 14.167 -6352421.41 14624863.61 20989290.85 61 358
199568 20438812.48 108295945.755364 1348.18 47 2.774 14.166 -6355136.29 14624856.63 20988444.49 61 358
199569 20438556.04 108295945.755364 1347.70 47 2.774 14.166 -6357851.07 14624849.80 20987597.67 61 358
199570 20438300.09 108295945.755364 1346.78 47 2.774 14.165 -6360565.74 14624843.13 20986750.40 61 358
199579 20435998.65 108295945.755364 1344.88 47 2.773 14.160 -6384993.11 14624790.06 20979104.40 61 358
199580 20435742.64 108295945.755364 1344.80 47 2.773 14.159 -6387706.75 14624784.94 20978252.56 61 358
199581 20435487.01 108295945.755364 1343.36 47 2.773 14.159 -6390420.27 14624779.98 20977400.26 61 358
199582 20435231.33 108295945.755364 1343.45 47 2.773 14.158 -6393133.70 14624775.17 20976547.51 61 358
199583 20434975.28 108295945.755364 1344.44 47 2.773 14.158 -6395847.02 14624770.51 20975694.30 61 358
199591 20432932.86 108295945.755364 1341.36 46 2.772 14.153 -6417549.80 14624738.87 20968852.19 61 359
199592 20432677.90 108295945.755364 1341.08 47 2.772 14.153 -6420262.18 14624735.61 20967994.87 61 359
199593 20432422.99 108295945.755364 1341.57 47 2.772 14.152 -6422974.45 14624732.51 20967137.10 61 359
199594 20432168.28 108295945.755364 1339.60 47 2.772 14.152 -6425686.62 14624729.56 20966278.87 61 359
199595 20431913.56 108295945.755364 1338.47 47 2.771 14.151 -6428398.68 14624726.77 20965420.18 61 359
199596 20431659.01 108295945.755364 1338.35 47 2.771 14.151 -6431110.63 14624724.14 20964561.04 61 359
199597 20431404.37 108295945.755364 1338.05 47 2.771 14.150 -6433822.48 14624721.65 20963701.44 61 359
199604 20429622.11 108295945.755364 1336.45 47 2.771 14.146 -6452802.48 14624708.62 20957671.47 61 359
199605 20429367.55 108295945.755364 1338.01 47 2.770 14.146 -6455513.48 14624707.38 20956808.22 61 359
199606 20429112.88 108295945.755364 1338.87 47 2.770 14.145 -6458224.38 14624706.29 20955944.51 61 359
199607 20428858.37 108295945.755364 1338.07 47 2.770 14.145 -6460935.17 14624705.36 20955080.35 61 359
199608 20428603.99 108295945.755364 1337.57 47 2.770 14.144 -6463645.86 14624704.58 20954215.73 61 359
199613 20427079.84 108295945.755364 1334.06 47 2.769 14.141 -6479907.74 14624703.16 20949018.45 61 359
199616 20426571.71 108295945.255364 1336.22 46 2.769 14.140 -6485327.52 14624703.93 20947282.37 61 359
199617 20426317.75 108295945.255364 1335.13 46 2.769 14.139 -6488037.25 14624704.54 20946413.65 61 359
199618 20426063.72 108295945.255364 1335.31 47 2.769 14.139 -6490746.87 14624705.31 20945544.47 61 359
199619 20425809.67 108295945.255364 1334.91 47 2.769 14.138 -6493456.38 14624706.23 20944674.84 61 359
199627 20423781.65 108295945.255364 1332.19 47 2.768 14.134 -6515128.64 14624719.19 20937701.35 61 359
199628 20423527.87 108295945.255364 1332.62 47 2.768 14.133 -6517837.19 14624721.51 20936827.62 61 359
199629 20423274.10 108295945.255364 1332.49 47 2.768 14.133 -6520545.63 14624723.98 20935953.42 61 359
199630 20423020.58 108295945.255364 1330.83 47 2.768 14.132 -6523253.97 14624726.60 20935078.78 61 359
199631 20422766.84 108295945.255364 1331.49 47 2.768 14.132 -6525962.20 14624729.38 20934203.67 61 359
199638 20420996.20 108295945.255364 1330.08 47 2.767 14.128 -6544916.76 14624753.16 20928065.19 61 359
199639 20420743.29 108295945.255364 1329.62 47 2.767 14.127 -6547624.12 14624757.17 20927186.44 61 359
199640 20420490.34 108295945.255364 1329.12 47 2.767 14.127 -6550331.38 14624761.34 20926307.23 61 359
199641 20420237.63 108295945.255364 1327.44 47 2.767 14.126 -6553038.53 14624765.66 20925427.57 61 359
199642 20419985.27 108295945.255364 1326.46 47 2.766 14.126 -6555745.56 14624770.14 20924547.46 61 359
199649 20418217.44 108295945.255364 1324.77 47 2.766 14.122 -6574691.79 14624805.79 20918373.89 61 359
199650 20417965.02 108295945.255364 1324.14 47 2.766 14.121 -6577397.95 14624811.50 20917490.13 61 359
199651 20417712.48 108295945.255364 1323.85 47 2.765 14.121 -6580104.01 14624817.37 20916605.92 61 359
199652 20417460.05 108295945.255364 1323.80 47 2.765 14.120 -6582809.96 14624823.39 20915721.25 61 359
199653 20417207.22 108295945.255364 1326.95 47 2.765 14.120 -6585515.80 14624829.56 20914836.12 61 359
199654 20416954.70 108295945.255364 1325.38 47 2.765 14.119 -6588221.53 14624835.89 20913950.54 61 359
199659 20415694.32 108295945.255364 1323.78 47 2.764 14.117 -6601748.55 14624869.83 20909515.81 61 359
199660 20415442.72 108295945.255364 1322.18 47 2.764 14.116 -6604453.62 14624877.08 20908627.50 61 359
199661 20415191.29 108295945.255364 1321.63 47 2.764 14.116 -6607158.59 14624884.49 20907738.73 61 360
199662 20414940.07 108295945.255364 1321.11 47 2.764 14.115 -6609863.44 14624892.05 20906849.51 61 360
199663 20414688.93 108295945.255364 1321.20 47 2.764 14.114 -6612568.19 14624899.76 20905959.83 61 360
199664 20414437.46 108295945.255364 1322.90 47 2.764 14.114 -6615272.83 14624907.62 20905069.70 61 360
199671 20412678.01 108295945.255364 1320.55 47 2.763 14.110 -6634202.19 14624967.00 20898826.03 61 360
199672 20412426.58 108295945.255364 1320.04 47 2.763 14.110 -6636905.94 14624976.10 20897932.26 61 360
199673 20412175.08 108295945.255364 1320.91 47 2.763 14.109 -6639609.59 14624985.35 20897038.03 61 360
199674 20411923.87 108295945.255364 1319.65 47 2.763 14.109 -6642313.12 14624994.75 20896143.35 61 360
199675 20411672.98 108295945.255364 1318.11 47 2.763 14.108 -6645016.54 14625004.31 20895248.21 61 360
199682 20409917.59 108295945.255364 1318.22 47 2.762 14.104 -6663937.39 14625075.52 20888969.51 61 360
199683 20409666.78 108295945.255364 1317.78 47 2.762 14.104 -6666639.93 14625086.31 20888070.73 61 360
199684 20409416.29 108295945.255364 1317.54 47 2.762 14.103 -6669342.35 14625097.25 20887171.50 61 360
199685 20409166.02 108295945.255364 1317.12 47 2.762 14.103 -6672044.66 14625108.34 20886271.81 61 360
199686 20408915.72 108295945.255364 1316.60 47 2.762 14.102 -6674746.86 14625119.59 20885371.67 61 360
199693 20407163.64 108295945.255364 1315.30 47 2.761 14.098 -6693659.14 14625202.63 20879057.96 61 360
199694 20406913.39 108295945.255364 1313.36 47 2.761 14.098 -6696360.45 14625215.10 20878154.18 61 360
199695 20406663.63 108295945.255364 1312.24 47 2.761 14.097 -6699061.64 14625227.73 20877249.95 61 360
199696 20406414.04 108295945.255364 1312.00 46 2.761 14.097 -6701762.72 14625240.51 20876345.26 61 0
199697 20406164.71 108295945.255364 1311.88 47 2.761 14.096 -6704463.69 14625253.45 20875440.12 61 0
199698 20405915.12 108295945.255364 1311.45 47 2.760 14.096 -6707164.55 14625266.54 20874534.52 61 0
199699 20405665.53 108295945.255364 1311.81 46 2.760 14.095 -6709865.30 14625279.78 20873628.47 61 0
199705 20404166.29 108295945.255364 1311.68 47 2.760 14.092 -6726067.42 14625362.45 20868182.62 61 0
199706 20403916.84 108295945.255364 1309.76 47 2.760 14.092 -6728767.37 14625376.77 20867273.39 61 0
199707 20403667.64 108295945.255364 1308.67 46 2.760 14.091 -6731467.22 14625391.24 20866363.71 61 0
199708 20403418.51 108295945.255364 1308.67 46 2.759 14.091 -6734166.95 14625405.86 20865453.57 61 0
199709 20403169.31 108295945.255364 1308.19 47 2.759 14.090 -6736866.57 14625420.63 20864542.97 61 0
199710 20402920.14 108295945.255364 1308.83 47 2.759 14.089 -6739566.08 14625435.56 20863631.92 61 0
199711 20402670.81 108295945.255364 1310.57 47 2.759 14.089 -6742265.47 14625450.64 20862720.42 61 0
199717 20401175.76 108295945.255364 1307.58 47 2.759 14.086 -6758459.46 14625544.34 20857241.87 61 0
199718 20400927.20 108295945.255364 1306.17 47 2.758 14.085 -6761158.06 14625560.49 20856327.18 61 0
199719 20400678.77 108295945.255364 1305.71 47 2.758 14.085 -6763856.55 14625576.80 20855412.05 61 0
199720 20400430.25 108295945.255364 1305.34 47 2.758 14.084 -6766554.92 14625593.25 20854496.46 61 0
199721 20400181.66 108295945.255364 1306.48 47 2.758 14.084 -6769253.18 14625609.86 20853580.41 61 0
199722 20399932.86 108295945.255364 1307.85 47 2.758 14.083 -6771951.32 14625626.63 20852663.91 62 0
199730 20397946.34 108295945.255364 1305.46 47 2.757 14.079 -6793532.39 14625766.24 20845315.58 62 0
199731 20397698.17 108295945.255364 1305.00 47 2.757 14.078 -6796229.50 14625784.38 20844395.00 62 1
199732 20397449.89 108295945.255364 1304.53 47 2.757 14.078 -6798926.51 14625802.67 20843473.96 62 1
199733 20397201.55 108295945.255364 1303.98 47 2.757 14.077 -6801623.40 14625821.11 20842552.47 62 1
199734 20396953.45 108295945.255364 1303.76 47 2.757 14.077 -6804320.17 14625839.71 20841630.52 62 1
199736 20396210.16 108295945.255364 1301.39 46 2.757 14.075 -6812409.81 14625896.42 20838861.96 62 1
199742 20394971.53 108295945.255364 1301.39 47 2.756 14.073 -6825890.24 14625993.98 20834238.62 62 1
199743 20394724.25 108295945.255364 1301.75 47 2.756 14.072 -6828585.98 14626013.95 20833312.59 62 1
199744 20394476.94 108295945.255364 1301.21 47 2.756 14.072 -6831281.60 14626034.07 20832386.11 62 1
199745 20394229.72 108295945.255364 1300.30 47 2.756 14.071 -6833977.11 14626054.35 20831459.17 62 1
199746 20393982.61 108295945.255364 1299.45 47 2.756 14.071 -6836672.51 14626074.78 20830531.78 62 1
199754 20392005.90 108295945.255364 1299.29 47 2.755 14.066 -6858231.50 14626243.69 20823096.33 62 1
199755 20391758.71 108295945.255364 1298.24 47 2.755 14.066 -6860925.85 14626265.49 20822164.86 62 1
199756 20391511.55 108295945.255364 1298.28 47 2.755 14.065 -6863620.09 14626287.44 20821232.93 62 1
199757 20391264.51 108295945.255364 1297.73 47 2.754 14.065 -6866314.21 14626309.54 20820300.55 62 1
199758 20391017.28 108295945.255364 1297.11 47 2.754 14.064 -6869008.21 14626331.80 20819367.72 62 1
199759 20390770.61 108295945.255364 1295.59 47 2.754 14.064 -6871702.10 14626354.20 20818434.44 62 1
199765 20389291.11 108295945.755364 1295.78 47 2.754 14.061 -6887862.98 14626491.85 20812825.21 62 1
199766 20389044.75 108295945.755364 1293.74 47 2.754 14.060 -6890556.06 14626515.32 20811888.75 62 1
199767 20388798.64 108295945.755364 1293.12 47 2.753 14.059 -6893249.01 14626538.95 20810951.84 62 1
199768 20388552.49 108295945.755364 1292.77 47 2.753 14.059 -6895941.85 14626562.73 20810014.47 62 1
199769 20388306.36 108295945.755364 1293.60 47 2.753 14.058 -6898634.57 14626586.66 20809076.65 62 1
199770 20388059.95 108295945.755364 1294.72 47 2.753 14.058 -6901327.18 14626610.74 20808138.38 62 1
199771 20387813.49 108295945.755364 1295.24 47 2.753 14.057 -6904019.66 14626634.97 20807199.66 62 1
199779 20385846.12 108295945.755364 1297.56 47 2.752 14.053 -6925555.34 14626834.31 20799673.56 62 1
199780 20385600.58 108295945.755364 1290.38 46 2.752 14.053 -6928246.77 14626859.91 20798730.75 62 1
199781 20385355.21 108295945.755364 1290.50 47 2.752 14.052 -6930938.08 14626885.66 20797787.50 62 1
199784 20384618.25 108295945.755364 1290.96 47 2.752 14.051 -6939011.31 14626963.83 20794955.02 62 1
199785 20384372.28 108295945.755364 1291.09 47 2.752 14.050 -6941702.15 14626990.19 20794009.95 62 1
199786 20384126.84 108295945.755364 1289.36 46 2.752 14.050 -6944392.88 14627016.71 20793064.44 62 1
199787 20383881.63 108295945.755364 1288.10 46 2.751 14.049 -6947083.48 14627043.37 20792118.46 62 1
199788 20383636.51 108295945.755364 1287.81 46 2.751 14.049 -6949773.97 14627070.18 20791172.04 62 1
199789 20383391.40 108295945.755364 1287.53 46 2.751 14.048 -6952464.34 14627097.15 20790225.16 62 1
199790 20383146.55 108295945.755364 1287.25 46 2.751 14.048 -6955154.59 14627124.27 20789277.83 62 1
199791 20382901.47 108295945.755364 1288.49 47 2.751 14.047 -6957844.72 14627151.54 20788330.05 62 1
199792 20382656.38 108295945.755364 1288.10 47 2.751 14.047 -6960534.73 14627178.96 20787381.81 62 1
199793 20382411.18 108295945.755364 1288.20 47 2.751 14.046 -6963224.63 14627206.53 20786433.13 62 1
199794 20382166.17 108295945.755364 1288.02 47 2.751 14.046 -6965914.40 14627234.26 20785483.99 62 1
199795 20381921.40 108295945.755364 1286.64 47 2.751 14.045 -6968604.06 14627262.14 20784534.39 62 1
199803 20379964.12 108295945.755364 1286.47 46 2.750 14.041 -6990117.04 14627490.60 20776921.35 62 2
199804 20379719.78 108295945.755364 1285.60 46 2.750 14.040 -6992805.62 14627519.84 20775967.69 62 2
199805 20379475.47 108295945.755364 1285.13 47 2.750 14.040 -6995494.09 14627549.23 20775013.57 62 2
199806 20379231.43 108295945.755364 1283.22 47 2.750 14.039 -6998182.44 14627578.78 20774059.00 62 2
199807 20378987.55 108295945.755364 1282.72 46 2.749 14.039 -7000870.66 14627608.47 20773103.97 62 2
199817 20376550.84 108295945.755364 1280.40 47 2.748 14.034 -7027746.36 14627913.73 20763528.86 62 2
199818 20376307.58 108295945.755364 1279.41 46 2.748 14.033 -7030433.26 14627945.09 20762568.86 62 2
199819 20376063.99 108295945.755364 1281.12 46 2.748 14.033 -7033120.05 14627976.60 20761608.41 62 2
199820 20375820.54 108295945.755364 1280.34 47 2.748 14.032 -7035806.72 14628008.26 20760647.50 62 2
199821 20375577.04 108295945.755364 1280.72 47 2.748 14.032 -7038493.27 14628040.07 20759686.15 62 2
199822 20375333.65 108295945.755364 1279.54 47 2.748 14.031 -7041179.70 14628072.03 20758724.34 62 2
199823 20375090.20 108295945.755364 1278.76 47 2.748 14.031 -7043866.00 14628104.14 20757762.08 62 2
199832 20372901.91 108295945.755364 1277.21 46 2.747 14.026 -7068037.33 14628399.95 20749081.40 62 2
199833 20372658.61 108295945.755364 1278.35 46 2.747 14.026 -7070722.43 14628433.57 20748114.62 62 2
199834 20372415.47 108295945.755364 1277.59 46 2.747 14.025 -7073407.40 14628467.35 20747147.39 62 2
199835 20372172.35 108295945.755364 1277.48 46 2.747 14.024 -7076092.26 14628501.27 20746179.71 62 2
199845 20369748.20 108295945.755364 1273.80 46 2.746 14.019 -7102934.12 14628848.80 20736478.02 62 2
199846 20369505.80 108295945.755364 1274.18 47 2.746 14.019 -7105617.64 14628884.39 20735505.37 62 2
199847 20369263.67 108295945.755364 1273.35 47 2.745 14.018 -7108301.03 14628920.12 20734532.27 62 2
199848 20369021.41 108295945.755364 1273.06 47 2.745 14.018 -7110984.30 14628956.00 20733558.71 62 2
199849 20368778.95 108295945.755364 1273.12 47 2.745 14.017 -7113667.45 14628992.04 20732584.70 62 2
199850 20368536.80 108295945.755364 1272.31 47 2.745 14.017 -7116350.48 14629028.22 20731610.24 62 2
199857 20366842.56 108295945.755364 1270.07 47 2.744 14.013 -7135128.23 14629285.72 20724776.39 62 2
199858 20366600.52 108295945.755364 1271.03 46 2.744 14.013 -7137810.28 14629323.11 20723798.31 62 2
199859 20366358.74 108295945.755364 1270.40 47 2.744 14.012 -7140492.20 14629360.65 20722819.79 62 2
199859 20366117.21 108295945.755364 1270.12 47 2.744 14.012 -7140492.20 14629360.65 20722819.79 62 2
199868 20364187.73 108295945.755364 1267.69 46 2.743 14.008 -7164623.96 14629705.25 20713992.78 62 3
199869 20363946.35 108295945.755364 1267.70 47 2.743 14.007 -7167304.65 14629744.29 20713009.75 62 3
199870 20363704.85 108295945.755364 1267.77 47 2.743 14.007 -7169985.21 14629783.48 20712026.26 62 3
199871 20363463.53 108295945.755364 1267.46 47 2.743 14.006 -7172665.66 14629822.82 20711042.32 62 3
199872 20363222.53 108295945.755364 1266.67 47 2.743 14.006 -7175345.97 14629862.32 20710057.93 62 3
199880 20361297.20 108295945.755364 1264.52 46 2.742 14.002 -7196784.05 14630183.64 20702166.59 62 3
199881 20361056.76 108295945.755364 1263.97 46 2.742 14.001 -7199463.25 14630224.49 20701178.14 62 3
199882 20360816.27 108295945.755364 1264.14 47 2.742 14.001 -7202142.33 14630265.48 20700189.24 62 3
199883 20360576.09 108295945.755364 1263.16 47 2.742 14.000 -7204821.28 14630306.62 20699199.89 62 3
199884 20360335.56 108295945.755364 1263.40 47 2.742 14.000 -7207500.11 14630347.91 20698210.09 62 3
199895 20357699.85 108295945.755364 1257.70 47 2.741 13.994 -7236958.96 14630811.99 20687292.53 62 3
199896 20357460.39 108295945.755364 1258.88 47 2.741 13.994 -7239636.29 14630855.08 20686297.32 62 3
199897 20357220.78 108295945.755364 1260.95 47 2.741 13.993 -7242313.49 14630898.32 20685301.66 62 3
199898 20356980.98 108295945.755364 1260.51 47 2.740 13.993 -7244990.57 14630941.70 20684305.55 62 3
199899 20356741.14 108295945.755364 1260.60 47 2.740 13.992 -7247667.52 14630985.24 20683308.99 62 3
199900 20356501.32 108295945.755364 1260.31 47 2.740 13.992 -7250344.34 14631028.93 20682311.98 62 3
199908 20354588.33 108295945.755364 1257.65 47 2.739 13.988 -7271754.40 14631383.79 20674319.66 62 3
199909 20354349.42 108295945.755364 1255.48 47 2.739 13.987 -7274430.09 14631428.83 20673318.60 62 3
199910 20354110.54 108295945.255364 1255.33 47 2.739 13.987 -7277105.66 14631474.01 20672317.08 62 3
199911 20353871.44 108295945.255364 1256.16 47 2.739 13.986 -7279781.10 14631519.34 20671315.11 62 3
199912 20353632.41 108295945.255364 1255.68 47 2.739 13.986 -7282456.41 14631564.82 20670312.70 62 3
199913 20353393.62 108295945.255364 1254.84 47 2.739 13.985 -7285131.59 14631610.44 20669309.83 62 3
199920 20351723.39 108295945.255364 1252.55 47 2.738 13.982 -7303854.34 14631934.02 20662277.15 62 3
199921 20351484.89 108295945.255364 1253.54 47 2.738 13.981 -7306528.51 14631980.84 20661270.68 62 3
199922 20351246.39 108295945.255364 1252.93 47 2.738 13.981 -7309202.55 14632027.81 20660263.77 62 3
199923 20351007.89 108295945.255364 1253.47 47 2.738 13.980 -7311876.46 14632074.93 20659256.40 62 3
199924 20350769.78 108295945.255364 1252.66 46 2.738 13.980 -7314550.25 14632122.20 20658248.58 62 3
199932 20348867.56 108295945.255364 1250.38 47 2.737 13.976 -7335935.97 14632505.72 20650169.83 62 3
199933 20348629.88 108295945.255364 1248.63 47 2.737 13.975 -7338608.61 14632554.33 20649157.96 62 3
199934 20348392.11 108295945.255364 1248.17 47 2.737 13.975 -7341281.12 14632603.09 20648145.64 62 3
199935 20348154.64 108295945.255364 1247.71 47 2.737 13.974 -7343953.51 14632652.00 20647132.87 62 3
199936 20347917.15 108295945.255364 1247.37 46 2.737 13.974 -7346625.76 14632701.06 20646119.65 62 4
199937 20347679.33 108295945.255364 1249.14 46 2.737 13.973 -7349297.89 14632750.26 20645105.99 62 4
199938 20347441.51 108295945.255364 1249.68 47 2.737 13.973 -7351969.89 14632799.62 20644091.87 62 4
199945 20345781.57 108295945.255364 1244.62 47 2.736 13.969 -7370670.29 14633149.26 20636980.45 62 4
199946 20345545.13 108295945.255364 1243.25 47 2.736 13.969 -7373341.26 14633199.80 20635962.74 62 4
199947 20345308.49 108295945.255364 1244.29 47 2.736 13.968 -7376012.11 14633250.50 20634944.57 62 4
199948 20345071.54 108295945.255364 1245.21 47 2.736 13.968 -7378682.82 14633301.34 20633925.96 62 4
199949 20344834.27 108295945.255364 1246.29 47 2.736 13.967 -7381353.41 14633352.33 20632906.89 62 4
199950 20344597.19 108295945.255364 1245.51 47 2.735 13.967 -7384023.86 14633403.46 20631887.38 62 4
199959 20342468.86 108295945.255364 1242.88 47 2.735 13.963 -7408052.15 14633870.39 20622691.54 62 4
199960 20342232.34 108295945.255364 1243.45 47 2.734 13.962 -7410721.32 14633923.01 20621667.53 62 4
199961 20341995.85 108295945.255364 1242.60 47 2.734 13.961 -7413390.35 14633975.78 20620643.07 62 4
199962 20341759.74 108295945.255364 1241.87 47 2.734 13.961 -7416059.25 14634028.70 20619618.17 62 4
199963 20341523.43 108295945.255364 1242.33 47 2.734 13.960 -7418728.03 14634081.77 20618592.81 62 4
199973 20339166.99 108295945.255364 1236.68 47 2.733 13.956 -7445408.61 14634620.60 20608314.56 62 4
199974 20338931.72 108295945.255364 1236.23 47 2.733 13.955 -7448075.95 14634675.29 20607284.27 62 4
199975 20338696.54 108295945.255364 1235.74 47 2.733 13.955 -7450743.16 14634730.14 20606253.52 62 4
199976 20338461.21 108295945.255364 1236.36 47 2.733 13.954 -7453410.24 14634785.13 20605222.33 62 4
199977 20338225.59 108295945.255364 1238.28 47 2.733 13.954 -7456077.19 14634840.27 20604190.69 63 4
199978 20337989.82 108295945.255364 1238.47 47 2.733 13.953 -7458744.00 14634895.56 20603158.60 63 4
199983 20336579.75 108295945.255364 1234.28 46 2.732 13.950 -7474742.16 14635230.40 20596956.62 63 4
199987 20335874.27 108295945.255364 1234.52 46 2.732 13.949 -7482739.47 14635399.82 20593849.58 63 4
199988 20335639.63 108295945.255364 1234.00 47 2.732 13.948 -7485404.98 14635456.59 20592813.00 63 4
199989 20335404.79 108295945.255364 1234.14 47 2.732 13.948 -7488070.35 14635513.50 20591775.97 63 4
199990 20335170.39 108295945.255364 1232.42 47 2.732 13.947 -7490735.59 14635570.57 20590738.50 63 4
199991 20334935.78 108295945.255364 1233.25 47 2.732 13.947 -7493400.70 14635627.78 20589700.57 63 4
199992 20334701.00 108295945.255364 1233.38 47 2.731 13.946 -7496065.68 14635685.13 20588662.20 63 4
199999 20333060.82 108295945.255364 1232.41 47 2.731 13.943 -7514716.85 14636090.78 20581381.02 63 4
200000 20332826.52 108295945.255364 1231.54 47 2.731 13.942 -7517380.77 14636149.32 20580339.06 63 4
200001 20332592.00 108295945.255364 1231.80 47 2.731 13.942 -7520044.56 14636208.00 20579296.65 63 4
200002 20332357.55 108295945.255364 1231.30 47 2.731 13.941 -7522708.22 14636266.84 20578253.79 63 5
200003 20332123.35 108295945.255364 1230.56 47 2.730 13.941 -7525371.74 14636325.82 20577210.49 63 5
200011 20330254.39 108295945.255364 1226.42 46 2.730 13.937 -7546675.17 14636802.98 20568847.89 63 5
200012 20330020.80 108295945.255364 1227.52 46 2.730 13.937 -7549337.51 14636863.29 20567800.55 63 5
200013 20329787.24 108295945.255364 1228.38 47 2.730 13.936 -7551999.70 14636923.74 20566752.76 63 5
200014 20329553.63 108295945.255364 1227.70 47 2.729 13.936 -7554661.77 14636984.34 20565704.52 63 5
200015 20329319.99 108295945.255364 1227.31 47 2.729 13.935 -7557323.70 14637045.09 20564655.84 63 5
200016 20329086.46 108295945.255364 1226.84 47 2.729 13.935 -7559985.50 14637105.99 20563606.70 63 5
200023 20327454.90 108295945.255364 1222.74 47 2.729 13.931 -7578614.34 14637536.38 20556250.22 63 5
200024 20327221.80 108295945.255364 1224.28 47 2.729 13.931 -7581275.07 14637598.46 20555197.50 63 5
200025 20326988.19 108295945.255364 1225.39 47 2.728 13.930 -7583935.67 14637660.68 20554144.34 63 5
200026 20326755.20 108295945.255364 1224.86 47 2.728 13.930 -7586596.13 14637723.05 20553090.72 63 5
200027 20326522.23 108295945.255364 1224.68 46 2.728 13.929 -7589256.45 14637785.56 20552036.66 63 5
200036 20324431.41 108295945.255364 1221.97 47 2.727 13.925 -7613193.35 14638354.79 20542529.96 63 5
200037 20324199.07 108295945.255364 1221.25 47 2.727 13.925 -7615852.33 14638418.78 20541471.42 63 5
200038 20323966.76 108295945.255364 1220.74 47 2.727 13.924 -7618511.18 14638482.91 20540412.43 63 5
200039 20323734.52 108295945.255364 1220.23 47 2.727 13.924 -7621169.90 14638547.18 20539353.00 63 5
200047 20321879.41 108295945.255364 1218.56 47 2.726 13.920 -7642434.74 14639066.66 20530861.41 63 5
200048 20321647.48 108295945.255364 1218.27 47 2.726 13.919 -7645092.24 14639132.26 20529797.95 63 5
200049 20321415.94 108295945.255364 1216.81 47 2.726 13.919 -7647749.60 14639198.00 20528734.04 63 5
200050 20321184.31 108295945.255364 1217.44 47 2.726 13.918 -7650406.82 14639263.89 20527669.69 63 5
200051 20320953.03 108295945.255364 1216.05 47 2.726 13.918 -7653063.91 14639329.92 20526604.88 63 5
200052 20320721.83 108295945.255364 1216.13 47 2.726 13.917 -7655720.87 14639396.10 20525539.63 63 5
200059 20319103.15 108295945.255364 1215.41 46 2.725 13.914 -7674315.74 14639863.46 20518070.35 63 5
200060 20318871.94 108295945.255364 1214.26 46 2.725 13.914 -7676971.61 14639930.81 20517001.53 63 5
200061 20318640.45 108295945.255364 1212.72 46 2.725 13.913 -7679627.34 14639998.31 20515932.25 63 5
200062 20318409.18 108295945.255364 1212.04 46 2.725 13.913 -7682282.93 14640065.96 20514862.53 63 5
200063 20318178.35 108295945.255364 1211.23 46 2.725 13.912 -7684938.39 14640133.74 20513792.36 63 5
200068 20317022.40 108295945.755364 1213.15 47 2.724 13.910 -7698213.63 14640474.88 20508434.80 63 6
200069 20316791.49 108295945.755364 1212.27 47 2.724 13.909 -7700868.26 14640543.55 20507361.95 63 6
200070 20316560.53 108295945.755364 1211.60 47 2.724 13.909 -7703522.77 14640612.36 20506288.65 63 6
200071 20316330.03 108295945.755364 1209.91 46 2.724 13.908 -7706177.13 14640681.32 20505214.91 63 6
200078 20314717.42 108295945.755364 1208.38 47 2.724 13.905 -7724753.84 14641168.11 20497686.18 63 6
200079 20314487.50 108295945.755364 1208.46 47 2.723 13.905 -7727407.10 14641238.24 20496608.86 63 6
200080 20314257.65 108295945.755364 1208.72 47 2.723 13.904 -7730060.23 14641308.51 20495531.09 63 6
200081 20314027.52 108295945.755364 1208.61 47 2.723 13.904 -7732713.22 14641378.92 20494452.88 63 6
200082 20313797.95 108295945.755364 1206.73 47 2.723 13.903 -7735366.07 14641449.49 20493374.22 63 6
200091 20311734.06 108295945.755364 1205.83 46 2.722 13.899 -7759235.55 14642091.10 20483646.18 63 6
200092 20311504.79 108295945.755364 1205.51 47 2.722 13.899 -7761887.02 14642163.12 20482563.06 63 6
200093 20311275.67 108295945.755364 1204.99 47 2.722 13.898 -7764538.35 14642235.29 20481479.49 63 6
200094 20311046.45 108295945.755364 1205.25 47 2.722 13.898 -7767189.55 14642307.60 20480395.47 63 6
200102 20309216.98 108295945.755364 1200.62 46 2.721 13.894 -7788394.13 14642891.31 20471707.26 63 6
200103 20308989.01 108295945.755364 1199.84 46 2.721 13.893 -7791044.08 14642964.93 20470619.22 63 6
200104 20308760.89 108295945.755364 1199.61 46 2.721 13.893 -7793693.88 14643038.69 20469530.74 63 6
200105 20308532.76 108295945.755364 1199.31 47 2.721 13.892 -7796343.55 14643112.60 20468441.82 63 6
200106 20308304.29 108295945.755364 1201.45 47 2.721 13.892 -7798993.08 14643186.65 20467352.45 63 6
200106 20308075.83 108295945.755364 1201.96 47 2.721 13.892 -7798993.08 14643186.65 20467352.45 63 6
200108 20307847.39 108295945.755364 1202.71 47 2.721 13.891 -7804291.72 14643335.19 20465172.36 63 6
200117 20305795.77 108295945.255364 1197.78 47 2.720 13.887 -7828128.70 14644010.82 20455339.91 63 6
200118 20305567.74 108295945.255364 1198.35 47 2.720 13.886 -7830776.56 14644086.61 20454245.19 63 6
200119 20305340.10 108295945.255364 1197.24 47 2.720 13.886 -7833424.27 14644162.55 20453150.02 63 6
