199376 20903572.28 109405666.473992 -1148.42 46 2.710 14.735 -9432824.60 24615949.13 4766393.86 63 190
199377 20903791.68 109405666.473992 -1149.76 46 2.711 14.736 -9433297.84 24616316.41 4763310.91 63 190
199378 20904011.29 109405666.473992 -1151.86 46 2.711 14.737 -9433770.87 24616683.37 4760227.85 63 190
199379 20904230.89 109405666.473992 -1152.72 47 2.711 14.738 -9434243.71 24617050.03 4757144.70 63 190
199380 20904450.52 109405666.473992 -1153.21 47 2.711 14.738 -9434716.35 24617416.37 4754061.44 63 190
199381 20904670.09 109405666.473992 -1153.29 47 2.711 14.739 -9435188.79 24617782.41 4750978.09 63 190
199382 20904889.14 109405666.473992 -1152.79 47 2.712 14.740 -9435661.03 24618148.13 4747894.64 63 190
199386 20905764.32 109405666.473992 -1153.60 46 2.712 14.744 -9437548.00 24619607.91 4735559.86 63 190
199387 20905984.08 109405666.473992 -1154.75 46 2.713 14.745 -9438019.25 24619972.08 4732475.92 63 190
199388 20906204.10 109405666.473992 -1154.66 46 2.713 14.746 -9438490.30 24620335.94 4729391.88 63 190
199389 20906424.85 109405666.473992 -1156.52 46 2.713 14.747 -9438961.15 24620699.49 4726307.74 63 190
199395 20907746.61 109405666.473992 -1158.91 47 2.714 14.753 -9441782.08 24622874.24 4707800.86 63 190
199396 20907967.65 109405666.473992 -1160.32 46 2.714 14.754 -9442251.54 24623235.61 4704716.03 63 190
199397 20908188.64 109405666.473992 -1162.07 46 2.715 14.755 -9442720.80 24623596.67 4701631.11 63 190
199398 20908409.53 109405666.473992 -1162.44 46 2.715 14.756 -9443189.87 24623957.42 4698546.10 63 190
199402 20909294.51 109405666.473992 -1161.26 46 2.716 14.760 -9445064.14 24625397.30 4686205.05 63 190
199404 20909737.35 109405666.473992 -1163.12 46 2.716 14.762 -9446000.09 24626115.37 4680033.95 63 190
199405 20909958.63 109405666.473992 -1163.87 46 2.716 14.763 -9446467.77 24626473.94 4676948.25 63 190
199406 20910179.99 109405666.473992 -1164.83 46 2.716 14.764 -9446935.25 24626832.19 4673862.45 63 190
199407 20910401.98 109405666.473992 -1167.02 46 2.716 14.765 -9447402.53 24627190.14 4670776.56 63 190
199413 20911736.81 109405666.473992 -1167.92 45 2.718 14.771 -9450202.07 24629331.26 4652259.17 63 190
199414 20911959.84 109405666.473992 -1170.29 46 2.718 14.772 -9450667.97 24629687.02 4649172.60 63 190
199415 20912183.07 109405666.473992 -1170.38 46 2.718 14.773 -9451133.67 24630042.47 4646085.94 63 190
199416 20912406.16 109405666.473992 -1170.22 47 2.718 14.774 -9451599.17 24630397.61 4642999.17 63 190
199417 20912629.16 109405666.473992 -1171.14 47 2.718 14.775 -9452064.47 24630752.44 4639912.32 63 190
199418 20912852.41 109405666.473992 -1172.48 46 2.719 14.776 -9452529.58 24631106.95 4636825.36 63 190
199426 20914642.86 109405666.473992 -1175.93 47 2.720 14.783 -9456243.33 24633931.83 4612126.27 63 190
199427 20914867.07 109405666.473992 -1176.41 47 2.720 14.784 -9456706.67 24634283.54 4609038.45 63 190
199428 20915091.08 109405666.473992 -1176.46 47 2.721 14.785 -9457169.80 24634634.93 4605950.53 63 190
199429 20915315.35 109405666.473992 -1177.86 47 2.721 14.786 -9457632.74 24634986.01 4602862.52 63 190
199430 20915539.86 109405666.473992 -1177.81 47 2.721 14.787 -9458095.48 24635336.78 4599774.42 63 190
199437 20917113.15 109405666.473992 -1181.10 46 2.722 14.794 -9461329.15 24637783.40 4578155.02 63 190
199438 20917338.38 109405666.473992 -1183.78 47 2.723 14.795 -9461790.31 24638131.67 4575066.15 63 190
199439 20917564.02 109405666.473992 -1184.83 47 2.723 14.796 -9462251.28 24638479.62 4571977.19 63 190
199440 20917789.75 109405666.473992 -1185.18 47 2.723 14.797 -9462712.05 24638827.26 4568888.14 63 190
199441 20918015.11 109405666.473992 -1186.03 47 2.723 14.798 -9463172.63 24639174.59 4565798.98 63 190
199442 20918240.26 109405666.473992 -1184.59 47 2.723 14.799 -9463633.00 24639521.60 4562709.74 63 190
199446 20919141.30 109405666.473992 -1186.40 47 2.724 14.803 -9465472.55 24640906.54 4550351.81 63 190
199447 20919367.57 109405666.473992 -1188.72 47 2.724 14.804 -9465931.95 24641251.99 4547262.09 63 190
199448 20919594.51 109405666.473992 -1189.80 47 2.725 14.805 -9466391.15 24641597.12 4544172.28 63 190
199449 20919820.36 109405666.473992 -1190.28 47 2.725 14.806 -9466850.15 24641941.95 4541082.37 63 190
199450 20920046.73 109405666.473992 -1191.00 46 2.725 14.807 -9467308.96 24642286.46 4537992.37 63 190
199451 20920272.05 109405666.473992 -1184.78 46 2.725 14.808 -9467767.57 24642630.66 4534902.28 63 190
199456 20921404.75 109405666.473992 -1191.92 47 2.726 14.813 -9470057.68 24644346.95 4519450.39 63 190
199457 20921631.64 109405666.473992 -1193.26 47 2.726 14.814 -9470515.12 24644689.27 4516359.73 63 190
199458 20921859.01 109405666.473992 -1195.11 47 2.727 14.815 -9470972.35 24645031.27 4513268.98 63 190
199459 20922086.27 109405666.473992 -1195.44 47 2.727 14.816 -9471429.40 24645372.96 4510178.14 63 190
199460 20922313.77 109405666.473992 -1195.97 47 2.727 14.817 -9471886.24 24645714.34 4507087.20 63 190
199465 20923451.62 109405666.473992 -1195.77 47 2.728 14.822 -9474167.54 24647416.52 4491631.10 63 190
199466 20923679.45 109405666.473992 -1197.72 47 2.728 14.823 -9474623.21 24647756.01 4488539.60 63 190
199467 20923907.12 109405666.473992 -1197.52 47 2.728 14.824 -9475078.68 24648095.20 4485448.00 63 190
199468 20924134.92 109405666.473992 -1198.03 46 2.729 14.825 -9475533.96 24648434.06 4482356.32 63 190
199469 20924363.33 109405666.473992 -1200.37 46 2.729 14.826 -9475989.05 24648772.62 4479264.54 63 190
199475 20925734.79 109405666.473992 -1201.73 47 2.730 14.833 -9478715.45 24650797.35 4460711.92 63 190
199476 20925963.55 109405666.473992 -1203.02 47 2.730 14.834 -9479169.17 24651133.70 4457619.49 63 190
199477 20926192.56 109405666.473992 -1204.99 47 2.730 14.835 -9479622.69 24651469.74 4454526.97 63 190
199478 20926421.62 109405666.973992 -1205.63 47 2.731 14.836 -9480076.01 24651805.47 4451434.35 63 190
199479 20926651.11 109405666.973992 -1206.26 47 2.731 14.837 -9480529.15 24652140.88 4448341.65 63 190
199484 20927797.95 109405666.473992 -1207.82 47 2.732 14.842 -9482791.87 24653813.24 4432876.74 63 190
199485 20928028.06 109405666.473992 -1209.15 47 2.732 14.843 -9483243.83 24654146.76 4429783.48 63 190
199486 20928258.18 109405666.473992 -1209.86 47 2.732 14.844 -9483695.60 24654479.98 4426690.13 63 190
199487 20928488.17 109405666.473992 -1210.45 47 2.732 14.845 -9484147.17 24654812.87 4423596.69 63 190
199488 20928718.52 109405666.473992 -1211.25 47 2.733 14.846 -9484598.55 24655145.46 4420503.16 63 190
199489 20928948.51 109405666.473992 -1209.22 46 2.733 14.847 -9485049.73 24655477.73 4417409.53 62 190
199490 20929408.96 109405666.473992 -1210.11 47 2.733 14.849 -9485951.50 24656141.32 4411222.00 62 190
199494 20930100.77 109405666.473992 -1212.54 46 2.734 14.852 -9487302.71 24657134.35 4401940.03 62 190
199495 20930331.87 109405666.473992 -1214.06 47 2.734 14.853 -9487752.72 24657464.73 4398845.85 62 190
199496 20930563.11 109405666.473992 -1214.81 47 2.734 14.854 -9488202.54 24657794.80 4395751.59 62 190
199497 20930794.38 109405666.473992 -1214.62 46 2.735 14.855 -9488652.16 24658124.55 4392657.23 62 190
199498 20931025.44 109405666.473992 -1215.19 46 2.735 14.856 -9489101.59 24658453.98 4389562.78 62 190
199499 20931255.82 109405666.473992 -1213.69 46 2.735 14.857 -9489550.83 24658783.10 4386468.24 62 190
199504 20932411.50 109405666.473992 -1217.18 47 2.736 14.862 -9491794.09 24660423.98 4370994.18 62 190
199505 20932643.56 109405666.473992 -1218.55 47 2.736 14.863 -9492242.15 24660751.21 4367899.10 62 190
199506 20932875.71 109405666.473992 -1218.35 47 2.736 14.864 -9492690.03 24661078.13 4364803.92 62 190
199507 20933107.97 109405666.473992 -1219.09 47 2.737 14.865 -9493137.71 24661404.73 4361708.66 62 190
199514 20934735.98 109405666.973992 -1222.13 47 2.738 14.872 -9496266.04 24663682.10 4340039.27 62 190
199515 20934968.57 109405666.973992 -1221.97 46 2.738 14.873 -9496712.17 24664006.17 4336943.28 62 190
199516 20935201.56 109405666.973992 -1223.03 46 2.738 14.875 -9497158.10 24664329.94 4333847.20 62 190
199517 20935434.62 109405666.973992 -1223.86 46 2.739 14.876 -9497603.85 24664653.38 4330751.03 62 190
199524 20937068.86 109405666.973992 -1229.94 46 2.740 14.883 -9500718.61 24666908.66 4309075.35 62 190
199525 20937303.08 109405666.973992 -1230.03 46 2.740 14.884 -9501162.80 24667229.58 4305978.46 62 190
199526 20937537.05 109405666.973992 -1228.72 46 2.740 14.885 -9501606.80 24667550.18 4302881.49 62 190
199527 20937770.87 109405666.973992 -1228.30 47 2.741 14.886 -9502050.61 24667870.47 4299784.42 62 190
199528 20938005.22 109405666.973992 -1229.67 47 2.741 14.887 -9502494.22 24668190.44 4296687.27 62 190
199536 20939883.50 109405666.973992 -1233.39 47 2.743 14.895 -9506036.16 24670738.83 4271906.84 62 190
199537 20940118.34 109405666.973992 -1234.06 47 2.743 14.896 -9506478.04 24671055.96 4268808.89 62 190
199538 20940353.29 109405666.473992 -1235.46 46 2.743 14.897 -9506919.72 24671372.77 4265710.84 62 190
199539 20940588.78 109405666.473992 -1235.93 46 2.743 14.898 -9507361.21 24671689.26 4262612.71 62 190
199546 20942237.89 109405666.473992 -1238.76 47 2.745 14.906 -9510446.22 24673895.86 4240923.33 62 190
199547 20942473.59 109405666.473992 -1238.84 47 2.745 14.907 -9510886.17 24674209.82 4237824.49 62 190
199548 20942709.38 109405666.473992 -1239.61 47 2.745 14.908 -9511325.92 24674523.46 4234725.57 62 190
199549 20942945.57 109405666.473992 -1241.27 47 2.745 14.909 -9511765.49 24674836.79 4231626.55 62 190
199556 20944604.03 109405666.473992 -1247.24 46 2.747 14.916 -9514837.02 24677021.21 4209931.01 62 189
199557 20944841.04 109405666.473992 -1245.97 46 2.747 14.917 -9515275.05 24677332.00 4206831.30 62 189
199558 20945078.02 109405666.473992 -1245.04 46 2.747 14.918 -9515712.88 24677642.48 4203731.50 62 189
199559 20945314.74 109405666.473992 -1245.73 46 2.747 14.919 -9516150.51 24677952.63 4200631.61 62 189
199560 20945551.44 109405666.473992 -1247.66 46 2.748 14.920 -9516587.96 24678262.48 4197531.63 62 189
199566 20946978.74 109405666.473992 -1249.41 46 2.749 14.927 -9519208.60 24680114.86 4178929.96 62 189
199567 20947216.81 109405666.473992 -1250.52 46 2.749 14.928 -9519644.70 24680422.48 4175829.37 62 189
199568 20947455.03 109405666.473992 -1250.84 46 2.749 14.929 -9520080.61 24680729.78 4172728.70 62 189
199569 20947693.21 109405666.473992 -1251.56 46 2.749 14.930 -9520516.33 24681036.77 4169627.95 62 189
199570 20947931.96 109405666.473992 -1252.76 46 2.750 14.931 -9520951.86 24681343.44 4166527.10 62 189
199579 20950084.88 109405666.473992 -1257.05 46 2.752 14.941 -9524862.98 24684089.15 4138615.63 62 189
199580 20950324.19 109405666.473992 -1257.43 46 2.752 14.942 -9525296.59 24684392.64 4135513.92 62 189
199581 20950563.93 109405666.473992 -1259.09 46 2.752 14.943 -9525730.01 24684695.82 4132412.13 62 189
199582 20950803.49 109405666.473992 -1259.31 46 2.752 14.944 -9526163.24 24684998.67 4129310.25 62 189
199583 20951042.82 109405666.473992 -1258.57 47 2.752 14.945 -9526596.27 24685301.21 4126208.29 62 189
199591 20952965.47 109405666.473992 -1263.79 47 2.754 14.953 -9530053.70 24687710.06 4101389.51 62 189
199592 20953206.12 109405666.473992 -1264.34 46 2.754 14.954 -9530485.01 24688009.73 4098286.78 62 189
199593 20953447.02 109405666.473992 -1264.09 46 2.754 14.956 -9530916.14 24688309.09 4095183.96 62 189
199594 20953688.14 109405666.473992 -1266.34 47 2.755 14.957 -9531347.08 24688608.12 4092081.06 62 189
199595 20953929.40 109405666.473992 -1267.72 47 2.755 14.958 -9531777.83 24688906.84 4088978.07 62 189
199596 20954170.73 109405666.473992 -1268.11 47 2.755 14.959 -9532208.38 24689205.24 4085875.00 62 189
199597 20954412.28 109405666.473992 -1268.69 46 2.755 14.960 -9532638.75 24689503.33 4082771.85 62 189
199604 20956103.55 109405666.473992 -1272.11 47 2.757 14.967 -9535645.96 24691580.98 4061047.38 62 189
199605 20956345.48 109405666.473992 -1270.84 47 2.757 14.968 -9536074.80 24691876.52 4057943.55 62 189
199606 20956587.32 109405666.473992 -1270.23 47 2.757 14.970 -9536503.45 24692171.73 4054839.63 62 189
199607 20956829.26 109405666.473992 -1271.32 47 2.757 14.971 -9536931.91 24692466.63 4051735.63 62 189
199608 20957071.22 109405666.473992 -1272.07 47 2.758 14.972 -9537360.18 24692761.20 4048631.55 62 189
199613 20958527.36 109405666.473992 -1277.18 46 2.759 14.978 -9539925.81 24694521.97 4030005.27 61 189
199616 20959013.07 109405666.473992 -1275.47 46 2.759 14.980 -9540779.49 24695106.34 4023795.85 61 189
199617 20959256.02 109405666.473992 -1276.88 47 2.760 14.981 -9541206.05 24695398.05 4020691.01 61 189
199618 20959498.90 109405666.473992 -1276.98 47 2.760 14.983 -9541632.42 24695689.43 4017586.08 61 189
199619 20959741.93 109405666.473992 -1277.66 47 2.760 14.984 -9542058.60 24695980.50 4014481.08 61 189
199627 20961693.31 109405666.473992 -1282.46 47 2.762 14.992 -9545461.21 24698297.55 3989638.03 61 189
199628 20961937.41 109405666.473992 -1282.30 47 2.762 14.993 -9545885.68 24698585.74 3986532.28 61 189
199629 20962181.44 109405666.473992 -1282.69 46 2.762 14.995 -9546309.96 24698873.62 3983426.44 61 189
199630 20962425.80 109405666.473992 -1284.62 46 2.762 14.996 -9546734.06 24699161.17 3980320.52 61 189
199631 20962669.93 109405666.473992 -1284.21 47 2.763 14.997 -9547157.96 24699448.41 3977214.52 61 189
199638 20964384.77 109405666.973992 -1287.46 47 2.764 15.004 -9550119.99 24701450.10 3955470.19 61 189
199639 20964630.01 109405666.973992 -1288.17 47 2.764 15.006 -9550542.38 24701734.77 3952363.53 61 189
199640 20964875.26 109405666.973992 -1288.93 47 2.765 15.007 -9550964.59 24702019.13 3949256.79 61 189
199641 20965120.91 109405666.973992 -1290.88 47 2.765 15.008 -9551386.60 24702303.17 3946149.96 61 189
199642 20965366.98 109405666.973992 -1292.13 47 2.765 15.009 -9551808.42 24702586.88 3943043.06 61 189
199649 20967088.50 109405666.973992 -1295.66 47 2.767 15.017 -9554755.91 24704563.94 3921292.42 61 189
199650 20967334.79 109405666.973992 -1296.52 46 2.767 15.018 -9555176.22 24704845.09 3918184.86 61 189
199651 20967581.05 109405666.973992 -1297.07 46 2.767 15.019 -9555596.35 24705125.93 3915077.21 61 189
199652 20967827.39 109405666.973992 -1297.41 47 2.767 15.020 -9556016.28 24705406.44 3911969.49 61 189
199653 20968073.24 109405666.973992 -1294.50 47 2.767 15.021 -9556436.03 24705686.64 3908861.69 61 189
199654 20968319.85 109405666.973992 -1296.31 46 2.767 15.022 -9556855.59 24705966.51 3905753.80 61 189
199659 20969555.33 109405666.973992 -1299.21 47 2.769 15.028 -9558950.57 24707361.07 3890213.16 61 189
199660 20969802.80 109405666.973992 -1301.08 47 2.769 15.029 -9559369.00 24707639.03 3887104.79 61 189
199661 20970050.56 109405666.973992 -1301.93 47 2.769 15.030 -9559787.24 24707916.66 3883996.33 61 189
199662 20970298.69 109405666.973992 -1302.69 46 2.769 15.031 -9560205.29 24708193.96 3880887.80 61 189
199663 20970546.76 109405666.973992 -1302.88 46 2.769 15.032 -9560623.16 24708470.95 3877779.19 61 189
199664 20970794.68 109405666.973992 -1301.40 46 2.770 15.033 -9561040.83 24708747.62 3874670.49 61 189
199671 20972531.62 109405666.973992 -1305.57 47 2.771 15.041 -9563959.31 24710675.31 3852907.39 61 189
199672 20972780.03 109405666.973992 -1306.35 47 2.771 15.042 -9564375.49 24710949.41 3849798.05 61 189
199673 20973028.43 109405666.973992 -1305.73 47 2.772 15.043 -9564791.48 24711223.19 3846688.64 61 189
199674 20973277.19 109405666.973992 -1307.24 46 2.772 15.044 -9565207.27 24711496.65 3843579.14 61 189
199675 20973526.35 109405666.973992 -1309.03 46 2.772 15.045 -9565622.89 24711769.79 3840469.56 61 189
199682 20975271.54 109405666.973992 -1310.72 47 2.774 15.053 -9568526.92 24713672.76 3818700.31 61 189
199683 20975521.07 109405666.973992 -1311.44 47 2.774 15.054 -9568941.03 24713943.32 3815590.09 61 189
199684 20975770.85 109405666.973992 -1311.92 46 2.774 15.055 -9569354.95 24714213.57 3812479.80 61 189
199685 20976020.68 109405666.973992 -1312.59 47 2.774 15.057 -9569768.69 24714483.49 3809369.43 61 189
199686 20976270.78 109405666.973992 -1313.37 47 2.775 15.058 -9570182.24 24714753.09 3806258.98 61 189
199693 20978023.36 109405666.973992 -1316.46 47 2.776 15.066 -9573071.85 24716631.31 3784483.63 61 189
199694 20978274.15 109405666.973992 -1318.66 47 2.776 15.067 -9573483.90 24716898.34 3781372.55 61 189
199695 20978525.25 109405666.973992 -1320.05 47 2.777 15.068 -9573895.77 24717165.04 3778261.39 61 189
199696 20978776.62 109405666.973992 -1320.52 47 2.777 15.069 -9574307.45 24717431.43 3775150.15 61 189
199697 20979028.20 109405666.973992 -1320.91 47 2.777 15.070 -9574718.95 24717697.49 3772038.84 61 189
199698 20979279.88 109405666.973992 -1321.60 47 2.777 15.071 -9575130.25 24717963.24 3768927.44 61 189
199699 20979531.63 109405666.973992 -1321.49 47 2.777 15.072 -9575541.37 24718228.66 3765815.97 61 189
199705 20981040.16 109405666.973992 -1323.15 46 2.779 15.079 -9578004.17 24719814.41 3747145.50 61 189
199706 20981292.32 109405666.973992 -1325.34 46 2.779 15.080 -9578413.99 24720077.58 3744033.48 61 189
199707 20981544.81 109405666.973992 -1326.67 46 2.779 15.081 -9578823.62 24720340.42 3740921.38 61 189
199708 20981797.26 109405666.973992 -1326.92 47 2.779 15.083 -9579233.06 24720602.94 3737809.21 61 189
199709 20982049.74 109405666.973992 -1327.67 47 2.780 15.084 -9579642.31 24720865.14 3734696.96 61 189
199710 20982302.37 109405666.973992 -1327.29 47 2.780 15.085 -9580051.38 24721127.01 3731584.63 61 189
199711 20982554.66 109405666.973992 -1325.78 47 2.780 15.086 -9580460.26 24721388.57 3728472.22 61 189
199717 20984071.11 109405666.973992 -1330.30 47 2.782 15.093 -9582909.65 24722951.12 3709796.16 61 189
199718 20984324.54 109405666.973992 -1331.96 47 2.782 15.094 -9583317.23 24723210.42 3706683.21 61 189
199719 20984578.16 109405666.973992 -1332.66 47 2.782 15.095 -9583724.63 24723469.39 3703570.18 61 189
199720 20984831.94 109405666.973992 -1333.31 47 2.782 15.096 -9584131.84 24723728.04 3700457.08 61 189
199721 20985085.56 109405666.973992 -1332.38 46 2.782 15.097 -9584538.86 24723986.37 3697343.90 61 189
199722 20985339.15 109405666.973992 -1331.30 46 2.783 15.098 -9584945.70 24724244.37 3694230.65 61 189
199730 20987371.81 109405666.973992 -1335.70 47 2.784 15.108 -9588193.71 24726296.80 3669321.85 60 189
199731 20987626.13 109405666.973992 -1336.42 47 2.785 15.109 -9588598.88 24726551.90 3666207.91 60 189
199732 20987880.59 109405666.973992 -1337.12 47 2.785 15.110 -9589003.86 24726806.67 3663093.89 60 189
199733 20988135.08 109405666.973992 -1337.93 47 2.785 15.111 -9589408.66 24727061.13 3659979.79 60 189
199734 20988389.59 109405666.973992 -1338.40 47 2.785 15.112 -9589813.27 24727315.26 3656865.62 60 189
199736 20989154.99 109405666.973992 -1341.54 47 2.786 15.116 -9591025.99 24728075.71 3647522.65 60 189
199742 20990430.99 109405666.973992 -1342.81 47 2.787 15.121 -9593043.49 24729336.66 3631949.52 60 189
199743 20990686.75 109405666.973992 -1342.69 47 2.787 15.123 -9593446.43 24729587.88 3628834.66 60 189
199744 20990942.74 109405666.973992 -1343.50 47 2.788 15.124 -9593849.19 24729838.78 3625719.73 60 189
199745 20991198.73 109405666.973992 -1344.67 47 2.788 15.125 -9594251.77 24730089.35 3622604.73 60 189
199746 20991454.88 109405666.973992 -1345.73 47 2.788 15.126 -9594654.16 24730339.60 3619489.65 60 189
199754 20993506.72 109405666.973992 -1348.40 47 2.790 15.135 -9597866.64 24732329.95 3594566.32 60 189
199755 20993763.38 109405666.973992 -1349.18 47 2.790 15.136 -9598267.37 24732577.29 3591450.56 60 189
199756 20994020.01 109405666.973992 -1349.40 47 2.790 15.137 -9598667.91 24732824.30 3588334.73 60 189
199757 20994276.85 109405666.973992 -1350.18 47 2.791 15.139 -9599068.27 24733070.99 3585218.83 60 189
199758 20994533.59 109405666.973992 -1351.08 47 2.791 15.140 -9599468.45 24733317.35 3582102.85 60 189
199759 20994790.78 109405666.973992 -1352.86 47 2.791 15.141 -9599868.44 24733563.39 3578986.80 60 189
199765 20996336.59 109405666.473992 -1354.09 47 2.792 15.148 -9602264.52 24735032.83 3560288.93 60 189
199766 20996594.70 109405666.473992 -1356.44 47 2.793 15.149 -9602663.22 24735276.60 3557172.36 60 189
199767 20996853.07 109405666.473992 -1357.29 47 2.793 15.150 -9603061.74 24735520.05 3554055.71 60 189
199768 20997111.43 109405666.473992 -1357.90 47 2.793 15.151 -9603460.07 24735763.18 3550939.00 60 189
199769 20997369.86 109405666.473992 -1357.29 47 2.793 15.153 -9603858.22 24736005.97 3547822.20 60 189
199770 20997628.04 109405666.473992 -1356.41 47 2.794 15.154 -9604256.19 24736248.45 3544705.34 60 189
199771 20997886.27 109405666.473992 -1356.18 47 2.794 15.155 -9604653.97 24736490.60 3541588.40 60 189
199779 20999957.17 109405666.473992 -1357.27 47 2.796 15.164 -9607829.63 24738416.12 3516650.23 60 189
199780 21000216.81 109405666.473992 -1363.29 46 2.796 15.165 -9608225.76 24738655.35 3513532.63 60 189
199781 21000476.47 109405666.473992 -1363.36 47 2.796 15.167 -9608621.70 24738894.26 3510414.96 60 189
199784 21001255.36 109405666.473992 -1363.65 47 2.797 15.170 -9609808.45 24739609.02 3501061.50 60 189
199785 21001514.84 109405666.473992 -1363.77 47 2.797 15.171 -9610203.66 24739846.63 3497943.54 60 189
199786 21001774.75 109405666.473992 -1365.73 47 2.797 15.173 -9610598.69 24740083.91 3494825.50 60 189
199787 21002034.82 109405666.473992 -1367.22 47 2.798 15.174 -9610993.54 24740320.87 3491707.39 60 189
199788 21002295.15 109405666.473992 -1367.77 47 2.798 15.175 -9611388.20 24740557.50 3488589.21 60 189
199789 21002555.52 109405666.473992 -1368.29 47 2.798 15.176 -9611782.68 24740793.81 3485470.95 60 189
199790 21002816.03 109405666.473992 -1368.84 47 2.798 15.177 -9612176.98 24741029.79 3482352.63 60 189
199791 21003076.32 109405666.473992 -1367.83 47 2.798 15.178 -9612571.10 24741265.44 3479234.23 60 189
199792 21003336.57 109405666.473992 -1368.46 47 2.799 15.180 -9612965.03 24741500.77 3476115.75 60 189
199793 21003596.85 109405666.473992 -1368.61 47 2.799 15.181 -9613358.78 24741735.78 3472997.21 60 189
199794 21003857.43 109405666.473992 -1369.02 47 2.799 15.182 -9613752.34 24741970.46 3469878.59 60 189
199795 21004118.25 109405666.473992 -1370.63 47 2.799 15.183 -9614145.73 24742204.82 3466759.91 60 189
199803 21006207.34 109405666.973992 -1372.79 46 2.801 15.193 -9617286.22 24744067.95 3441807.81 60 189
199804 21006468.99 109405666.973992 -1373.90 47 2.801 15.194 -9617677.96 24744299.38 3438688.47 60 189
199805 21006730.69 109405666.973992 -1374.61 47 2.802 15.195 -9618069.51 24744530.48 3435569.07 60 189
199806 21006992.81 109405666.973992 -1376.78 47 2.802 15.196 -9618460.89 24744761.26 3432449.59 60 188
199807 21007255.00 109405666.973992 -1377.49 47 2.802 15.197 -9618852.08 24744991.71 3429330.04 60 188
199817 21009882.81 109405666.973992 -1382.26 47 2.805 15.209 -9622753.98 24747278.31 3398130.64 60 188
199818 21010146.33 109405666.973992 -1383.49 47 2.805 15.210 -9623143.17 24747505.18 3395010.31 60 188
199819 21010409.33 109405666.973992 -1382.02 47 2.805 15.212 -9623532.18 24747731.72 3391889.91 60 188
199820 21010672.60 109405666.973992 -1383.05 47 2.805 15.213 -9623921.01 24747957.93 3388769.44 60 188
199821 21010935.79 109405666.973992 -1382.90 47 2.805 15.214 -9624309.65 24748183.82 3385648.90 60 188
199822 21011199.22 109405666.973992 -1384.32 47 2.806 15.215 -9624698.11 24748409.39 3382528.29 60 188
199823 21011462.82 109405666.973992 -1385.36 47 2.806 15.216 -9625086.39 24748634.63 3379407.61 60 188
199832 21013839.35 109405666.973992 -1389.05 46 2.808 15.227 -9628572.74 24750647.09 3351318.32 60 188
199833 21014103.42 109405666.973992 -1388.19 46 2.808 15.228 -9628959.21 24750869.06 3348196.94 60 188
199834 21014367.77 109405666.973992 -1389.15 47 2.808 15.230 -9629345.49 24751090.71 3345075.49 60 188
199835 21014632.21 109405666.973992 -1389.51 47 2.809 15.231 -9629731.59 24751312.03 3341953.97 60 188
199845 21017285.82 109405666.973992 -1395.60 46 2.811 15.243 -9633582.66 24753507.29 3310734.96 60 188
199846 21017551.55 109405666.973992 -1395.48 47 2.811 15.244 -9633966.77 24753725.02 3307612.68 60 188
199847 21017817.57 109405666.973992 -1396.52 47 2.812 15.245 -9634350.70 24753942.42 3304490.33 60 188
199848 21018083.46 109405666.973992 -1397.07 47 2.812 15.247 -9634734.45 24754159.49 3301367.91 60 188
199849 21018349.35 109405666.973992 -1397.23 47 2.812 15.248 -9635118.02 24754376.24 3298245.43 59 188
199850 21018615.64 109405666.973992 -1398.30 47 2.812 15.249 -9635501.41 24754592.66 3295122.87 59 188
199857 21020480.59 109405666.973992 -1402.20 47 2.814 15.257 -9638180.08 24756098.45 3273263.07 59 188
199858 21020747.05 109405666.973992 -1401.50 47 2.814 15.259 -9638562.02 24756312.26 3270139.97 59 188
199859 21021013.77 109405666.973992 -1402.31 47 2.814 15.260 -9638943.79 24756525.73 3267016.80 59 188
199859 21021280.74 109405666.973992 -1402.86 47 2.814 15.260 -9638943.79 24756525.73 3267016.80 59 188
199868 21023421.06 109405666.473992 -1407.19 46 2.817 15.271 -9642371.57 24758432.30 3238905.22 59 188
199869 21023688.78 109405666.473992 -1407.41 47 2.817 15.272 -9642751.54 24758642.50 3235781.38 59 188
199870 21023956.40 109405666.473992 -1407.60 47 2.817 15.273 -9643131.32 24758852.37 3232657.46 59 188
199871 21024224.10 109405666.473992 -1408.12 47 2.817 15.274 -9643510.93 24759061.92 3229533.48 59 188
199872 21024492.21 109405666.473992 -1409.14 46 2.817 15.276 -9643890.35 24759271.14 3226409.44 59 188
199880 21026642.26 109405666.473992 -1413.21 47 2.819 15.286 -9646919.29 24760933.10 3201414.65 59 188
199881 21026911.42 109405666.473992 -1413.96 47 2.820 15.287 -9647297.10 24761139.37 3198290.00 59 188
199882 21027180.54 109405666.473992 -1414.06 46 2.820 15.288 -9647674.73 24761345.31 3195165.28 59 188
199883 21027450.04 109405666.473992 -1415.27 46 2.820 15.289 -9648052.18 24761550.92 3192040.50 59 188
199884 21027719.21 109405666.473992 -1415.25 47 2.820 15.290 -9648429.45 24761756.21 3188915.65 59 188
199895 21030693.62 109405666.473992 -1423.52 47 2.823 15.304 -9652567.63 24763992.68 3154537.96 59 188
199896 21030964.55 109405666.473992 -1422.61 47 2.823 15.305 -9652942.75 24764194.03 3151412.32 59 188
199897 21031235.15 109405666.473992 -1420.74 47 2.823 15.306 -9653317.70 24764395.05 3148286.61 59 188
199898 21031505.83 109405666.473992 -1421.44 47 2.824 15.308 -9653692.46 24764595.74 3145160.84 59 188
199899 21031776.49 109405666.473992 -1421.56 47 2.824 15.309 -9654067.05 24764796.10 3142035.01 59 188
199900 21032047.19 109405666.473992 -1422.11 47 2.824 15.310 -9654441.46 24764996.13 3138909.11 59 188
199908 21034219.07 109405666.473992 -1426.63 47 2.826 15.320 -9657430.32 24766584.55 3113899.55 59 188
199909 21034490.83 109405666.473992 -1429.01 47 2.826 15.321 -9657803.12 24766781.62 3110773.07 59 188
199910 21034762.84 109405666.473992 -1429.40 46 2.827 15.323 -9658175.75 24766978.37 3107646.51 59 188
199911 21035034.67 109405666.473992 -1428.79 47 2.827 15.324 -9658548.19 24767174.78 3104519.90 59 188
199912 21035306.71 109405666.473992 -1429.53 47 2.827 15.325 -9658920.46 24767370.87 3101393.22 59 188
199913 21035578.86 109405666.473992 -1430.56 46 2.827 15.326 -9659292.56 24767566.63 3098266.47 59 188
199920 21037486.84 109405666.473992 -1434.50 47 2.829 15.335 -9661892.22 24768927.72 3076377.46 59 188
199921 21037759.85 109405666.473992 -1433.75 47 2.829 15.336 -9662262.89 24769120.84 3073250.20 59 188
199922 21038032.85 109405666.473992 -1434.57 47 2.830 15.338 -9662633.38 24769313.64 3070122.88 59 188
199923 21038305.99 109405666.473992 -1434.28 47 2.830 15.339 -9663003.69 24769506.10 3066995.49 59 188
199924 21038579.38 109405666.473992 -1435.33 47 2.830 15.340 -9663373.83 24769698.24 3063868.04 59 188
199932 21040769.99 109405666.973992 -1439.43 46 2.832 15.350 -9666328.53 24771223.47 3038846.16 59 188
199933 21041044.28 109405666.973992 -1441.41 46 2.832 15.351 -9666697.07 24771412.64 3035718.13 59 188
199934 21041318.61 109405666.973992 -1442.10 46 2.833 15.353 -9667065.43 24771601.49 3032590.05 59 188
199935 21041593.11 109405666.973992 -1442.78 46 2.833 15.354 -9667433.62 24771790.00 3029461.90 59 188
199936 21041867.71 109405666.973992 -1443.37 46 2.833 15.355 -9667801.63 24771978.18 3026333.69 59 188
199937 21042141.97 109405666.973992 -1441.84 46 2.833 15.356 -9668169.46 24772166.03 3023205.42 59 188
199938 21042416.14 109405666.973992 -1441.52 46 2.833 15.358 -9668537.11 24772353.56 3020077.08 59 188
199945 21044342.35 109405666.973992 -1448.17 47 2.835 15.366 -9671105.74 24773656.98 2998176.98 59 188
199946 21044618.30 109405666.973992 -1449.78 47 2.835 15.368 -9671471.98 24773841.86 2995048.14 59 188
199947 21044894.15 109405666.973992 -1448.95 47 2.836 15.369 -9671838.04 24774026.42 2991919.24 59 188
199948 21045169.68 109405666.973992 -1448.26 47 2.836 15.370 -9672203.93 24774210.64 2988790.28 59 188
199949 21045445.11 109405666.973992 -1447.41 47 2.836 15.371 -9672569.64 24774394.53 2985661.26 59 188
199950 21045720.75 109405666.973992 -1448.42 47 2.836 15.373 -9672935.17 24774578.10 2982532.17 59 188
199959 21048208.55 109405666.973992 -1453.10 47 2.839 15.384 -9676217.03 24776215.30 2954367.62 59 188
199960 21048484.97 109405666.973992 -1452.77 47 2.839 15.385 -9676580.80 24776395.56 2951237.91 59 188
199961 21048761.49 109405666.973992 -1453.82 47 2.839 15.387 -9676944.40 24776575.49 2948108.15 59 188
199962 21049038.42 109405666.973992 -1454.80 47 2.839 15.388 -9677307.82 24776755.09 2944978.32 59 188
199963 21049315.44 109405666.973992 -1454.57 47 2.840 15.389 -9677671.06 24776934.36 2941848.44 59 188
199973 21052094.23 109405666.973992 -1462.48 47 2.842 15.402 -9681293.81 24778708.85 2910546.21 58 188
199974 21052372.68 109405666.973992 -1463.15 47 2.842 15.403 -9681655.12 24778884.48 2907415.66 58 188
199975 21052651.31 109405666.973992 -1463.87 47 2.843 15.404 -9682016.25 24779059.78 2904285.04 58 188
199976 21052929.80 109405666.973992 -1463.49 47 2.843 15.406 -9682377.21 24779234.75 2901154.36 58 188
199977 21053207.86 109405666.973992 -1461.77 47 2.843 15.407 -9682738.00 24779409.39 2898023.62 58 188
199978 21053485.90 109405666.973992 -1461.83 47 2.843 15.408 -9683098.60 24779583.70 2894892.83 58 188
199983 21055160.15 109405666.973992 -1467.36 47 2.845 15.416 -9685258.57 24780622.58 2876106.77 58 188
199987 21055998.54 109405666.973992 -1467.73 47 2.846 15.420 -9686336.19 24781137.55 2866712.94 58 188
199988 21056277.90 109405666.473992 -1468.53 47 2.846 15.421 -9686695.04 24781308.54 2863581.54 58 188
199989 21056557.29 109405666.473992 -1468.60 47 2.846 15.422 -9687053.73 24781479.21 2860450.09 58 188
199990 21056837.10 109405666.473992 -1470.54 47 2.846 15.424 -9687412.23 24781649.54 2857318.57 58 188
199991 21057116.71 109405666.473992 -1469.94 46 2.847 15.425 -9687770.56 24781819.54 2854186.99 58 188
199992 21057396.28 109405666.473992 -1470.04 46 2.847 15.426 -9688128.72 24781989.21 2851055.36 58 188
199999 21059357.63 109405666.473992 -1472.57 47 2.849 15.435 -9690630.93 24783167.61 2829132.26 58 188
200000 21059638.12 109405666.473992 -1473.65 47 2.849 15.437 -9690987.69 24783334.62 2826000.15 58 188
200001 21059918.54 109405666.473992 -1473.62 47 2.849 15.438 -9691344.28 24783501.31 2822867.98 58 188
200002 21060198.93 109405666.473992 -1474.35 47 2.850 15.439 -9691700.69 24783667.66 2819735.76 58 188
200003 21060479.63 109405666.473992 -1475.31 46 2.850 15.441 -9692056.93 24783833.68 2816603.47 58 188
200011 21062731.58 109405666.473992 -1481.18 47 2.852 15.451 -9694900.55 24785149.90 2791543.09 58 188
200012 21063013.27 109405666.473992 -1480.30 47 2.852 15.452 -9695255.23 24785312.93 2788410.29 58 188
200013 21063294.89 109405666.473992 -1479.66 47 2.852 15.454 -9695609.72 24785475.63 2785277.42 58 188
200014 21063576.56 109405666.473992 -1480.57 46 2.853 15.455 -9695964.04 24785638.00 2782144.49 58 188
200015 21063858.19 109405666.473992 -1481.17 46 2.853 15.456 -9696318.19 24785800.04 2779011.51 58 188
200016 21064140.10 109405666.473992 -1481.86 46 2.853 15.457 -9696672.17 24785961.74 2775878.47 58 188
200023 21066117.70 109405666.473992 -1487.51 47 2.855 15.467 -9699145.13 24787084.37 2753945.57 58 188
200024 21066400.43 109405666.473992 -1486.20 47 2.855 15.468 -9699497.72 24787243.42 2750812.07 58 188
200025 21066682.83 109405666.473992 -1485.29 47 2.855 15.469 -9699850.13 24787402.13 2747678.51 58 188
200026 21066965.72 109405666.473992 -1486.05 47 2.856 15.470 -9700202.37 24787560.51 2744544.90 58 188
200027 21067248.87 109405666.473992 -1486.45 46 2.856 15.472 -9700554.44 24787718.56 2741411.22 58 188
200036 21069803.58 109405666.473992 -1491.11 47 2.858 15.484 -9703715.24 24789126.03 2713205.61 58 188
200037 21070087.33 109405666.473992 -1492.08 47 2.858 15.485 -9704065.58 24789280.75 2710071.37 58 188
200038 21070371.24 109405666.473992 -1492.78 47 2.859 15.486 -9704415.74 24789435.14 2706937.07 58 188
200039 21070655.39 109405666.473992 -1493.53 47 2.859 15.488 -9704765.73 24789589.20 2703802.72 58 188
200047 21072933.43 109405666.473992 -1496.93 46 2.861 15.498 -9707559.44 24790809.66 2678725.88 58 188
200048 21073218.32 109405666.473992 -1497.46 47 2.861 15.499 -9707907.87 24790960.71 2675591.02 58 188
200049 21073503.59 109405666.473992 -1499.13 47 2.862 15.501 -9708256.14 24791111.44 2672456.11 58 188
200050 21073788.90 109405666.473992 -1498.69 46 2.862 15.502 -9708604.23 24791261.83 2669321.14 58 188
200051 21074074.51 109405666.473992 -1500.32 46 2.862 15.503 -9708952.15 24791411.89 2666186.12 58 188
200052 21074360.03 109405666.473992 -1500.46 47 2.862 15.505 -9709299.90 24791561.62 2663051.04 58 188
200059 21076361.13 109405666.473992 -1502.67 47 2.864 15.514 -9711729.31 24792600.36 2641103.94 58 188
200060 21076647.38 109405666.473992 -1504.04 47 2.864 15.515 -9712075.68 24792747.42 2637968.42 58 188
200061 21076933.41 109405666.473992 -1505.80 47 2.865 15.517 -9712421.88 24792894.14 2634832.84 58 188
200062 21077219.43 109405666.473992 -1506.69 47 2.865 15.518 -9712767.91 24793040.53 2631697.21 58 188
200063 21077506.07 109405666.473992 -1507.73 47 2.865 15.519 -9713113.76 24793186.59 2628561.52 58 188
200068 21078937.76 109405666.473992 -1506.89 46 2.866 15.526 -9714840.46 24793911.87 2612882.28 58 188
200069 21079224.36 109405666.473992 -1507.98 47 2.867 15.527 -9715185.29 24794055.93 2609746.27 58 188
200070 21079511.22 109405666.473992 -1508.85 47 2.867 15.529 -9715529.94 24794199.65 2606610.20 58 188
200071 21079798.49 109405666.473992 -1510.79 46 2.867 15.530 -9715874.42 24794343.04 2603474.08 58 188
200078 21081811.32 109405666.473992 -1513.79 46 2.869 15.539 -9718281.01 24795337.40 2581519.72 58 188
200079 21082099.46 109405666.473992 -1513.94 47 2.869 15.541 -9718624.12 24795478.12 2578383.17 58 188
200080 21082387.85 109405666.473992 -1513.86 47 2.870 15.542 -9718967.06 24795618.50 2575246.56 58 188
200081 21082676.14 109405666.473992 -1514.21 47 2.870 15.543 -9719309.83 24795758.54 2572109.90 58 188
200082 21082964.73 109405666.473992 -1516.30 47 2.870 15.545 -9719652.43 24795898.26 2568973.19 58 188
200091 21085565.91 109405666.473992 -1519.10 47 2.872 15.557 -9722728.14 24797140.63 2540740.37 57 188
200092 21085854.87 109405666.473992 -1519.64 47 2.873 15.558 -9723069.03 24797277.00 2537603.12 57 188
200093 21086144.11 109405666.473992 -1520.37 47 2.873 15.559 -9723409.75 24797413.04 2534465.82 57 188
200094 21086433.25 109405666.473992 -1520.32 47 2.873 15.561 -9723750.30 24797548.74 2531328.47 57 188
200102 21088753.75 109405666.473992 -1526.62 47 2.875 15.572 -9726468.58 24798622.29 2506227.77 57 187
200103 21089044.83 109405666.473992 -1527.63 47 2.876 15.573 -9726807.59 24798754.98 2503089.95 57 187
200104 21089335.97 109405666.473992 -1528.07 47 2.876 15.574 -9727146.44 24798887.34 2499952.08 57 187
200105 21089626.97 109405666.473992 -1528.56 47 2.876 15.576 -9727485.12 24799019.36 2496814.15 57 187
200106 21089917.50 109405666.473992 -1526.66 47 2.876 15.577 -9727823.63 24799151.04 2493676.17 57 187
200106 21090208.08 109405666.473992 -1526.35 47 2.876 15.577 -9727823.63 24799151.04 2493676.17 57 187
200108 21090498.75 109405666.473992 -1525.82 46 2.877 15.580 -9728500.14 24799413.40 2487400.06 57 187
200117 21093122.22 109405666.473992 -1532.62 47 2.879 15.592 -9731536.02 24800577.45 2459154.99 57 187
200118 21093413.79 109405666.473992 -1532.26 47 2.880 15.593 -9731872.49 24800705.11 2456016.40 57 187
200119 21093705.87 109405666.473992 -1533.57 47 2.880 15.595 -9732208.79 24800832.44 2452877.75 57 187
