199376 23035500.76 119934733.134803 -2676.53 38 5.758 23.239 -15334096.16 -566014.53 21514768.36 24 42
199377 23036010.67 119934733.134803 -2677.76 38 5.760 23.241 -15333054.60 -568573.50 21515450.47 24 42
199378 23036521.19 119934733.134803 -2679.70 38 5.761 23.242 -15332013.17 -571132.61 21516132.12 24 42
199379 23037031.60 119934733.134803 -2680.47 38 5.762 23.244 -15330971.86 -573691.87 21516813.29 24 42
199380 23037542.00 119934733.134803 -2680.75 38 5.764 23.246 -15329930.68 -576251.27 21517494.01 24 42
199381 23038052.37 119934733.134803 -2680.70 38 5.765 23.248 -15328889.62 -578810.81 21518174.26 24 42
199382 23038562.38 119934733.134803 -2680.03 38 5.766 23.250 -15327848.68 -581370.49 21518854.04 24 42
199386 23040601.06 119934733.134803 -2680.25 38 5.772 23.258 -15323686.17 -591610.64 21521568.53 24 42
199387 23041111.05 119934733.134803 -2681.24 38 5.773 23.260 -15322645.86 -594171.04 21522245.99 24 42
199388 23041621.18 119934733.134803 -2680.95 38 5.774 23.262 -15321605.66 -596731.57 21522922.99 24 42
199389 23042131.76 119934733.134803 -2682.70 38 5.776 23.264 -15320565.60 -599292.25 21523599.52 24 42
199395 23045195.15 119934733.634803 -2684.14 38 5.784 23.276 -15314327.79 -614659.29 21527648.94 24 42
199396 23045706.11 119934733.634803 -2685.44 38 5.785 23.278 -15313288.59 -617220.96 21528322.22 24 42
199397 23046216.80 119934733.634803 -2687.05 38 5.786 23.280 -15312249.52 -619782.78 21528995.03 24 42
199398 23046727.90 119934733.634803 -2687.27 38 5.788 23.282 -15311210.57 -622344.73 21529667.37 24 42
199402 23048770.82 119934733.634803 -2685.45 38 5.793 23.290 -15307056.01 -632593.95 21532352.11 24 42
199404 23049793.04 119934733.634803 -2687.07 37 5.796 23.294 -15304979.48 -637719.41 21533691.69 24 42
199405 23050304.17 119934733.634803 -2687.52 37 5.797 23.296 -15303941.40 -640282.35 21534360.78 24 42
199406 23050815.22 119934733.134803 -2688.46 37 5.798 23.298 -15302903.44 -642845.44 21535029.40 24 42
199407 23051326.54 119934733.134803 -2690.47 37 5.800 23.300 -15301865.61 -645408.66 21535697.56 24 42
199413 23054399.40 119934733.134803 -2690.41 38 5.808 23.311 -15295641.26 -660790.95 21539696.76 24 42
199414 23054911.98 119934733.134803 -2692.64 38 5.809 23.313 -15294604.30 -663355.16 21540361.66 24 42
199415 23055424.66 119934733.134803 -2692.60 38 5.811 23.315 -15293567.47 -665919.51 21541026.10 24 42
199416 23055937.25 119934733.134803 -2692.23 37 5.812 23.317 -15292530.77 -668484.00 21541690.08 24 42
199417 23056449.74 119934733.134803 -2693.06 37 5.813 23.319 -15291494.19 -671048.63 21542353.59 24 42
199418 23056962.53 119934733.134803 -2694.21 38 5.815 23.321 -15290457.73 -673613.40 21543016.63 24 42
199426 23061068.71 119934733.134803 -2696.42 38 5.826 23.337 -15282170.61 -694136.59 21548304.23 24 42
199427 23061582.16 119934733.134803 -2696.80 38 5.827 23.339 -15281135.28 -696702.62 21548963.08 24 42
199428 23062095.50 119934733.134803 -2696.59 37 5.828 23.341 -15280100.08 -699268.79 21549621.47 24 42
199429 23062609.20 119934733.134803 -2697.91 37 5.830 23.343 -15279065.00 -701835.10 21550279.40 24 42
199430 23063122.93 119934733.134803 -2697.70 37 5.831 23.345 -15278030.05 -704401.55 21550936.86 24 42
199437 23066722.26 119934733.134803 -2699.95 37 5.841 23.359 -15270788.92 -722370.58 21555526.04 24 42
199438 23067236.87 119934733.134803 -2702.39 37 5.842 23.361 -15269754.98 -724938.14 21556179.77 24 42
199439 23067751.72 119934733.134803 -2703.32 37 5.843 23.363 -15268721.16 -727505.84 21556833.04 24 42
199440 23068266.25 119934733.134803 -2703.53 38 5.845 23.365 -15267687.47 -730073.68 21557485.85 24 42
199441 23068780.81 119934733.134803 -2704.18 38 5.846 23.367 -15266653.90 -732641.66 21558138.18 24 42
199442 23069295.08 119934733.134803 -2702.58 38 5.847 23.369 -15265620.46 -735209.78 21558790.06 24 42
199446 23071352.81 119934733.134803 -2703.80 38 5.853 23.376 -15261487.97 -745483.63 21561392.89 24 42
199447 23071867.91 119934733.134803 -2705.97 38 5.854 23.378 -15260455.16 -748052.44 21562042.44 24 42
199448 23072383.32 119934733.134803 -2706.94 38 5.856 23.381 -15259422.47 -750621.39 21562691.52 24 42
199449 23072898.62 119934733.134803 -2707.21 38 5.857 23.383 -15258389.92 -753190.48 21563340.13 24 42
199450 23073413.84 119934733.134803 -2707.77 37 5.858 23.385 -15257357.49 -755759.70 21563988.28 24 42
199451 23073929.15 119934733.134803 -2708.29 37 5.860 23.386 -15256325.18 -758329.07 21564635.96 24 42
199456 23076503.21 119934733.134803 -2707.75 38 5.867 23.396 -15251165.56 -771177.96 21567867.38 24 42
199457 23077018.40 119934733.134803 -2708.93 38 5.868 23.398 -15250134.02 -773748.15 21568512.27 24 42
199458 23077533.91 119934733.134803 -2710.60 38 5.869 23.400 -15249102.60 -776318.48 21569156.69 24 42
199459 23078049.71 119934733.134803 -2710.84 38 5.871 23.402 -15248071.31 -778888.94 21569800.64 24 42
199460 23078565.42 119934733.134803 -2711.15 38 5.872 23.404 -15247040.14 -781459.55 21570444.13 24 42
199465 23081143.50 119934733.134803 -2710.18 38 5.879 23.414 -15241886.22 -794314.64 21573654.59 24 42
199466 23081659.42 119934733.134803 -2711.99 38 5.881 23.416 -15240855.82 -796886.07 21574295.29 24 42
199467 23082175.23 119934733.134803 -2711.62 38 5.882 23.418 -15239825.54 -799457.64 21574935.52 24 42
199468 23082691.04 119934733.134803 -2711.98 38 5.883 23.420 -15238795.39 -802029.34 21575575.28 24 42
199469 23083207.56 119934733.134803 -2714.14 38 5.885 23.422 -15237765.37 -804601.18 21576214.57 24 42
199475 23086306.61 119934733.134803 -2714.56 38 5.893 23.434 -15231587.90 -820035.11 21580040.57 24 42
199476 23086823.23 119934733.134803 -2715.69 38 5.895 23.436 -15230558.77 -822607.91 21580676.60 24 42
199477 23087340.12 119934733.134803 -2717.51 38 5.896 23.438 -15229529.77 -825180.85 21581312.17 24 42
199478 23087857.12 119934733.134803 -2717.96 38 5.897 23.440 -15228500.89 -827753.92 21581947.27 24 42
199479 23088374.44 119934733.134803 -2718.47 38 5.899 23.442 -15227472.14 -830327.14 21582581.91 24 42
199484 23090960.10 119934733.134803 -2719.18 38 5.906 23.452 -15222330.30 -843195.23 21585748.09 24 42
199485 23091477.87 119934733.134803 -2720.42 38 5.907 23.454 -15221302.32 -845769.26 21586379.93 24 42
199486 23091995.43 119934733.134803 -2720.94 38 5.909 23.456 -15220274.46 -848343.43 21587011.30 24 42
199487 23092512.99 119934733.134803 -2721.37 38 5.910 23.458 -15219246.73 -850917.73 21587642.21 24 42
199488 23093030.67 119934733.134803 -2721.98 38 5.911 23.460 -15218219.13 -853492.16 21588272.65 24 42
199489 23093548.16 119934733.134803 -2719.88 37 5.913 23.462 -15217191.66 -856066.74 21588902.63 24 42
199490 23094583.28 119934733.134803 -2720.38 37 5.916 23.466 -15215137.09 -861216.29 21590161.18 24 42
199494 23096137.13 119934733.134803 -2722.34 37 5.920 23.472 -15212056.21 -868941.64 21592045.50 24 42
199495 23096655.58 119934733.134803 -2723.72 37 5.921 23.473 -15211029.50 -871517.03 21592672.68 24 42
199496 23097174.28 119934733.134803 -2724.26 38 5.923 23.476 -15210002.92 -874092.55 21593299.39 24 42
199497 23097692.97 119934733.134803 -2723.97 38 5.924 23.478 -15208976.47 -876668.21 21593925.63 24 42
199498 23098211.59 119934733.134803 -2724.34 38 5.926 23.480 -15207950.15 -879244.00 21594551.41 24 42
199499 23098729.74 119934733.134803 -2722.74 38 5.927 23.481 -15206923.96 -881819.93 21595176.72 24 42
199504 23101322.77 119934733.134803 -2725.40 38 5.934 23.491 -15201794.91 -894701.60 21598296.28 24 42
199505 23101841.84 119934733.134803 -2726.64 38 5.935 23.493 -15200769.49 -897278.34 21598918.79 24 42
199506 23102360.89 119934733.134803 -2726.25 38 5.937 23.495 -15199744.19 -899855.22 21599540.84 24 42
199507 23102879.69 119934733.134803 -2726.86 37 5.938 23.497 -15198719.02 -902432.23 21600162.42 24 42
199514 23106515.53 119934733.634803 -2728.82 37 5.948 23.511 -15191546.45 -920475.07 21604500.41 24 42
199515 23107034.54 119934733.634803 -2728.41 37 5.950 23.513 -15190522.32 -923053.16 21605118.26 24 42
199516 23107553.81 119934733.634803 -2729.32 37 5.951 23.515 -15189498.31 -925631.38 21605735.64 24 42
199517 23108073.39 119934733.634803 -2730.06 37 5.953 23.517 -15188474.43 -928209.73 21606352.55 24 42
199524 23111711.96 119934733.634803 -2734.94 38 5.963 23.531 -15181310.87 -946261.97 21610657.88 24 42
199525 23112232.50 119934733.634803 -2734.85 38 5.964 23.533 -15180288.02 -948841.40 21611271.07 24 42
199526 23112752.53 119934733.634803 -2733.45 38 5.965 23.535 -15179265.30 -951420.96 21611883.78 24 42
199527 23113272.37 119934733.634803 -2732.81 38 5.967 23.537 -15178242.71 -954000.66 21612496.03 24 42
199528 23113792.71 119934733.634803 -2734.02 38 5.968 23.539 -15177220.25 -956580.49 21613107.81 24 42
199536 23117958.80 119934733.634803 -2736.42 37 5.980 23.555 -15169045.22 -977223.91 21617985.25 23 42
199537 23118479.41 121488432.251817 -2737.01 37 5.981 23.557 -15168023.92 -979804.94 21618592.82 23 42
199538 23119000.32 121491169.924458 -2738.17 37 5.983 23.559 -15167002.75 -982386.10 21619199.94 23 42
199539 23119521.44 121491169.924458 -2738.50 37 5.984 23.561 -15165981.71 -984967.40 21619806.58 23 42
199546 23123170.95 121491169.924458 -2740.20 37 5.994 23.575 -15158838.08 -1003040.17 21624040.03 23 42
199547 23123692.52 121491169.924458 -2740.12 37 5.996 23.577 -15157818.09 -1005622.53 21624642.94 23 42
199548 23124214.03 121491169.924458 -2740.79 37 5.997 23.579 -15156798.22 -1008205.01 21625245.38 23 42
199549 23124735.96 121491169.924458 -2742.20 37 5.999 23.581 -15155778.48 -1010787.63 21625847.35 23 42
199556 23128393.18 121491169.924458 -2747.08 36 6.009 23.595 -15148643.94 -1028869.67 21630048.11 23 42
199557 23128915.65 121491169.924458 -2745.58 36 6.010 23.597 -15147625.24 -1031453.35 21630646.35 23 42
199558 23129437.94 121491169.924458 -2744.57 37 6.012 23.599 -15146606.68 -1034037.16 21631244.12 23 42
199559 23129960.39 121491169.924458 -2745.08 37 6.013 23.601 -15145588.24 -1036621.10 21631841.42 23 42
199560 23130482.90 121491169.924458 -2746.82 37 6.015 23.603 -15144569.93 -1039205.17 21632438.26 23 42
199566 23133621.58 121491169.924458 -2747.61 37 6.024 23.615 -15138462.83 -1054712.36 21636009.48 23 42
199567 23134144.81 121491169.924458 -2748.48 37 6.025 23.617 -15137445.44 -1057297.35 21636603.04 23 42
199568 23134668.00 121491169.924458 -2748.72 37 6.027 23.619 -15136428.17 -1059882.47 21637196.14 23 42
199569 23135191.20 121491169.924458 -2749.27 37 6.028 23.620 -15135411.04 -1062467.72 21637788.78 23 42
199570 23135714.77 121491169.924458 -2750.23 37 6.030 23.622 -15134394.04 -1065053.11 21638380.94 23 42
199579 23140430.67 121491169.924458 -2753.09 37 6.043 23.640 -15125246.91 -1088327.45 21643689.40 23 42
199580 23140954.67 121491169.924458 -2753.29 37 6.044 23.642 -15124231.22 -1090914.15 21644276.89 23 42
199581 23141478.96 121491169.924458 -2754.82 37 6.046 23.644 -15123215.66 -1093500.97 21644863.92 23 42
199582 23142003.11 121491169.924458 -2754.87 37 6.047 23.646 -15122200.23 -1096087.92 21645450.47 23 42
199583 23142527.08 121491169.924458 -2753.97 37 6.049 23.648 -15121184.93 -1098675.00 21646036.56 23 42
199591 23146724.27 121491169.924458 -2757.85 38 6.061 23.664 -15113067.27 -1119376.34 21650708.45 23 42
199592 23147249.12 121491169.924458 -2758.25 38 6.062 23.666 -15112053.15 -1121964.59 21651290.33 23 42
199593 23147773.99 121491169.924458 -2757.81 38 6.064 23.668 -15111039.17 -1124552.98 21651871.75 23 42
199594 23148299.23 121491169.924458 -2759.89 38 6.065 23.670 -15110025.32 -1127141.49 21652452.70 23 42
199595 23148824.53 121491169.924458 -2761.15 38 6.067 23.672 -15109011.59 -1129730.13 21653033.18 23 42
199596 23149350.14 121491169.924458 -2761.34 37 6.068 23.674 -15107998.00 -1132318.90 21653613.19 23 42
199597 23149875.54 121491169.924458 -2761.78 37 6.070 23.676 -15106984.55 -1134907.80 21654192.73 23 42
199604 23153554.14 121491169.924458 -2764.01 37 6.080 23.690 -15099894.03 -1153033.71 21658236.45 23 42
199605 23154079.46 121491169.924458 -2762.60 37 6.082 23.692 -15098881.63 -1155623.64 21658812.25 23 42
199606 23154604.89 121491169.924458 -2761.79 36 6.083 23.694 -15097869.36 -1158213.70 21659387.59 23 42
199607 23155130.35 121491169.924458 -2762.74 36 6.085 23.696 -15096857.22 -1160803.89 21659962.45 23 42
199608 23155655.97 121491169.924458 -2763.31 36 6.086 23.698 -15095845.21 -1163394.21 21660536.85 23 42
199613 23158814.17 121491169.924458 -2767.41 37 6.095 23.710 -15089775.94 -1178938.82 21663973.43 23 42
199616 23159867.12 121491169.924458 -2765.45 37 6.098 23.714 -15087753.91 -1184121.39 21665115.21 23 42
199617 23160393.56 121491169.924458 -2766.65 37 6.100 23.716 -15086743.10 -1186712.86 21665685.40 23 42
199618 23160920.06 121491169.924458 -2766.55 37 6.101 23.718 -15085732.41 -1189304.47 21666255.12 23 42
199619 23161446.61 121491169.924458 -2767.08 37 6.103 23.720 -15084721.86 -1191896.20 21666824.37 23 42
199627 23165664.64 121491169.924458 -2770.54 37 6.115 23.736 -15076642.22 -1212634.64 21671361.56 23 41
199628 23166191.81 121491169.924458 -2770.25 36 6.117 23.738 -15075632.86 -1215227.52 21671926.60 23 41
199629 23166718.96 121491169.924458 -2770.43 36 6.118 23.740 -15074623.64 -1217820.53 21672491.17 23 41
199630 23167246.43 121491169.924458 -2772.21 35 6.120 23.742 -15073614.54 -1220413.66 21673055.28 23 41
199631 23167773.83 121491169.924458 -2771.58 35 6.121 23.744 -15072605.58 -1223006.93 21673618.92 23 41
199638 23171470.44 121491169.924458 -2773.69 37 6.132 23.758 -15065546.59 -1241163.32 21677551.28 23 41
199639 23171998.43 121491169.924458 -2774.23 37 6.133 23.760 -15064538.70 -1243757.60 21678111.17 23 41
199640 23172526.31 121491169.924458 -2774.86 38 6.135 23.762 -15063530.94 -1246352.00 21678670.60 23 41
199641 23173054.48 121491169.924458 -2776.61 38 6.137 23.764 -15062523.31 -1248946.53 21679229.56 23 41
199642 23173583.24 121491169.924458 -2777.69 37 6.138 23.766 -15061515.82 -1251541.19 21679788.05 23 41
199649 23177281.94 121491169.924458 -2780.00 37 6.149 23.780 -15054467.09 -1269707.34 21683684.36 23 41
199650 23177810.55 121491169.924458 -2780.75 37 6.150 23.782 -15053460.66 -1272303.01 21684239.10 23 41
199651 23178339.30 121491169.924458 -2781.13 37 6.152 23.784 -15052454.36 -1274898.80 21684793.38 23 41
199652 23178867.99 121491169.924458 -2781.24 37 6.154 23.786 -15051448.20 -1277494.73 21685347.19 23 41
199653 23179396.76 121491169.924458 -2780.21 37 6.155 23.788 -15050442.18 -1280090.77 21685900.53 23 41
199654 23179925.59 121491169.924458 -2779.91 37 6.156 23.790 -15049436.29 -1282686.95 21686453.40 23 41
199659 23182570.55 121491169.924458 -2781.92 37 6.164 23.800 -15044408.83 -1295669.70 21689210.72 23 41
199660 23183100.14 121491169.924458 -2783.61 37 6.165 23.802 -15043403.74 -1298266.62 21689760.78 23 41
199661 23183629.90 121491169.924458 -2784.28 37 6.167 23.804 -15042398.78 -1300863.68 21690310.38 23 41
199662 23184159.87 121491169.924458 -2784.85 36 6.169 23.806 -15041393.96 -1303460.85 21690859.50 23 41
199663 23184689.94 121491169.924458 -2784.90 36 6.170 23.808 -15040389.27 -1306058.16 21691408.16 23 41
199664 23185219.82 121491169.924458 -2783.27 37 6.172 23.810 -15039384.72 -1308655.58 21691956.34 23 41
199671 23188930.91 121491169.924458 -2786.21 37 6.183 23.824 -15032356.60 -1326841.09 21695780.53 23 41
199672 23189461.37 121491169.924458 -2786.87 37 6.184 23.826 -15031353.12 -1329439.51 21696324.97 23 41
199673 23189991.74 121491169.924458 -2786.02 37 6.186 23.828 -15030349.78 -1332038.07 21696868.94 23 41
199674 23190522.38 121491169.924458 -2787.40 37 6.187 23.830 -15029346.56 -1334636.74 21697412.45 23 41
199675 23191053.24 121491169.924458 -2789.02 37 6.189 23.832 -15028343.49 -1337235.55 21697955.48 23 41
199682 23194770.46 121491169.924458 -2789.50 37 6.200 23.846 -15021325.72 -1355430.64 21701743.60 23 41
199683 23195301.49 121491169.924458 -2790.05 37 6.202 23.848 -15020323.72 -1358030.44 21702282.88 23 41
199684 23195832.51 121491169.924458 -2790.36 37 6.203 23.850 -15019321.85 -1360630.36 21702821.70 23 41
199685 23196363.62 121491169.924458 -2790.88 37 6.205 23.852 -15018320.12 -1363230.41 21703360.05 23 41
199686 23196894.84 121491169.924458 -2791.48 37 6.206 23.854 -15017318.53 -1365830.57 21703897.92 23 41
199693 23200615.57 121491169.924458 -2793.41 36 6.217 23.868 -15010311.14 -1384035.22 21707649.96 23 41
199694 23201147.43 121491169.924458 -2795.40 36 6.219 23.870 -15009310.62 -1386636.38 21708184.08 23 41
199695 23201679.75 121491169.924458 -2796.57 36 6.221 23.872 -15008310.24 -1389237.66 21708717.75 23 41
199696 23202212.12 121491169.924458 -2796.93 36 6.222 23.874 -15007310.00 -1391839.06 21709250.94 23 41
199697 23202744.58 121491169.924458 -2797.12 36 6.224 23.876 -15006309.88 -1394440.59 21709783.66 22 41
199698 23203277.20 121491169.924458 -2797.66 36 6.225 23.878 -15005309.91 -1397042.24 21710315.91 22 41
199699 23203809.74 121491169.924458 -2797.87 37 6.227 23.880 -15004310.07 -1399644.01 21710847.70 22 41
199705 23207002.54 121491169.924458 -2798.01 36 6.237 23.892 -14998313.88 -1415257.23 21714028.57 22 41
199706 23207535.39 121491169.924458 -2799.98 37 6.238 23.894 -14997314.98 -1417859.87 21714557.07 22 41
199707 23208068.36 121491169.924458 -2801.20 37 6.240 23.896 -14996316.23 -1420462.62 21715085.11 22 41
199708 23208599.88 121491169.924458 -2793.89 37 6.241 23.898 -14995317.61 -1423065.50 21715612.67 22 41
199709 23209132.92 121491169.924458 -2802.72 36 6.243 23.900 -14994319.12 -1425668.50 21716139.77 22 41
199710 23209666.00 121491169.924458 -2801.23 36 6.245 23.902 -14993320.77 -1428271.63 21716666.40 22 41
199711 23210198.72 121491169.924458 -2799.55 36 6.246 23.904 -14992322.56 -1430874.87 21717192.56 22 41
199717 23213396.13 121491169.924458 -2803.10 37 6.256 23.916 -14986336.13 -1446496.91 21720339.66 22 41
199718 23213929.57 121491169.924458 -2804.59 37 6.258 23.918 -14985338.87 -1449101.02 21720862.54 22 41
199719 23214462.89 121491169.924458 -2805.06 36 6.259 23.920 -14984341.74 -1451705.24 21721384.95 22 41
199720 23214996.51 121491169.924458 -2805.56 36 6.261 23.922 -14983344.75 -1454309.58 21721906.88 22 41
199721 23215529.90 121491169.924458 -2804.49 36 6.262 23.924 -14982347.89 -1456914.05 21722428.35 22 41
199722 23216063.14 121491169.924458 -2803.20 36 6.264 23.926 -14981351.17 -1459518.64 21722949.35 22 41
199730 23220334.95 121491169.924458 -2806.18 37 6.277 23.942 -14973382.33 -1480359.71 21727100.47 22 41
199731 23220869.07 121491169.924458 -2806.77 37 6.279 23.944 -14972386.83 -1482965.39 21727617.25 22 41
199732 23221403.23 121491169.924458 -2807.30 37 6.280 23.945 -14971391.48 -1485571.19 21728133.55 22 41
199733 23221937.38 121491169.924458 -2807.93 37 6.282 23.948 -14970396.26 -1488177.11 21728649.39 22 41
199734 23222471.73 121491169.924458 -2808.26 37 6.283 23.950 -14969401.17 -1490783.15 21729164.77 22 41
199736 23224075.97 121491169.924458 -2810.83 37 6.288 23.956 -14966416.74 -1498602.01 21730708.06 22 41
199742 23226750.29 121491169.924458 -2811.22 36 6.297 23.966 -14961445.42 -1511635.84 21733270.84 22 41
199743 23227285.45 121491169.924458 -2810.93 36 6.298 23.968 -14960451.57 -1514242.97 21733781.99 22 41
199744 23227820.83 121491169.924458 -2811.54 37 6.300 23.969 -14959457.85 -1516850.22 21734292.66 22 41
199745 23228356.42 121491169.924458 -2812.58 37 6.301 23.972 -14958464.27 -1519457.59 21734802.87 22 41
199746 23228892.00 121491169.924458 -2813.42 37 6.303 23.974 -14957470.83 -1522065.08 21735312.61 22 41
199754 23233178.59 121491169.924458 -2814.74 36 6.316 23.990 -14949528.22 -1542929.31 21739373.63 22 41
199755 23233714.52 121491169.924458 -2815.33 36 6.318 23.992 -14948536.01 -1545537.88 21739879.15 22 41
199756 23234250.48 121491169.924458 -2815.40 37 6.319 23.993 -14947543.94 -1548146.56 21740384.19 22 41
199757 23234786.43 121491169.924458 -2815.97 37 6.321 23.996 -14946552.00 -1550755.37 21740888.77 22 41
199758 23235322.41 121491169.924458 -2816.66 37 6.323 23.998 -14945560.20 -1553364.30 21741392.88 22 41
199759 23235858.69 121491169.924458 -2818.36 37 6.324 24.000 -14944568.54 -1555973.34 21741896.51 22 41
199765 23239077.12 121491169.924458 -2818.50 37 6.334 24.012 -14938621.47 -1571630.12 21744908.48 22 41
199766 23239613.89 121491169.924458 -2820.63 37 6.336 24.014 -14937630.77 -1574240.00 21745408.83 22 41
199767 23240150.73 121491169.924458 -2821.33 37 6.338 24.016 -14936640.21 -1576849.99 21745908.71 22 41
199768 23240687.65 121491169.924458 -2821.75 37 6.339 24.017 -14935649.78 -1579460.11 21746408.13 22 41
199769 23241224.48 121491169.924458 -2821.01 37 6.341 24.020 -14934659.50 -1582070.35 21746907.07 22 41
199770 23241760.93 121491169.924458 -2819.96 37 6.343 24.022 -14933669.35 -1584680.70 21747405.54 22 41
199771 23242297.22 121491169.924458 -2819.54 36 6.344 24.024 -14932679.34 -1587291.17 21747903.54 22 41
199779 23246592.19 121491169.924458 -2817.71 37 6.358 24.039 -14924764.22 -1608179.22 21751870.67 22 41
199780 23247129.95 121491169.924458 -2826.04 37 6.359 24.042 -14923775.45 -1610790.76 21752364.44 22 41
199781 23247667.27 121491169.924458 -2824.93 37 6.361 24.044 -14922786.82 -1613402.41 21752857.75 22 41
199784 23249279.33 121491169.924458 -2824.68 37 6.366 24.050 -14919821.76 -1621238.09 21754334.85 22 41
199785 23249816.83 121491169.924458 -2824.62 36 6.368 24.052 -14918833.68 -1623850.22 21754826.28 22 41
199786 23250354.62 121491169.924458 -2826.44 36 6.369 24.054 -14917845.74 -1626462.46 21755317.24 22 41
199787 23250892.70 121491169.924458 -2827.75 37 6.371 24.055 -14916857.94 -1629074.82 21755807.73 22 41
199788 23251430.79 121491169.924458 -2828.14 37 6.373 24.058 -14915870.28 -1631687.30 21756297.75 22 41
199789 23251969.10 121491169.924458 -2828.48 37 6.374 24.060 -14914882.75 -1634299.90 21756787.30 22 41
199790 23252507.48 121491169.924458 -2828.81 37 6.376 24.062 -14913895.37 -1636912.61 21757276.38 22 41
199791 23253045.76 121491169.924458 -2827.64 37 6.378 24.063 -14912908.12 -1639525.45 21757764.99 22 41
199792 23253583.87 121491169.924458 -2828.10 37 6.379 24.066 -14911921.01 -1642138.40 21758253.13 22 41
199793 23254122.02 121491169.924458 -2828.06 37 6.381 24.068 -14910934.04 -1644751.46 21758740.80 22 41
199794 23254660.48 121491169.924458 -2828.31 37 6.383 24.070 -14909947.20 -1647364.65 21759228.00 22 41
199795 23255199.14 121491169.924458 -2829.75 37 6.385 24.071 -14908960.51 -1649977.95 21759714.73 22 41
199803 23259509.22 121491169.924458 -2830.49 36 6.398 24.088 -14901071.94 -1670888.56 21763591.66 22 41
199804 23260048.06 121491169.924458 -2831.46 36 6.400 24.090 -14900086.50 -1673502.92 21764074.16 22 41
199805 23260586.98 121491169.924458 -2831.94 36 6.401 24.092 -14899101.19 -1676117.38 21764556.19 22 41
199806 23261126.30 121491169.924458 -2833.97 36 6.403 24.093 -14898116.02 -1678731.97 21765037.75 22 41
199807 23261665.59 121491169.924458 -2834.45 36 6.405 24.096 -14897130.99 -1681346.67 21765518.84 22 41
199817 23267064.58 121491169.924458 -2837.47 37 6.422 24.116 -14887288.35 -1707500.07 21770303.91 22 41
199818 23267605.08 121491169.924458 -2838.53 37 6.424 24.117 -14886304.85 -1710116.05 21770779.83 22 41
199819 23268145.08 121491169.924458 -2836.88 37 6.425 24.120 -14885321.49 -1712732.14 21771255.29 22 41
199820 23268685.27 121491169.924458 -2837.72 36 6.427 24.122 -14884338.27 -1715348.35 21771730.27 22 41
199821 23269225.33 121491169.924458 -2837.41 36 6.429 24.124 -14883355.19 -1717964.67 21772204.78 22 41
199822 23269765.65 121491169.924458 -2838.57 36 6.430 24.125 -14882372.25 -1720581.11 21772678.82 22 41
199823 23270305.93 121491169.924458 -2839.52 36 6.432 24.128 -14881389.45 -1723197.66 21773152.39 22 41
199832 23275171.85 121491169.924458 -2841.57 36 6.448 24.146 -14872550.51 -1746751.83 21777393.38 22 41
199833 23275712.23 121491169.924458 -2840.53 36 6.449 24.147 -14871569.10 -1749369.54 21777862.25 22 41
199834 23276252.89 121491169.924458 -2841.36 36 6.451 24.150 -14870587.84 -1751987.36 21778330.65 22 41
199835 23276793.34 121491169.924458 -2841.49 36 6.453 24.152 -14869606.71 -1754605.29 21778798.58 22 41
199845 23282208.15 121491169.924458 -2845.77 36 6.470 24.172 -14859803.15 -1780790.92 21783452.01 22 41
199846 23282749.84 121491169.924458 -2845.49 36 6.472 24.174 -14858823.57 -1783410.11 21783914.76 22 41
199847 23283291.71 121491169.924458 -2846.32 36 6.474 24.176 -14857844.12 -1786029.41 21784377.05 22 41
199848 23283833.65 121491169.924458 -2846.76 37 6.475 24.177 -14856864.82 -1788648.83 21784838.87 22 41
199849 23284375.49 121491169.924458 -2846.69 37 6.477 24.180 -14855885.66 -1791268.36 21785300.21 22 41
199850 23284917.58 121491169.924458 -2847.57 37 6.479 24.182 -14854906.63 -1793888.01 21785761.09 22 41
199857 23288714.10 121491169.924458 -2850.26 37 6.491 24.196 -14848057.40 -1812228.70 21788974.04 21 41
199858 23289256.60 121491169.924458 -2849.33 37 6.493 24.198 -14847079.50 -1814849.25 21789431.15 21 41
199859 23289799.16 121491169.924458 -2849.96 37 6.494 24.199 -14846101.74 -1817469.92 21789887.79 21 41
199859 23290341.64 121491169.924458 -2850.37 37 6.494 24.199 -14846101.74 -1817469.92 21789887.79 21 41
199868 23294685.60 121491169.924458 -2853.24 36 6.510 24.218 -14837308.24 -1841060.98 21793976.40 21 41
199869 23295228.57 121491169.924458 -2853.22 37 6.512 24.220 -14836331.89 -1843682.77 21794428.33 21 41
199870 23295771.51 121491169.924458 -2853.28 37 6.514 24.221 -14835355.68 -1846304.68 21794879.80 21 41
199871 23296314.44 121491169.924458 -2853.65 37 6.516 24.224 -14834379.61 -1848926.70 21795330.79 21 41
199872 23296857.59 121491169.924458 -2854.47 37 6.517 24.226 -14833403.68 -1851548.83 21795781.32 21 41
199880 23301207.78 121491169.924458 -2857.06 37 6.531 24.242 -14825601.34 -1872529.90 21799368.57 21 41
199881 23301751.62 121491169.924458 -2857.67 37 6.533 24.243 -14824626.68 -1875153.03 21799814.86 21 41
199882 23302295.57 121491169.924458 -2857.53 37 6.535 24.246 -14823652.17 -1877776.28 21800260.68 21 41
199883 23302839.71 121491169.924458 -2858.59 37 6.537 24.248 -14822677.79 -1880399.64 21800706.03 21 41
199884 23303383.58 121491169.924458 -2858.35 37 6.539 24.250 -14821703.56 -1883023.11 21801150.91 21 41
199895 23309374.83 121491170.424458 -2864.69 36 6.558 24.272 -14810996.35 -1911888.64 21806013.49 21 41
199896 23309919.77 121491170.424458 -2863.56 36 6.560 24.273 -14810023.82 -1914513.45 21806452.71 21 41
199897 23310464.42 121491170.424458 -2861.46 36 6.562 24.276 -14809051.43 -1917138.36 21806891.47 21 41
199898 23311009.07 121491170.424458 -2862.04 36 6.564 24.278 -14808079.18 -1919763.39 21807329.76 21 41
199899 23311553.63 121491170.424458 -2861.97 36 6.565 24.280 -14807107.07 -1922388.53 21807767.57 21 41
199900 23312098.00 121491170.424458 -2862.29 36 6.567 24.281 -14806135.11 -1925013.77 21808204.92 21 41
199908 23316459.67 121491170.424458 -2865.33 36 6.582 24.298 -14798364.50 -1946019.72 21811686.73 21 41
199909 23317005.24 121491170.424458 -2867.57 36 6.583 24.300 -14797393.82 -1948645.96 21812119.84 21 41
199910 23317550.85 121491169.924458 -2867.76 36 6.585 24.302 -14796423.27 -1951272.31 21812552.47 21 41
199911 23318096.12 121491169.924458 -2866.97 36 6.587 24.303 -14795452.87 -1953898.77 21812984.64 21 41
199912 23318641.50 121491169.924458 -2867.58 36 6.589 24.306 -14794482.61 -1956525.33 21813416.33 21 41
199913 23319187.04 121491169.924458 -2868.37 36 6.591 24.308 -14793512.50 -1959152.01 21813847.55 21 41
199920 23323008.29 121491169.924458 -2871.03 36 6.603 24.322 -14786725.68 -1977541.82 21816852.93 21 41
199921 23323554.42 121491169.924458 -2870.07 36 6.605 24.324 -14785756.70 -1980169.38 21817280.39 21 41
199922 23324100.32 121491169.924458 -2870.75 36 6.607 24.325 -14784787.87 -1982797.04 21817707.37 21 41
199923 23324646.28 121491169.924458 -2870.26 36 6.609 24.328 -14783819.18 -1985424.81 21818133.89 21 41
199924 23325192.53 121491169.924458 -2871.13 36 6.611 24.330 -14782850.63 -1988052.69 21818559.93 21 41
199932 23329566.97 121491169.924458 -2873.78 35 6.625 24.346 -14775107.39 -2009079.64 21821951.31 21 41
199933 23330114.15 121491169.924458 -2875.52 35 6.627 24.347 -14774140.13 -2011708.50 21822373.11 21 41
199934 23330661.79 121491169.924458 -2876.08 35 6.629 24.350 -14773173.01 -2014337.47 21822794.44 21 41
199935 23331209.21 121491169.924458 -2876.52 35 6.631 24.352 -14772206.04 -2016966.54 21823215.30 21 41
199936 23331756.79 121491169.924458 -2876.93 36 6.633 24.353 -14771239.20 -2019595.72 21823635.69 21 41
199937 23332304.14 121491169.924458 -2875.20 36 6.634 24.355 -14770272.51 -2022225.01 21824055.61 21 41
199938 23332851.14 121491169.924458 -2874.74 36 6.636 24.358 -14769305.97 -2024854.41 21824475.06 21 41
199945 23336684.71 121491169.924458 -2880.09 35 6.649 24.371 -14762544.16 -2043263.22 21827397.99 21 41
199946 23337233.11 121491170.424458 -2881.46 35 6.651 24.374 -14761578.76 -2045893.49 21827813.67 21 41
199947 23337781.18 121491170.424458 -2880.54 35 6.653 24.375 -14760613.50 -2048523.85 21828228.88 21 41
199948 23338329.06 121491170.424458 -2879.63 35 6.655 24.377 -14759648.39 -2051154.33 21828643.61 21 41
199949 23338876.93 121491170.424458 -2878.58 35 6.657 24.380 -14758683.42 -2053784.91 21829057.87 21 41
199950 23339424.79 121491170.424458 -2879.41 35 6.658 24.381 -14757718.60 -2056415.60 21829471.67 21 41
199959 23344361.94 121491169.924458 -2882.44 35 6.675 24.399 -14749041.64 -2080096.64 21833174.59 21 41
199960 23344910.33 121491169.924458 -2881.87 35 6.677 24.402 -14748078.25 -2082728.40 21833583.67 21 41
199961 23345458.94 121491169.924458 -2882.79 35 6.679 24.403 -14747115.01 -2085360.27 21833992.28 21 41
199962 23346007.63 121491169.924458 -2883.56 36 6.681 24.405 -14746151.91 -2087992.24 21834400.41 21 41
199963 23346556.23 121491169.924458 -2883.13 36 6.683 24.407 -14745188.95 -2090624.32 21834808.08 21 41
199973 23352050.47 121491169.924458 -2889.19 35 6.701 24.427 -14735567.32 -2116950.96 21838858.80 21 41
199974 23352600.55 121491169.924458 -2889.64 36 6.703 24.429 -14734605.95 -2119584.21 21839261.28 21 41
199975 23353150.73 121491169.924458 -2890.20 36 6.705 24.431 -14733644.73 -2122217.56 21839663.29 21 41
199976 23353700.84 121491169.924458 -2889.62 36 6.707 24.433 -14732683.64 -2124851.02 21840064.83 21 41
199977 23354250.58 121491169.924458 -2887.73 36 6.709 24.435 -14731722.71 -2127484.58 21840465.89 21 41
199978 23354800.09 121491169.924458 -2887.59 36 6.711 24.437 -14730761.92 -2130118.25 21840866.48 21 41
199983 23358101.91 121491169.924458 -2891.98 35 6.722 24.449 -14725000.20 -2145922.48 21843260.14 21 40
199987 23359753.09 121491169.924458 -2891.89 35 6.728 24.455 -14722121.29 -2153826.02 21844450.61 21 40
199988 23360303.22 121491169.924458 -2892.38 35 6.730 24.457 -14721161.95 -2156460.74 21844846.48 21 40
199989 23360853.51 121491169.924458 -2892.32 35 6.732 24.459 -14720202.74 -2159095.57 21845241.89 21 40
199990 23361404.21 121491169.924458 -2894.07 34 6.734 24.461 -14719243.69 -2161730.50 21845636.83 21 40
199991 23361954.74 121491169.924458 -2893.29 34 6.736 24.463 -14718284.78 -2164365.53 21846031.29 21 40
199992 23362505.23 121491169.924458 -2893.17 34 6.737 24.465 -14717326.01 -2167000.67 21846425.28 21 40
199999 23366362.15 121491169.924458 -2894.40 35 6.751 24.479 -14710618.70 -2185449.58 21849170.01 21 40
200000 23366913.38 121491169.924458 -2895.28 35 6.753 24.481 -14709661.10 -2188085.55 21849560.23 21 40
200001 23367464.42 121491169.924458 -2895.09 35 6.755 24.483 -14708703.64 -2190721.63 21849949.98 21 40
200002 23368015.49 121491169.924458 -2895.62 35 6.757 24.485 -14707746.32 -2193357.82 21850339.25 21 40
200003 23368566.64 121491169.924458 -2896.34 36 6.758 24.487 -14706789.15 -2195994.10 21850728.06 21 40
200011 23372979.88 121491170.424458 -2900.77 35 6.774 24.503 -14699137.02 -2217088.13 21853821.50 21 40
200012 23373531.65 121491170.424458 -2899.68 35 6.776 24.505 -14698181.15 -2219725.35 21854206.06 21 40
200013 23374083.22 121491170.424458 -2898.87 35 6.778 24.507 -14697225.44 -2222362.67 21854590.15 21 40
200014 23374634.90 121491170.424458 -2899.55 35 6.780 24.509 -14696269.87 -2225000.10 21854973.76 21 40
200015 23375186.58 121491170.424458 -2900.01 35 6.782 24.511 -14695314.44 -2227637.63 21855356.90 20 40
200016 23375738.38 121491170.424458 -2900.51 35 6.784 24.513 -14694359.16 -2230275.26 21855739.57 20 40
200023 23379604.23 121491170.424458 -2904.81 35 6.797 24.527 -14687676.28 -2248741.57 21858405.05 20 40
200024 23380156.80 121491170.424458 -2903.30 35 6.799 24.529 -14686722.17 -2251380.02 21858783.95 20 40
200025 23380709.08 121491170.424458 -2902.21 35 6.801 24.531 -14685768.20 -2254018.58 21859162.37 20 40
200026 23381261.66 121491170.424458 -2902.79 35 6.803 24.533 -14684814.38 -2256657.24 21859540.32 20 40
200027 23381814.35 121491170.424458 -2902.95 35 6.805 24.535 -14683860.70 -2259296.00 21859917.80 20 40
200036 23386793.27 121491169.924458 -2905.96 36 6.822 24.553 -14675284.19 -2283049.46 21863293.89 20 40
200037 23387346.30 121491169.924458 -2906.70 35 6.824 24.555 -14674331.98 -2285689.24 21863666.65 20 40
200038 23387899.37 121491169.924458 -2907.24 35 6.826 24.557 -14673379.91 -2288329.12 21864038.94 20 40
200039 23388452.80 121491169.924458 -2907.79 35 6.828 24.559 -14672427.99 -2290969.11 21864410.75 20 40
200047 23392882.85 121491169.924458 -2909.66 35 6.844 24.575 -14664817.89 -2312092.65 21867368.30 20 40
200048 23393436.44 121491169.924458 -2910.02 35 6.846 24.577 -14663867.28 -2314733.54 21867735.86 20 40
200049 23393990.58 121491169.924458 -2911.44 35 6.848 24.579 -14662916.83 -2317374.54 21868102.96 20 40
200050 23394544.50 121491169.924458 -2910.84 35 6.850 24.581 -14661966.52 -2320015.64 21868469.59 20 40
200051 23395098.99 121491169.924458 -2912.37 35 6.852 24.583 -14661016.35 -2322656.84 21868835.74 20 40
200052 23395653.31 121491169.924458 -2912.21 35 6.854 24.585 -14660066.34 -2325298.14 21869201.42 20 40
200059 23399535.83 121491169.924458 -2913.04 36 6.868 24.599 -14653420.33 -2343790.07 21871747.96 20 40
200060 23400090.42 121491169.924458 -2914.29 36 6.870 24.601 -14652471.49 -2346432.17 21872109.86 20 40
200061 23400645.00 121491169.924458 -2915.86 36 6.872 24.603 -14651522.80 -2349074.38 21872471.29 20 40
200062 23401199.87 121491169.924458 -2916.52 36 6.874 24.605 -14650574.25 -2351716.68 21872832.25 20 40
200063 23401755.04 121491169.924458 -2917.43 36 6.876 24.607 -14649625.85 -2354359.09 21873192.74 20 40
200068 23404527.82 121491169.924458 -2915.56 35 6.886 24.617 -14644886.05 -2367572.61 21874988.09 20 40
200069 23405082.55 121491169.924458 -2916.56 35 6.888 24.619 -14643938.54 -2370215.62 21875345.75 20 40
200070 23405637.53 121491169.924458 -2917.16 34 6.890 24.621 -14642991.17 -2372858.72 21875702.93 20 40
200071 23406192.85 121491169.924458 -2918.94 34 6.892 24.623 -14642043.94 -2375501.93 21876059.64 20 40
200078 23410081.15 121491169.924458 -2920.53 35 6.906 24.637 -14635417.51 -2394007.13 21878543.38 20 40
200079 23410636.86 121491169.924458 -2920.57 35 6.908 24.639 -14634471.47 -2396651.13 21878896.31 20 40
200080 23411192.59 121491169.924458 -2920.25 35 6.910 24.641 -14633525.57 -2399295.23 21879248.77 20 40
200081 23411748.34 121491169.924458 -2920.40 35 6.912 24.643 -14632579.83 -2401939.42 21879600.75 20 40
200082 23412304.38 121491169.924458 -2922.29 35 6.914 24.644 -14631634.23 -2404583.72 21879952.27 20 40
200091 23417311.04 121491169.924458 -2923.38 35 6.932 24.663 -14623130.47 -2428386.81 21883094.64 20 40
200092 23417867.52 121491169.924458 -2923.70 35 6.934 24.664 -14622186.35 -2431032.09 21883441.43 20 40
200093 23418423.99 121491169.924458 -2924.26 35 6.936 24.666 -14621242.38 -2433677.46 21883787.75 20 40
200094 23418980.52 121491169.924458 -2924.03 35 6.938 24.668 -14620298.55 -2436322.94 21884133.60 20 40
200102 23423437.26 121491169.924458 -2928.80 37 6.954 24.684 -14612753.27 -2457490.27 21886883.36 20 40
200103 23423995.05 121491169.924458 -2929.58 37 6.956 24.686 -14611810.78 -2460136.62 21887224.96 20 40
200104 23424552.76 121491169.924458 -2929.87 37 6.959 24.688 -14610868.44 -2462783.08 21887566.08 20 40
200105 23425110.35 121491169.924458 -2930.14 37 6.961 24.690 -14609926.24 -2465429.63 21887906.73 20 40
200106 23425667.55 121491169.924458 -2928.00 36 6.963 24.692 -14608984.19 -2468076.28 21888246.90 20 40
200106 23426224.89 121491169.924458 -2927.57 36 6.963 24.692 -14608984.19 -2468076.28 21888246.90 20 40
200108 23426781.88 121491169.924458 -2926.78 36 6.967 24.696 -14607100.54 -2473369.86 21888925.84 20 40
200117 23431803.24 121491169.924458 -2931.90 36 6.985 24.714 -14598631.47 -2497195.80 21891957.66 20 40
200118 23432361.27 121491169.924458 -2931.33 36 6.987 24.716 -14597691.20 -2499843.61 21892292.17 20 40
200119 23432919.56 121491169.924458 -2932.44 37 6.989 24.718 -14596751.08 -2502491.52 21892626.21 20 40
