199376 20813319.90 109686265.820519 652.84 46 2.854 14.831 1248718.51 20477010.02 16868212.97 58 299
199377 20813196.31 109686265.820519 651.72 46 2.853 14.831 1247360.19 20475366.89 16870326.69 58 299
199378 20813073.02 109686265.820519 649.86 46 2.853 14.830 1246001.61 20473723.63 16872440.05 58 299
199379 20812949.81 109686265.820519 649.21 46 2.853 14.830 1244642.78 20472080.24 16874553.05 58 299
199380 20812826.55 109686265.820519 648.96 46 2.853 14.829 1243283.68 20470436.73 16876665.70 58 299
199381 20812703.04 109686265.820519 649.11 46 2.853 14.829 1241924.33 20468793.08 16878777.98 58 299
199382 20812578.96 109686265.820519 649.85 46 2.853 14.828 1240564.71 20467149.31 16880889.91 58 299
199386 20812081.08 109686265.820519 649.99 47 2.853 14.827 1235123.66 20460572.93 16889334.01 58 299
199387 20811957.31 109686265.820519 649.03 47 2.853 14.826 1233762.75 20458928.51 16891444.14 58 299
199388 20811833.78 109686265.820519 649.41 46 2.853 14.826 1232401.58 20457283.97 16893553.91 58 299
199389 20811711.09 109686265.820519 647.74 47 2.853 14.825 1231040.14 20455639.30 16895663.32 58 299
199395 20810972.17 109686266.320519 646.76 47 2.853 14.822 1222866.11 20445768.60 16908312.23 58 299
199396 20810849.51 109686266.320519 645.58 47 2.852 14.822 1221502.86 20444123.03 16910419.13 58 299
199397 20810726.82 109686266.320519 644.05 47 2.852 14.821 1220139.35 20442477.34 16912525.66 58 299
199398 20810603.94 109686266.320519 643.92 47 2.852 14.821 1218775.59 20440831.52 16914631.83 58 299
199402 20810113.17 109686266.320519 646.02 46 2.852 14.819 1213317.92 20434246.98 16923052.93 58 300
199404 20809868.01 109686266.320519 644.62 46 2.852 14.818 1210587.54 20430953.95 16927261.31 58 300
199405 20809745.36 109686266.320519 644.12 46 2.852 14.818 1209221.95 20429307.24 16929364.96 58 300
199406 20809622.37 109686265.820519 643.39 46 2.852 14.817 1207856.11 20427660.40 16931468.26 58 300
199407 20809500.07 109686265.820519 641.43 46 2.852 14.817 1206490.01 20426013.44 16933571.19 58 300
199413 20808768.86 109686265.820519 641.90 47 2.852 14.814 1198287.95 20416129.02 16946181.22 58 300
199414 20808647.36 109686265.820519 639.77 47 2.852 14.813 1196920.03 20414481.17 16948281.63 58 300
199415 20808526.20 109686265.820519 639.92 47 2.852 14.813 1195551.85 20412833.20 16950381.68 58 300
199416 20808404.89 109686265.820519 640.30 47 2.851 14.813 1194183.42 20411185.10 16952481.36 58 300
199417 20808283.34 109686265.820519 639.62 47 2.851 14.812 1192814.72 20409536.88 16954580.69 58 300
199418 20808161.80 109686265.820519 638.53 47 2.851 14.812 1191445.76 20407888.53 16956679.66 58 300
199426 20807194.10 109686265.820519 636.90 47 2.851 14.808 1180484.78 20394697.20 16973458.40 58 300
199427 20807073.27 109686265.820519 636.67 46 2.851 14.807 1179113.49 20393047.72 16975554.12 58 300
199428 20806952.20 109686265.820519 636.86 46 2.851 14.807 1177741.94 20391398.11 16977649.48 58 300
199429 20806831.39 109686265.820519 635.67 46 2.851 14.806 1176370.13 20389748.38 16979744.47 58 300
199430 20806710.82 109686265.820519 635.97 46 2.851 14.806 1174998.06 20388098.52 16981839.11 58 300
199437 20805866.76 109686265.820519 634.30 47 2.850 14.803 1165386.32 20376546.02 16996491.43 58 300
199438 20805746.27 109686265.820519 631.84 47 2.850 14.802 1164012.18 20374895.16 16998583.17 58 300
199439 20805626.15 109686265.820519 631.03 47 2.850 14.802 1162637.77 20373244.18 17000674.56 58 300
199440 20805506.22 109686265.820519 630.91 47 2.850 14.801 1161263.11 20371593.08 17002765.58 58 300
199441 20805385.98 109686265.820519 630.29 46 2.850 14.801 1159888.19 20369941.85 17004856.23 58 300
199442 20805265.55 109686265.820519 631.95 46 2.850 14.800 1158513.01 20368290.49 17006946.53 58 300
199446 20804783.45 109686265.820519 631.06 47 2.850 14.799 1153009.69 20361683.83 17015304.10 58 300
199447 20804663.73 109686265.820519 628.97 47 2.850 14.798 1151633.22 20360031.85 17017392.58 58 300
199448 20804544.53 109686265.820519 628.12 46 2.850 14.798 1150256.48 20358379.75 17019480.71 58 300
199449 20804424.47 109686265.820519 627.89 46 2.850 14.797 1148879.48 20356727.53 17021568.47 58 300
199450 20804304.77 109686265.820519 627.40 46 2.850 14.797 1147502.23 20355075.18 17023655.87 58 300
199451 20804184.73 109686265.820519 630.34 46 2.850 14.796 1146124.71 20353422.71 17025742.91 58 300
199456 20803586.08 109686265.820519 627.86 46 2.850 14.794 1139233.25 20345158.50 17036172.66 58 300
199457 20803466.49 109686265.820519 626.78 47 2.849 14.794 1137854.18 20343505.28 17038257.53 58 300
199458 20803347.61 109686265.820519 625.16 47 2.849 14.793 1136474.85 20341851.95 17040342.03 58 300
199459 20803228.59 109686265.820519 625.04 47 2.849 14.793 1135095.26 20340198.49 17042426.17 58 300
199460 20803109.67 109686265.820519 624.76 47 2.849 14.792 1133715.42 20338544.90 17044509.94 58 300
199465 20802514.47 109686265.820519 626.10 47 2.849 14.790 1126812.29 20330275.14 17054923.39 58 300
199466 20802395.58 109686265.820519 624.40 47 2.849 14.789 1125430.88 20328620.82 17057004.99 58 300
199467 20802276.52 109686265.820519 624.84 47 2.849 14.789 1124049.22 20326966.37 17059086.22 58 301
199468 20802157.46 109686265.820519 624.53 46 2.849 14.788 1122667.30 20325311.80 17061167.10 58 301
199469 20802038.99 109686265.820519 622.46 46 2.849 14.788 1121285.12 20323657.11 17063247.61 58 301
199475 20801328.09 109686266.320519 622.48 46 2.849 14.785 1112986.59 20313726.40 17075723.05 58 301
199476 20801209.58 109686266.320519 621.42 46 2.849 14.785 1111602.59 20312070.85 17077801.02 58 301
199477 20801091.32 109686266.320519 619.67 46 2.849 14.784 1110218.34 20310415.18 17079878.63 58 301
199478 20800973.09 109686266.320519 619.29 46 2.848 14.784 1108833.82 20308759.39 17081955.87 58 301
199479 20800855.28 109686266.320519 618.89 47 2.848 14.783 1107449.05 20307103.48 17084032.75 58 301
199484 20800265.21 109686266.320519 618.50 46 2.848 14.781 1100521.30 20298822.09 17094411.69 58 301
199485 20800147.64 109686266.320519 617.39 47 2.848 14.781 1099134.97 20297165.44 17096486.39 58 301
199486 20800029.96 109686266.320519 616.92 47 2.848 14.780 1097748.38 20295508.68 17098560.72 58 301
199487 20799912.32 109686266.320519 616.56 47 2.848 14.780 1096361.54 20293851.79 17100634.69 58 301
199488 20799794.96 109686266.320519 615.98 46 2.848 14.779 1094974.43 20292194.78 17102708.30 58 301
199489 20799677.11 109686266.320519 618.24 46 2.848 14.779 1093587.07 20290537.65 17104781.54 58 301
199490 20799442.04 109686265.820519 617.81 46 2.848 14.778 1090811.56 20287223.02 17108926.93 58 301
199494 20799090.13 109686265.820519 616.09 46 2.848 14.777 1086646.36 20282250.18 17115142.29 58 301
199495 20798973.27 109686265.820519 614.81 46 2.848 14.776 1085257.44 20280592.32 17117213.35 58 301
199496 20798856.55 109686265.820519 614.29 46 2.848 14.776 1083868.26 20278934.34 17119284.05 58 301
199497 20798739.82 109686265.820519 614.71 46 2.848 14.775 1082478.82 20277276.25 17121354.38 58 301
199498 20798622.91 109686265.820519 614.38 47 2.848 14.775 1081089.12 20275618.03 17123424.34 58 301
199499 20798505.30 109686265.820519 616.09 47 2.847 14.774 1079699.17 20273959.69 17125493.95 58 301
199504 20797918.80 109686265.820519 613.76 46 2.847 14.772 1072745.50 20265666.17 17135836.49 58 301
199505 20797802.11 109686265.820519 612.63 47 2.847 14.772 1071353.99 20264007.11 17137903.90 58 301
199506 20797685.41 109686265.820519 613.07 47 2.847 14.771 1069962.22 20262347.93 17139970.95 58 301
199507 20797568.99 109686265.820519 612.55 47 2.847 14.771 1068570.19 20260688.62 17142037.64 58 301
199514 20796755.63 109686266.320519 611.12 47 2.847 14.768 1058818.74 20249070.13 17156494.23 58 301
199515 20796639.26 109686266.320519 611.54 46 2.847 14.767 1057424.64 20247409.87 17158557.99 58 301
199516 20796523.32 109686266.320519 610.70 46 2.847 14.767 1056030.28 20245749.49 17160621.40 58 301
199517 20796407.48 109686266.320519 610.10 46 2.847 14.766 1054635.66 20244088.98 17162684.43 58 301
199524 20795598.78 109686266.320519 605.65 47 2.846 14.763 1044866.08 20232462.12 17177115.47 58 301
199525 20795483.82 109686266.320519 605.78 47 2.846 14.763 1043469.39 20230800.66 17179175.58 58 301
199526 20795368.53 109686266.320519 607.33 47 2.846 14.762 1042072.44 20229139.09 17181235.33 58 301
199527 20795252.85 109686266.320519 607.99 47 2.846 14.762 1040675.23 20227477.39 17183294.72 58 301
199528 20795137.60 109686266.320519 606.83 46 2.846 14.761 1039277.77 20225815.58 17185353.74 58 301
199536 20794217.47 109686266.320519 605.00 47 2.846 14.758 1028088.71 20212516.80 17201812.72 58 302
199537 20794102.37 109686266.320519 604.53 47 2.846 14.757 1026688.91 20210853.92 17203868.45 58 302
199538 20793987.40 109686265.820519 603.38 47 2.846 14.757 1025288.85 20209190.92 17205923.81 58 302
199539 20793872.77 109686265.820519 603.15 47 2.846 14.756 1023888.54 20207527.80 17207978.80 58 302
199546 20793070.94 109686265.820519 601.95 47 2.845 14.753 1014079.08 20195882.68 17222353.52 58 302
199547 20792956.30 109686265.820519 602.07 46 2.845 14.753 1012676.69 20194218.62 17224405.58 58 302
199548 20792841.68 109686265.820519 601.55 46 2.845 14.752 1011274.05 20192554.44 17226457.28 58 302
199549 20792727.39 109686265.820519 600.11 46 2.845 14.752 1009871.14 20190890.15 17228508.61 58 302
199556 20791931.76 109686265.820519 595.78 46 2.845 14.749 1000043.57 20179236.80 17242857.67 58 302
199557 20791817.95 109686265.820519 597.27 46 2.845 14.748 998638.59 20177571.56 17244906.07 58 302
199558 20791703.96 109686265.820519 598.44 47 2.845 14.748 997233.36 20175906.22 17246954.10 58 302
199559 20791589.90 109686265.820519 597.97 47 2.845 14.748 995827.87 20174240.75 17249001.77 58 302
199560 20791475.75 109686265.820519 596.27 47 2.845 14.747 994422.12 20172575.17 17251049.07 58 302
199566 20790797.21 109686265.820519 595.92 46 2.844 14.744 985982.18 20162579.22 17263325.15 58 302
199567 20790684.12 109686265.820519 595.03 46 2.844 14.744 984574.61 20160912.82 17265369.88 58 302
199568 20790571.07 109686265.820519 594.98 46 2.844 14.744 983166.79 20159246.30 17267414.24 58 302
199569 20790457.90 109686265.820519 594.48 46 2.844 14.743 981758.71 20157579.67 17269458.24 58 302
199570 20790345.19 109686265.820519 593.50 46 2.844 14.743 980350.37 20155912.93 17271501.86 58 302
199579 20789333.87 109686265.820519 591.27 47 2.844 14.739 967663.68 20140906.98 17289877.97 58 302
199580 20789221.36 109686265.820519 591.19 47 2.844 14.738 966252.76 20139239.08 17291917.92 58 302
199581 20789109.25 109686265.820519 589.72 47 2.844 14.738 964841.57 20137571.06 17293957.50 58 302
199582 20788996.95 109686265.820519 589.74 47 2.844 14.737 963430.13 20135902.92 17295996.72 58 302
199583 20788884.42 109686265.820519 590.72 47 2.844 14.737 962018.43 20134234.67 17298035.56 58 302
199591 20787990.27 109686265.820519 587.35 46 2.843 14.734 950715.51 20120884.52 17314333.09 58 302
199592 20787878.83 109686265.820519 587.05 46 2.843 14.733 949301.48 20119215.23 17316368.63 58 302
199593 20787767.19 109686265.820519 587.51 47 2.843 14.733 947887.19 20117545.83 17318403.79 58 302
199594 20787655.88 109686265.820519 585.51 47 2.843 14.732 946472.64 20115876.32 17320438.59 58 302
199595 20787544.64 109686265.820519 584.33 47 2.843 14.732 945057.84 20114206.69 17322473.02 58 302
199596 20787433.38 109686265.820519 584.19 47 2.843 14.731 943642.77 20112536.94 17324507.08 58 302
199597 20787322.21 109686265.820519 583.83 46 2.843 14.731 942227.45 20110867.08 17326540.77 58 303
199604 20786544.93 109686265.820519 582.05 47 2.843 14.728 932312.96 20099174.88 17340766.30 58 303
199605 20786434.01 109686265.820519 583.53 47 2.843 14.727 930895.57 20097504.10 17342797.04 58 303
199606 20786322.90 109686265.820519 584.39 47 2.843 14.727 929477.92 20095833.22 17344827.41 58 303
199607 20786211.79 109686265.820519 583.52 47 2.843 14.727 928060.01 20094162.22 17346857.42 58 303
199608 20786100.85 109686265.820519 583.01 47 2.843 14.726 926641.84 20092491.11 17348887.05 58 303
199613 20785438.48 109686265.820519 579.28 46 2.842 14.723 918127.42 20082462.05 17361057.12 58 303
199616 20785217.66 109686265.820519 581.40 46 2.842 14.723 915287.21 20079118.12 17365110.85 58 303
199617 20785107.17 109686265.820519 580.28 46 2.842 14.722 913866.72 20077445.99 17367137.16 58 303
199618 20784996.66 109686265.820519 580.42 46 2.842 14.722 912445.97 20075773.75 17369163.11 58 303
199619 20784886.20 109686265.820519 579.98 46 2.842 14.721 911024.96 20074101.39 17371188.68 58 303
199627 20784007.63 109686265.820519 577.02 47 2.842 14.718 899647.58 20060718.46 17387379.97 58 303
199628 20783897.58 109686265.820519 577.41 47 2.842 14.717 898224.24 20059045.09 17389402.22 58 303
199629 20783787.51 109686265.820519 577.26 47 2.842 14.717 896800.65 20057371.60 17391424.09 58 303
199630 20783677.93 109686265.820519 575.56 47 2.842 14.717 895376.80 20055698.01 17393445.60 58 303
199631 20783568.15 109686265.820519 576.20 47 2.842 14.716 893952.69 20054024.30 17395466.74 59 303
199638 20782803.49 109686266.320519 574.58 46 2.841 14.713 883976.68 20042305.20 17409604.34 59 303
199639 20782694.41 109686266.320519 574.06 47 2.841 14.713 882550.51 20040630.59 17411622.51 59 303
199640 20782585.38 109686266.320519 573.56 47 2.841 14.712 881124.07 20038955.88 17413640.32 59 303
199641 20782476.67 109686266.320519 571.85 47 2.841 14.712 879697.38 20037281.05 17415657.76 59 303
199642 20782368.31 109686266.320519 570.80 46 2.841 14.712 878270.43 20035606.11 17417674.82 59 303
199649 20781607.56 109686266.320519 568.94 46 2.841 14.708 868274.53 20023878.43 17431783.90 59 303
199650 20781499.05 109686266.320519 568.27 46 2.841 14.708 866845.51 20022202.60 17433798.00 59 303
199651 20781390.49 109686266.320519 567.97 47 2.841 14.708 865416.24 20020526.66 17435811.73 59 303
199652 20781281.93 109686266.320519 567.84 47 2.841 14.707 863986.70 20018850.61 17437825.09 59 303
199653 20781172.86 109686266.320519 571.00 47 2.841 14.707 862556.91 20017174.45 17439838.08 59 303
199654 20781064.32 109686266.320519 569.40 47 2.840 14.706 861126.86 20015498.18 17441850.69 59 303
199659 20780523.38 109686266.320519 567.67 47 2.840 14.704 853972.73 20007115.17 17451908.21 59 303
199660 20780415.49 109686266.320519 566.03 47 2.840 14.704 852541.13 20005438.23 17453918.60 59 303
199661 20780307.97 109686266.320519 565.43 47 2.840 14.703 851109.28 20003761.19 17455928.62 59 303
199662 20780200.63 109686266.320519 564.90 47 2.840 14.703 849677.16 20002084.04 17457938.27 59 304
199663 20780093.31 109686266.320519 564.94 47 2.840 14.703 848244.79 20000406.77 17459947.54 59 304
199664 20779985.71 109686266.320519 566.66 47 2.840 14.702 846812.15 19998729.40 17461956.45 59 304
199671 20779234.32 109686266.320519 564.10 47 2.840 14.699 836776.50 19986984.70 17476008.38 59 304
199672 20779126.75 109686266.320519 563.57 47 2.840 14.699 835341.80 19985306.45 17478014.31 59 304
199673 20779019.35 109686266.320519 564.40 47 2.840 14.698 833906.84 19983628.09 17480019.88 59 304
199674 20778912.30 109686266.320519 563.12 47 2.840 14.698 832471.63 19981949.62 17482025.06 59 304
199675 20778805.53 109686266.320519 561.57 47 2.840 14.698 831036.16 19980271.04 17484029.88 59 304
199682 20778057.50 109686266.320519 561.50 46 2.839 14.695 820980.63 19968517.92 17498053.19 59 304
199683 20777950.70 109686266.320519 561.00 47 2.839 14.694 819543.10 19966838.47 17500055.03 59 304
199684 20777844.08 109686266.320519 560.76 47 2.839 14.694 818105.30 19965158.90 17502056.50 59 304
199685 20777737.43 109686266.320519 560.33 47 2.839 14.693 816667.25 19963479.23 17504057.60 59 304
199686 20777631.04 109686266.320519 559.77 47 2.839 14.693 815228.94 19961799.46 17506058.32 59 304
199693 20776887.19 109686266.320519 558.30 46 2.839 14.690 805153.55 19950037.97 17520052.96 59 304
199694 20776781.13 109686266.320519 556.33 46 2.839 14.690 803713.17 19948357.33 17522050.71 59 304
199695 20776675.46 109686266.320519 555.17 47 2.839 14.689 802272.54 19946676.57 17524048.08 59 304
199696 20776569.86 109686266.320519 554.94 47 2.839 14.689 800831.65 19944995.71 17526045.08 59 304
199697 20776464.58 109686266.320519 554.77 46 2.839 14.688 799390.50 19943314.74 17528041.71 59 304
199698 20776359.24 109686266.320519 554.34 46 2.839 14.688 797949.10 19941633.67 17530037.96 59 304
199699 20776253.98 109686266.320519 554.68 46 2.839 14.687 796507.43 19939952.48 17532033.84 59 304
199705 20775619.49 109686265.820519 554.37 46 2.838 14.685 787852.04 19929863.12 17544001.30 59 304
199706 20775514.27 109686265.820519 552.45 46 2.838 14.685 786408.57 19928181.18 17545994.57 59 304
199707 20775409.19 109686265.820519 551.34 46 2.838 14.684 784964.84 19926499.14 17547987.46 59 304
199708 20775304.11 109686265.820519 551.33 47 2.838 14.684 783520.86 19924816.98 17549979.99 59 304
199709 20775199.12 109686265.820519 550.81 47 2.838 14.683 782076.62 19923134.73 17551972.14 59 304
199710 20775094.19 109686265.820519 551.41 47 2.838 14.683 780632.12 19921452.36 17553963.91 59 304
199711 20774989.02 109686265.820519 553.13 47 2.838 14.682 779187.36 19919769.89 17555955.32 59 304
199717 20774359.45 109686265.820519 550.00 47 2.838 14.680 770513.40 19909672.81 17567895.90 59 304
199718 20774255.24 109686266.320519 548.60 46 2.838 14.680 769066.84 19907989.59 17569884.69 59 304
199719 20774150.93 109686266.320519 548.13 46 2.838 14.679 767620.02 19906306.27 17571873.10 59 304
199720 20774046.60 109686266.320519 547.70 46 2.838 14.679 766172.94 19904622.83 17573861.15 59 304
199721 20773942.13 109686266.320519 548.84 46 2.838 14.678 764725.61 19902939.30 17575848.81 59 304
199722 20773837.46 109686266.320519 550.19 47 2.838 14.678 763278.01 19901255.65 17577836.11 59 304
199730 20773004.23 109686266.320519 547.63 47 2.838 14.675 751687.99 19887782.67 17593721.00 59 305
199731 20772900.11 109686266.320519 547.15 47 2.837 14.674 750238.08 19886098.08 17595704.93 59 305
199732 20772796.07 109686266.320519 546.66 47 2.837 14.674 748787.91 19884413.37 17597688.48 59 305
199733 20772691.96 109686266.320519 546.08 47 2.837 14.673 747337.48 19882728.56 17599671.66 59 305
199734 20772587.97 109686266.320519 545.85 47 2.837 14.673 745886.80 19881043.65 17601654.47 59 305
199736 20772277.56 109686266.320519 543.39 46 2.837 14.672 741533.20 19875988.27 17607600.64 59 305
199742 20771759.24 109686265.820519 543.33 46 2.837 14.670 734272.04 19867560.54 17617503.43 59 305
199743 20771655.90 109686265.820519 543.65 46 2.837 14.669 732819.04 19865874.68 17619482.87 59 305
199744 20771552.79 109686265.820519 543.10 46 2.837 14.669 731365.78 19864188.71 17621461.93 59 305
199745 20771449.63 109686265.820519 542.16 46 2.837 14.668 729912.26 19862502.64 17623440.62 59 305
199746 20771346.61 109686265.820519 541.32 47 2.837 14.668 728458.48 19860816.47 17625418.93 59 305
199754 20770524.01 109686265.820519 540.48 48 2.837 14.665 716819.00 19847323.30 17641231.92 59 305
199755 20770421.19 109686265.820519 539.94 48 2.837 14.664 715362.91 19845636.18 17643206.85 59 305
199756 20770318.34 109686265.820519 539.96 48 2.837 14.664 713906.56 19843948.97 17645181.41 59 305
199757 20770215.65 109686265.820519 539.41 47 2.836 14.663 712449.95 19842261.64 17647155.60 59 305
199758 20770112.84 109686265.820519 538.73 47 2.836 14.663 710993.08 19840574.22 17649129.41 59 305
199759 20770010.47 109686265.820519 537.19 47 2.836 14.663 709535.96 19838886.68 17651102.84 59 305
199765 20769396.83 109686265.820519 537.33 47 2.836 14.660 700787.81 19828759.32 17662935.57 59 305
199766 20769294.88 109686265.820519 535.25 47 2.836 14.660 699328.89 19827071.07 17664906.37 59 305
199767 20769193.11 109686265.820519 534.62 47 2.836 14.659 697869.70 19825382.71 17666876.81 59 305
199768 20769091.33 109686265.820519 534.25 47 2.836 14.659 696410.26 19823694.25 17668846.86 59 305
199769 20768989.52 109686265.820519 535.07 47 2.836 14.659 694950.57 19822005.68 17670816.54 59 305
199770 20768887.65 109686265.820519 536.17 47 2.836 14.658 693490.61 19820317.01 17672785.84 59 305
199771 20768785.63 109686265.820519 536.64 47 2.836 14.658 692030.40 19818628.24 17674754.77 59 305
199779 20767973.23 109686266.320519 538.26 47 2.836 14.654 680339.44 19805114.36 17690492.66 59 305
199780 20767870.89 109686266.320519 538.83 45 2.836 14.654 678876.91 19803424.66 17692458.20 59 305
199781 20767769.99 109686266.320519 531.72 46 2.836 14.654 677414.13 19801734.86 17694423.37 59 305
199784 20767466.86 109686265.820519 532.19 46 2.836 14.653 673024.23 19796664.85 17700316.61 59 305
199785 20767365.47 109686265.820519 532.29 47 2.835 14.652 671560.41 19794974.65 17702280.27 59 305
199786 20767264.50 109686265.820519 530.55 47 2.835 14.652 670096.34 19793284.34 17704243.56 59 305
199787 20767163.83 109686265.820519 529.29 47 2.835 14.651 668632.01 19791593.92 17706206.47 59 305
199788 20767063.25 109686265.820519 528.99 47 2.835 14.651 667167.43 19789903.41 17708169.00 59 305
199789 20766962.70 109686265.820519 528.67 47 2.835 14.650 665702.58 19788212.79 17710131.15 59 305
199790 20766862.38 109686265.820519 528.39 47 2.835 14.650 664237.48 19786522.07 17712092.93 59 305
199791 20766761.73 109686265.820519 529.62 47 2.835 14.650 662772.13 19784831.25 17714054.34 59 306
199792 20766661.06 109686265.820519 529.21 47 2.835 14.649 661306.51 19783140.33 17716015.36 59 306
199793 20766560.24 109686265.820519 529.30 47 2.835 14.649 659840.64 19781449.31 17717976.01 59 306
199794 20766459.61 109686265.820519 529.11 47 2.835 14.648 658374.51 19779758.19 17719936.28 59 306
199795 20766359.23 109686265.820519 527.70 47 2.835 14.648 656908.13 19778066.96 17721896.18 59 306
199803 20765557.01 109686265.820519 527.41 46 2.835 14.645 645167.78 19764533.50 17737561.77 59 306
199804 20765456.99 109686265.820519 526.55 46 2.835 14.644 643699.08 19762841.37 17739518.27 59 306
199805 20765356.94 109686265.820519 526.05 47 2.835 14.644 642230.13 19761149.13 17741474.40 59 306
199806 20765257.11 109686265.820519 524.11 47 2.835 14.644 640760.91 19759456.79 17743430.15 59 306
199807 20765157.40 109686265.820519 523.65 47 2.835 14.643 639291.44 19757764.35 17745385.52 59 306
199817 20764165.43 109686265.820519 521.17 46 2.834 14.639 624582.60 19740834.43 17764918.46 59 306
199818 20764066.72 109686265.820519 520.19 47 2.834 14.639 623110.30 19739140.89 17766869.68 59 306
199819 20763967.60 109686265.820519 521.86 47 2.834 14.638 621637.75 19737447.25 17768820.52 59 306
199820 20763868.62 109686265.820519 521.09 47 2.834 14.638 620164.93 19735753.50 17770770.98 59 306
199821 20763769.61 109686265.820519 521.46 47 2.834 14.638 618691.87 19734059.66 17772721.06 59 306
199822 20763670.71 109686265.820519 520.27 48 2.834 14.637 617218.54 19732365.72 17774670.77 59 306
199823 20763571.88 109686265.820519 519.46 48 2.834 14.637 615744.96 19730671.68 17776620.09 59 306
199832 20762684.21 109686265.820519 517.84 47 2.834 14.633 602471.16 19715420.82 17794147.03 59 306
199833 20762585.35 109686265.820519 518.96 47 2.834 14.633 600995.01 19713725.79 17796092.58 59 306
199834 20762486.67 109686265.820519 518.18 47 2.834 14.632 599518.60 19712030.65 17798037.74 59 306
199835 20762388.03 109686265.820519 518.07 47 2.834 14.632 598041.94 19710335.42 17799982.53 59 306
199845 20761409.05 109686265.820519 514.31 46 2.833 14.628 583261.18 19693377.66 17819409.60 59 306
199846 20761311.39 109686265.820519 514.65 46 2.833 14.628 581781.69 19691681.34 17821350.22 59 306
199847 20761213.79 109686265.820519 513.84 46 2.833 14.627 580301.94 19689984.93 17823290.47 59 306
199848 20761116.12 109686265.820519 513.51 46 2.833 14.627 578821.94 19688288.41 17825230.33 59 306
199849 20761018.21 109686265.820519 513.55 46 2.833 14.626 577341.68 19686591.80 17827169.82 59 306
199850 20760920.74 109686265.820519 512.76 46 2.833 14.626 575861.17 19684895.09 17829108.92 59 306
199857 20760238.88 109686265.820519 510.45 47 2.833 14.623 565490.38 19673015.39 17842672.06 59 307
199858 20760141.35 109686265.820519 511.40 47 2.833 14.623 564007.81 19671317.90 17844608.13 59 307
199859 20760044.01 109686265.820519 510.80 47 2.833 14.623 562524.99 19669620.31 17846543.83 59 307
199859 20759946.81 109686265.820519 510.49 47 2.833 14.623 562524.99 19669620.31 17846543.83 59 307
199868 20759173.32 109686265.820519 508.00 47 2.833 14.619 549168.02 19654337.65 17863947.99 59 307
199869 20759076.54 109686265.820519 507.99 47 2.832 14.619 547682.63 19652639.10 17865879.89 59 307
199870 20758979.69 109686265.820519 508.05 47 2.832 14.618 546196.99 19650940.44 17867811.40 59 307
199871 20758882.84 109686265.820519 507.75 47 2.832 14.618 544711.09 19649241.69 17869742.54 59 307
199872 20758786.45 109686265.820519 506.97 47 2.832 14.617 543224.93 19647542.84 17871673.30 59 307
199880 20758018.18 109686265.820519 504.76 47 2.832 14.614 531326.43 19633948.60 17887105.67 59 307
199881 20757922.33 109686265.820519 504.21 47 2.832 14.614 529837.96 19632248.89 17889033.01 59 307
199882 20757826.48 109686265.820519 504.34 47 2.832 14.614 528349.24 19630549.08 17890959.97 59 307
199883 20757730.95 109686265.820519 503.37 47 2.832 14.613 526860.26 19628849.17 17892886.54 59 307
199884 20757635.00 109686265.820519 503.63 47 2.832 14.613 525371.03 19627149.17 17894812.74 59 307
199895 20756589.86 109686266.320519 497.85 47 2.832 14.609 508972.52 19608442.87 17915975.76 59 307
199896 20756494.98 109686266.320519 499.04 47 2.832 14.608 507480.21 19606741.73 17917897.38 59 307
199897 20756399.77 109686266.320519 501.10 47 2.832 14.608 505987.65 19605040.49 17919818.63 59 307
199898 20756304.59 109686266.320519 500.65 47 2.832 14.607 504494.83 19603339.16 17921739.49 59 307
199899 20756209.24 109686266.320519 500.75 47 2.831 14.607 503001.75 19601637.73 17923659.98 59 307
199900 20756113.98 109686266.320519 500.45 47 2.831 14.607 501508.41 19599936.20 17925580.08 59 307
199908 20755358.17 109686266.320519 497.79 47 2.831 14.604 489552.51 19586320.62 17940927.17 59 307
199909 20755263.95 109686266.320519 495.61 47 2.831 14.603 488056.87 19584618.25 17942843.84 59 307
199910 20755169.55 109686265.820519 495.46 47 2.831 14.603 486560.98 19582915.78 17944760.13 59 307
199911 20755075.03 109686265.820519 496.28 46 2.831 14.602 485064.82 19581213.22 17946676.04 59 307
199912 20754980.52 109686265.820519 495.80 46 2.831 14.602 483568.42 19579510.57 17948591.56 59 307
199913 20754886.20 109686265.820519 494.98 46 2.831 14.602 482071.75 19577807.82 17950506.71 59 307
199920 20754227.96 109686265.820519 492.65 47 2.831 14.599 471587.93 19565885.96 17963902.03 59 308
199921 20754134.15 109686265.820519 493.66 47 2.831 14.599 470089.22 19564182.47 17965814.12 59 308
199922 20754040.27 109686265.820519 493.03 47 2.831 14.598 468590.25 19562478.88 17967725.83 59 308
199923 20753946.26 109686265.820519 493.58 47 2.831 14.598 467091.03 19560775.19 17969637.15 59 308
199924 20753852.54 109686265.820519 492.75 47 2.831 14.597 465591.55 19559071.42 17971548.10 59 308
199932 20753106.52 109686265.820519 490.49 47 2.830 14.594 453586.50 19545437.87 17986821.89 59 308
199933 20753013.55 109686265.820519 488.73 47 2.830 14.594 452084.72 19543733.26 17988729.39 59 308
199934 20752920.56 109686265.820519 488.29 47 2.830 14.594 450582.68 19542028.55 17990636.51 59 308
199935 20752827.80 109686265.820519 487.84 47 2.830 14.593 449080.39 19540323.76 17992543.25 59 308
199936 20752735.16 109686265.820519 487.48 47 2.830 14.593 447577.84 19538618.87 17994449.61 59 308
199937 20752641.99 109686265.820519 489.24 46 2.830 14.592 446075.03 19536913.89 17996355.58 59 308
199938 20752548.71 109686265.820519 489.78 46 2.830 14.592 444571.97 19535208.81 17998261.17 59 308
199945 20751901.00 109686265.820519 484.73 47 2.830 14.589 434043.38 19523270.73 18011589.59 59 308
199946 20751809.35 109686265.820519 483.36 47 2.830 14.589 432538.27 19521564.92 18013492.12 59 308
199947 20751717.25 109686265.820519 484.41 47 2.830 14.589 431032.91 19519859.02 18015394.26 59 308
199948 20751624.78 109686265.820519 485.31 47 2.830 14.588 429527.29 19518153.03 18017296.03 59 308
199949 20751532.27 109686265.820519 486.40 47 2.830 14.588 428021.41 19516446.95 18019197.41 59 308
199950 20751439.73 109686265.820519 485.64 47 2.830 14.588 426515.28 19514740.77 18021098.40 59 308
199959 20750612.51 109686265.820519 483.02 47 2.830 14.584 412948.61 19499381.10 18038190.12 59 308
199960 20750520.52 109686265.820519 483.59 47 2.830 14.584 411439.92 19497674.02 18040087.28 59 308
199961 20750428.54 109686265.820519 482.74 47 2.830 14.583 409930.98 19495966.84 18041984.06 59 308
199962 20750336.92 109686265.820519 482.01 47 2.829 14.583 408421.79 19494259.58 18043880.46 59 308
199963 20750245.31 109686265.820519 482.46 47 2.829 14.583 406912.33 19492552.22 18045776.47 59 308
199973 20749335.34 109686265.820519 476.85 48 2.829 14.579 391803.76 19475473.68 18064715.49 59 308
199974 20749244.61 109686265.820519 476.40 48 2.829 14.579 390291.50 19473765.34 18066607.28 59 308
199975 20749153.95 109686265.820519 475.91 48 2.829 14.578 388778.98 19472056.90 18068498.68 59 308
199976 20749063.06 109686265.820519 476.55 48 2.829 14.578 387266.21 19470348.37 18070389.70 59 308
199977 20748971.90 109686265.820519 478.46 47 2.829 14.577 385753.18 19468639.75 18072280.34 59 308
199978 20748880.69 109686265.820519 478.66 47 2.829 14.577 384239.90 19466931.04 18074170.60 59 308
199983 20748338.35 109686265.820519 474.48 48 2.829 14.575 375154.83 19456676.92 18085504.04 59 309
199987 20748067.81 109686265.820519 474.78 47 2.829 14.574 370608.85 19451548.65 18091165.58 59 309
199988 20747977.55 109686265.820519 474.24 48 2.829 14.573 369093.02 19449839.05 18093051.99 59 309
199989 20747887.10 109686265.820519 474.40 48 2.829 14.573 367576.93 19448129.36 18094938.01 59 309
199990 20747797.21 109686265.820519 472.69 47 2.829 14.573 366060.58 19446419.58 18096823.65 59 309
199991 20747707.03 109686265.820519 473.50 47 2.829 14.572 364543.98 19444709.72 18098708.91 59 309
199992 20747616.70 109686265.820519 473.65 47 2.829 14.572 363027.12 19442999.76 18100593.78 59 309
199999 20746988.14 109686265.820519 472.71 47 2.828 14.569 352401.97 19431027.60 18113777.09 59 309
200000 20746898.41 109686265.820519 471.87 48 2.828 14.569 350883.08 19429316.93 18115658.88 59 309
200001 20746808.54 109686265.820519 472.12 48 2.828 14.568 349363.92 19427606.18 18117540.29 59 309
200002 20746718.75 109686265.820519 471.61 48 2.828 14.568 347844.51 19425895.34 18119421.31 59 309
200003 20746629.10 109686265.820519 470.91 48 2.828 14.568 346324.85 19424184.42 18121301.94 59 309
200011 20745916.23 109686266.320519 466.84 47 2.828 14.565 334158.36 19410493.84 18136333.15 59 309
200012 20745827.25 109686266.320519 467.95 47 2.828 14.564 332636.40 19408782.13 18138210.32 59 309
200013 20745738.22 109686266.320519 468.80 47 2.828 14.564 331114.19 19407070.33 18140087.10 59 309
200014 20745649.36 109686266.320519 468.16 47 2.828 14.564 329591.72 19405358.44 18141963.49 59 309
200015 20745560.31 109686266.320519 467.75 47 2.828 14.563 328069.00 19403646.46 18143839.50 59 309
200016 20745471.49 109686266.320519 467.30 47 2.828 14.563 326546.02 19401934.39 18145715.13 59 309
200023 20744851.86 109686266.320519 463.26 47 2.828 14.560 315878.04 19389947.51 18158833.69 59 309
200024 20744763.50 109686266.320519 464.79 47 2.828 14.560 314353.02 19388234.75 18160706.23 59 309
200025 20744674.60 109686266.320519 465.94 47 2.828 14.560 312827.75 19386521.90 18162578.38 59 309
200026 20744586.08 109686266.320519 465.40 48 2.828 14.559 311302.22 19384808.97 18164450.14 59 309
200027 20744497.66 109686266.320519 465.24 48 2.828 14.559 309776.44 19383095.95 18166321.52 59 309
200036 20743706.16 109686265.820519 462.62 48 2.827 14.556 296032.94 19367674.90 18183146.55 59 309
200037 20743618.09 109686265.820519 461.90 48 2.827 14.555 294504.61 19365961.02 18185014.06 59 309
200038 20743530.34 109686265.820519 461.41 47 2.827 14.555 292976.03 19364247.06 18186881.19 59 309
200039 20743442.69 109686265.820519 460.89 47 2.827 14.554 291447.19 19362533.01 18188747.93 59 309
200047 20742744.12 109686265.820519 459.34 47 2.827 14.552 279207.32 19348817.53 18203667.94 59 309
200048 20742656.66 109686265.820519 459.03 48 2.827 14.551 277676.19 19347102.71 18205531.20 59 310
200049 20742569.45 109686265.820519 457.61 48 2.827 14.551 276144.81 19345387.80 18207394.07 59 310
200050 20742482.31 109686265.820519 458.24 48 2.827 14.550 274613.17 19343672.82 18209256.56 59 310
200051 20742395.46 109686265.820519 456.86 47 2.827 14.550 273081.28 19341957.74 18211118.66 59 310
200052 20742308.62 109686265.820519 456.96 47 2.827 14.550 271549.13 19340242.58 18212980.37 59 310
200059 20741701.71 109686265.820519 456.33 47 2.827 14.547 260816.98 19328234.11 18226001.51 59 310
200060 20741614.95 109686265.820519 455.18 47 2.827 14.547 259282.79 19326518.27 18227860.13 59 310
200061 20741528.17 109686265.820519 453.67 47 2.827 14.546 257748.36 19324802.36 18229718.35 59 310
200062 20741441.42 109686265.820519 453.01 47 2.827 14.546 256213.67 19323086.35 18231576.19 59 310
200063 20741355.24 109686265.820519 452.20 47 2.827 14.546 254678.72 19321370.27 18233433.64 59 310
200068 20740922.21 109686266.320519 454.17 47 2.827 14.544 247000.18 19312788.57 18242715.08 59 310
200069 20740835.58 109686266.320519 453.31 47 2.826 14.544 245463.70 19311071.98 18244570.21 59 310
200070 20740749.17 109686266.320519 452.67 47 2.826 14.543 243926.98 19309355.31 18246424.95 59 310
200071 20740663.06 109686266.320519 450.95 47 2.826 14.543 242390.00 19307638.55 18248279.30 59 310
200078 20740061.72 109686266.320519 449.57 47 2.826 14.540 231624.02 19295618.92 18261248.88 59 310
200079 20739976.06 109686266.320519 449.64 47 2.826 14.540 230085.01 19293901.50 18263100.12 59 310
200080 20739890.43 109686266.320519 449.92 47 2.826 14.540 228545.74 19292183.99 18264950.98 59 310
200081 20739804.79 109686266.320519 449.83 47 2.826 14.539 227006.22 19290466.40 18266801.45 59 310
200082 20739719.50 109686266.320519 447.96 47 2.826 14.539 225466.44 19288748.73 18268651.53 59 310
200091 20738954.54 109686266.320519 447.20 47 2.826 14.536 211597.02 19273285.97 18285284.77 59 310
200092 20738869.28 109686266.320519 446.89 47 2.826 14.535 210054.71 19271567.47 18287130.97 59 310
200093 20738784.27 109686266.320519 446.40 47 2.826 14.535 208512.14 19269848.89 18288976.77 59 310
200094 20738699.23 109686266.320519 446.68 47 2.826 14.535 206969.31 19268130.23 18290822.19 59 310
200102 20738024.15 109686266.320519 442.19 48 2.826 14.532 194617.57 19254378.00 18305571.53 59 310
200103 20737940.47 109686266.320519 441.40 48 2.826 14.531 193072.46 19252658.60 18307413.45 59 310
200104 20737856.70 109686266.320519 441.20 48 2.826 14.531 191527.10 19250939.12 18309254.98 59 310
200105 20737772.97 109686266.320519 440.94 48 2.826 14.531 189981.48 19249219.56 18311096.12 59 310
200106 20737688.72 109686266.320519 443.08 47 2.826 14.530 188435.61 19247499.92 18312936.87 59 310
200106 20737604.28 109686266.320519 443.60 47 2.826 14.530 188435.61 19247499.92 18312936.87 59 310
200108 20737519.90 109686266.320519 444.35 47 2.825 14.530 185343.11 19244060.40 18316617.20 59 310
200117 20736766.72 109686265.820519 439.62 47 2.825 14.527 171414.28 19228578.53 18333159.41 59 311
200118 20736683.11 109686265.820519 440.18 47 2.825 14.526 169865.37 19226857.92 18334995.49 59 311
200119 20736599.64 109686265.820519 439.10 47 2.825 14.526 168316.20 19225137.23 18336831.17 59 311
