199376 24337269.35 0.500000 2687.58 32 10.227 35.565 -24533738.73 8109083.57 -6349334.80 13 127
199377 24336758.13 0.500000 2686.77 33 10.224 35.560 -24534565.04 8108928.21 -6346307.54 13 127
199378 24336247.23 0.500000 2685.13 33 10.221 35.556 -24535390.98 8108772.85 -6343280.14 13 127
199379 24335736.39 0.500000 2684.79 34 10.218 35.552 -24536216.56 8108617.48 -6340252.61 13 127
199380 24335225.61 0.500000 2684.76 34 10.214 35.547 -24537041.76 8108462.10 -6337224.94 13 127
199381 24334714.78 0.500000 2685.24 34 10.211 35.542 -24537866.61 8108306.71 -6334197.14 13 127
199382 24334203.60 0.500000 2686.11 34 10.208 35.537 -24538691.08 8108151.32 -6331169.20 13 127
199386 24332157.08 0.500000 2687.30 34 10.196 35.519 -24541985.33 8107529.65 -6319056.13 13 127
199387 24331645.68 0.500000 2686.61 34 10.192 35.515 -24542807.97 8107374.21 -6316027.52 13 127
199388 24331134.28 0.500000 2687.25 34 10.189 35.510 -24543630.25 8107218.77 -6312998.79 13 127
199389 24330623.22 0.500000 2685.84 34 10.186 35.505 -24544452.16 8107063.31 -6309969.91 13 127
199395 24327556.34 0.500000 2686.34 33 10.167 35.478 -24549375.95 8106130.40 -6291793.89 13 127
199396 24327045.16 0.500000 2685.38 33 10.164 35.473 -24550195.30 8105974.89 -6288764.08 13 127
199397 24326534.21 0.500000 2684.22 33 10.161 35.469 -24551014.28 8105819.36 -6285734.14 13 127
199398 24326023.29 0.500000 2684.27 33 10.158 35.464 -24551832.90 8105663.83 -6282704.07 13 127
199402 24323976.72 0.500000 2687.40 33 10.146 35.446 -24555103.70 8105041.60 -6270582.46 13 127
199404 24322954.20 0.500000 2686.50 33 10.139 35.437 -24556736.91 8104730.43 -6264520.86 13 127
199405 24322442.84 0.500000 2686.19 33 10.136 35.432 -24557552.96 8104574.83 -6261489.86 13 127
199406 24321931.52 0.000000 2685.73 32 10.133 35.428 -24558368.65 8104419.23 -6258458.72 13 127
199407 24321420.56 0.000000 2684.05 32 10.130 35.423 -24559183.97 8104263.61 -6255427.46 13 127
199413 24318355.76 0.000000 2685.98 32 10.111 35.395 -24564068.19 8103329.70 -6237237.09 13 127
199414 24317844.90 0.000000 2684.18 32 10.108 35.391 -24564880.94 8103174.02 -6234204.90 13 127
199415 24317334.10 0.000000 2684.51 32 10.105 35.386 -24565693.33 8103018.32 -6231172.58 13 127
199416 24316823.25 0.000000 2685.16 33 10.102 35.381 -24566505.35 8102862.62 -6228140.12 13 127
199417 24316312.47 0.000000 2684.73 33 10.099 35.377 -24567317.00 8102706.90 -6225107.53 13 127
199418 24315801.83 0.000000 2683.82 33 10.096 35.373 -24568128.29 8102551.18 -6222074.82 13 127
199426 24311717.35 0.000000 2684.21 34 10.071 35.336 -24574605.40 8101305.01 -6197808.34 13 127
199427 24311206.65 0.000000 2684.26 34 10.068 35.332 -24575413.39 8101149.19 -6194774.43 13 127
199428 24310695.96 0.000000 2684.63 34 10.065 35.327 -24576221.01 8100993.37 -6191740.40 13 127
199429 24310185.33 0.000000 2683.80 34 10.062 35.322 -24577028.26 8100837.53 -6188706.24 13 127
199430 24309674.63 0.000000 2684.30 34 10.059 35.318 -24577835.15 8100681.68 -6185671.94 13 127
199437 24306101.14 0.000000 2684.35 33 10.038 35.286 -24583473.10 8099590.43 -6164428.22 13 127
199438 24305590.83 0.000000 2682.16 33 10.035 35.281 -24584277.06 8099434.49 -6161392.88 13 127
199439 24305080.56 0.000000 2681.53 33 10.032 35.277 -24585080.65 8099278.55 -6158357.41 13 127
199440 24304570.24 0.000000 2681.69 33 10.029 35.272 -24585883.87 8099122.59 -6155321.81 13 127
199441 24304059.99 0.000000 2681.35 33 10.026 35.267 -24586686.72 8098966.62 -6152286.08 13 127
199442 24303549.36 0.000000 2683.23 33 10.023 35.263 -24587489.21 8098810.64 -6149250.22 13 127
199446 24301506.05 0.000000 2683.32 33 10.010 35.245 -24590695.49 8098186.60 -6137105.47 13 127
199447 24300995.71 0.000000 2681.40 33 10.007 35.240 -24591496.14 8098030.56 -6134068.96 14 127
199448 24300485.73 0.000000 2680.90 33 10.004 35.235 -24592296.43 8097874.51 -6131032.32 14 127
199449 24299975.62 0.000000 2680.85 33 10.001 35.231 -24593096.35 8097718.45 -6127995.55 14 127
199450 24299465.59 0.000000 2680.63 34 9.998 35.227 -24593895.90 8097562.38 -6124958.65 14 127
199451 24298953.94 0.000000 2688.83 34 9.995 35.222 -24594695.09 8097406.29 -6121921.62 14 127
199456 24296399.94 0.000000 2682.54 33 9.980 35.199 -24598685.51 8096625.69 -6106734.52 14 127
199457 24295889.68 0.000000 2681.69 33 9.977 35.195 -24599482.49 8096469.53 -6103696.72 14 127
199458 24295379.60 0.000000 2680.33 33 9.974 35.190 -24600279.11 8096313.36 -6100658.78 14 127
199459 24294869.42 0.000000 2680.48 33 9.971 35.185 -24601075.36 8096157.18 -6097620.72 14 127
199460 24294359.42 0.000000 2680.39 33 9.968 35.181 -24601871.24 8096000.99 -6094582.52 14 127
199465 24291807.41 0.000000 2682.96 33 9.953 35.158 -24605845.14 8095219.84 -6079389.62 14 127
199466 24291297.18 0.000000 2681.46 33 9.950 35.154 -24606638.82 8095063.58 -6076350.65 14 127
199467 24290786.75 0.000000 2682.25 34 9.947 35.149 -24607432.14 8094907.30 -6073311.55 14 127
199468 24290276.58 0.000000 2682.07 34 9.944 35.144 -24608225.08 8094751.00 -6070272.33 14 127
199469 24289766.68 0.000000 2680.26 34 9.941 35.140 -24609017.66 8094594.70 -6067232.97 14 127
199475 24286706.51 0.500000 2681.74 33 9.923 35.112 -24613765.42 8093656.60 -6048994.16 14 127
199476 24286196.34 0.500000 2680.95 33 9.921 35.108 -24614555.43 8093500.21 -6045953.91 14 127
199477 24285686.25 0.500000 2679.38 33 9.918 35.104 -24615345.07 8093343.80 -6042913.53 14 127
199478 24285176.19 0.500000 2679.28 33 9.915 35.099 -24616134.35 8093187.38 -6039873.03 14 127
199479 24284666.37 0.500000 2679.09 33 9.912 35.094 -24616923.25 8093030.95 -6036832.39 14 127
199484 24282114.55 0.500000 2679.87 33 9.897 35.072 -24620862.28 8092248.58 -6021627.30 14 127
199485 24281604.61 0.500000 2679.04 34 9.894 35.067 -24621648.98 8092092.06 -6018585.90 14 127
199486 24281094.45 0.500000 2678.84 34 9.891 35.063 -24622435.31 8091935.53 -6015544.38 14 127
199487 24280584.34 0.500000 2678.72 34 9.888 35.058 -24623221.28 8091778.99 -6012502.72 14 127
199488 24280074.43 0.500000 2678.31 34 9.885 35.054 -24624006.88 8091622.44 -6009460.94 14 127
199489 24279564.31 0.500000 2680.33 33 9.882 35.049 -24624792.12 8091465.87 -6006419.03 14 127
199490 24278543.99 0.000000 2680.92 33 9.876 35.040 -24626361.48 8091152.69 -6000334.83 14 127
199494 24277013.30 0.000000 2679.85 33 9.867 35.027 -24628712.77 8090682.82 -5991207.58 14 127
199495 24276503.41 0.000000 2678.84 33 9.864 35.022 -24629495.80 8090526.17 -5988164.91 14 126
199496 24275993.68 0.000000 2678.53 33 9.861 35.017 -24630278.46 8090369.50 -5985122.11 14 126
199497 24275483.83 0.000000 2679.24 33 9.859 35.013 -24631060.76 8090212.82 -5982079.18 14 126
199498 24274973.85 0.000000 2679.08 33 9.856 35.009 -24631842.68 8090056.13 -5979036.13 14 126
199499 24274463.51 0.000000 2681.06 33 9.853 35.004 -24632624.24 8089899.42 -5975992.96 14 126
199504 24271912.65 0.000000 2679.92 33 9.838 34.981 -24636526.53 8089115.67 -5960775.17 14 126
199505 24271402.83 0.000000 2678.99 33 9.835 34.977 -24637305.88 8088958.87 -5957731.23 14 126
199506 24270892.89 0.000000 2679.69 33 9.832 34.972 -24638084.87 8088802.07 -5954687.17 14 126
199507 24270383.06 0.000000 2679.44 33 9.829 34.967 -24638863.49 8088645.24 -5951642.98 14 126
199514 24266815.11 0.500000 2679.65 32 9.809 34.936 -24644303.53 8087547.07 -5930330.14 14 126
199515 24266304.91 0.500000 2680.23 32 9.806 34.931 -24645079.21 8087390.12 -5927284.95 14 126
199516 24265795.01 0.500000 2679.67 32 9.803 34.927 -24645854.52 8087233.17 -5924239.63 14 126
199517 24265285.07 0.500000 2679.31 33 9.800 34.922 -24646629.46 8087076.19 -5921194.19 14 126
199524 24261718.18 0.500000 2676.50 34 9.780 34.890 -24652043.77 8085976.96 -5899872.57 14 126
199525 24261208.84 0.500000 2676.81 34 9.777 34.886 -24652815.77 8085819.87 -5896826.12 14 126
199526 24260699.12 0.500000 2678.68 34 9.774 34.882 -24653587.40 8085662.76 -5893779.55 14 126
199527 24260189.21 0.500000 2679.48 34 9.771 34.877 -24654358.67 8085505.63 -5890732.85 14 126
199528 24259679.45 0.500000 2678.57 34 9.768 34.873 -24655129.56 8085348.49 -5887686.03 14 126
199536 24255602.94 0.500000 2678.57 33 9.745 34.837 -24661283.51 8084090.79 -5863306.99 14 126
199537 24255093.10 0.500000 2678.38 33 9.742 34.832 -24662051.10 8083933.50 -5860259.05 14 126
199538 24254583.52 0.000000 2677.44 33 9.740 34.828 -24662818.32 8083776.20 -5857210.99 14 126
199539 24254074.05 0.000000 2677.45 33 9.737 34.823 -24663585.17 8083618.88 -5854162.80 14 126
199546 24250509.25 0.000000 2677.32 33 9.717 34.792 -24668942.83 8082517.20 -5832822.02 14 126
199547 24249999.52 0.000000 2678.21 33 9.714 34.787 -24669706.74 8082359.75 -5829772.84 14 126
199548 24249489.92 0.000000 2677.91 33 9.711 34.783 -24670470.28 8082202.29 -5826723.54 14 126
199549 24248980.56 0.000000 2676.72 33 9.708 34.778 -24671233.45 8082044.80 -5823674.12 14 126
199556 24245417.05 0.000000 2673.95 33 9.688 34.746 -24676565.35 8080941.95 -5802324.70 14 126
199557 24244907.83 0.000000 2675.70 33 9.685 34.742 -24677325.58 8080784.33 -5799274.29 14 126
199558 24244398.23 0.000000 2677.04 33 9.683 34.738 -24678085.44 8080626.70 -5796223.76 14 126
199559 24243888.58 0.000000 2676.84 33 9.680 34.733 -24678844.93 8080469.04 -5793173.11 14 126
199560 24243379.05 0.000000 2675.36 33 9.677 34.728 -24679604.06 8080311.37 -5790122.33 14 126
199566 24240323.76 0.000000 2676.37 33 9.660 34.701 -24684151.07 8079364.99 -5771815.10 14 126
199567 24239814.52 0.000000 2675.71 34 9.657 34.697 -24684907.61 8079207.19 -5768763.47 14 126
199568 24239305.32 0.500000 2675.87 34 9.654 34.693 -24685663.79 8079049.38 -5765711.72 14 126
199569 24238796.14 0.500000 2675.62 34 9.651 34.688 -24686419.60 8078891.55 -5762659.84 14 126
199570 24238287.46 0.500000 2674.81 34 9.649 34.684 -24687175.05 8078733.71 -5759607.84 14 126
199579 24233708.62 0.500000 2674.64 33 9.623 34.643 -24693957.46 8077312.28 -5732134.37 14 126
199580 24233199.56 0.500000 2674.78 33 9.621 34.639 -24694709.22 8077154.25 -5729081.15 14 126
199581 24232690.68 0.500000 2673.49 33 9.618 34.634 -24695460.61 8076996.21 -5726027.81 14 126
199582 24232181.87 0.500000 2673.84 33 9.615 34.630 -24696211.63 8076838.14 -5722974.36 14 126
199583 24231672.91 0.500000 2674.98 33 9.612 34.625 -24696962.28 8076680.06 -5719920.78 14 126
199591 24227603.43 0.500000 2673.40 33 9.590 34.590 -24702954.26 8075414.73 -5695487.79 14 126
199592 24227094.68 0.500000 2673.30 33 9.587 34.585 -24703701.60 8075256.48 -5692433.12 14 126
199593 24226585.67 0.500000 2674.00 33 9.584 34.580 -24704448.57 8075098.21 -5689378.34 14 126
199594 24226077.04 0.500000 2672.22 33 9.582 34.576 -24705195.18 8074939.92 -5686323.43 14 126
199595 24225568.62 0.500000 2671.26 33 9.579 34.572 -24705941.41 8074781.61 -5683268.40 14 126
199596 24225060.37 0.500000 2671.29 33 9.576 34.567 -24706687.28 8074623.28 -5680213.25 14 126
199597 24224552.17 0.500000 2671.26 33 9.573 34.563 -24707432.77 8074464.93 -5677157.98 14 126
199604 24220994.48 0.500000 2670.99 35 9.554 34.531 -24712640.93 8073355.96 -5655767.74 14 126
199605 24220486.17 0.500000 2672.64 35 9.551 34.527 -24713383.48 8073197.46 -5652711.51 14 126
199606 24219977.81 0.500000 2673.76 35 9.549 34.523 -24714125.66 8073038.94 -5649655.17 14 126
199607 24219469.25 0.500000 2673.09 35 9.546 34.518 -24714867.48 8072880.39 -5646598.70 14 126
199608 24218960.68 0.500000 2672.82 35 9.543 34.513 -24715608.92 8072721.83 -5643542.11 14 126
199613 24215910.30 0.500000 2670.36 34 9.527 34.487 -24720049.84 8071770.04 -5625200.08 14 126
199616 24214892.80 0.000000 2672.97 34 9.521 34.477 -24721527.20 8071452.62 -5619085.12 14 126
199617 24214383.99 0.000000 2672.06 34 9.518 34.473 -24722265.32 8071293.88 -5616027.46 14 126
199618 24213875.22 0.000000 2672.37 33 9.516 34.469 -24723003.08 8071135.11 -5612969.68 14 126
199619 24213366.44 0.000000 2672.16 33 9.513 34.464 -24723740.47 8070976.33 -5609911.78 14 126
199627 24209300.94 0.000000 2670.95 34 9.491 34.428 -24729626.31 8069705.33 -5585444.33 14 126
199628 24208792.57 0.000000 2671.57 34 9.488 34.424 -24730360.38 8069546.36 -5582385.37 14 126
199629 24208284.36 0.000000 2671.61 34 9.486 34.420 -24731094.08 8069387.37 -5579326.28 14 126
199630 24207776.20 0.000000 2670.17 34 9.483 34.415 -24731827.41 8069228.36 -5576267.08 14 126
199631 24207267.87 0.000000 2671.02 34 9.480 34.411 -24732560.38 8069069.33 -5573207.77 14 126
199638 24203711.71 0.500000 2670.90 34 9.461 34.379 -24737680.80 8067955.52 -5551789.24 14 126
199639 24203203.60 0.500000 2670.58 34 9.459 34.375 -24738410.81 8067796.32 -5548728.97 14 126
199640 24202695.67 0.500000 2670.26 34 9.456 34.371 -24739140.45 8067637.10 -5545668.60 14 126
199641 24202187.96 0.500000 2668.83 34 9.453 34.366 -24739869.73 8067477.86 -5542608.10 14 126
199642 24201680.32 0.500000 2667.98 34 9.451 34.362 -24740598.64 8067318.59 -5539547.49 14 126
199649 24198125.13 0.000000 2667.57 34 9.432 34.330 -24745690.66 8066203.13 -5518119.92 14 126
199650 24197617.49 0.000000 2667.16 34 9.429 34.326 -24746416.61 8066043.69 -5515058.37 14 126
199651 24197109.71 0.000000 2667.06 34 9.426 34.322 -24747142.20 8065884.23 -5511996.70 14 126
199652 24196602.07 0.000000 2667.15 34 9.424 34.317 -24747867.42 8065724.75 -5508934.92 14 126
199653 24196093.00 0.000000 2674.75 34 9.421 34.313 -24748592.26 8065565.24 -5505873.02 14 126
199654 24195585.17 0.000000 2668.91 34 9.417 34.308 -24749316.74 8065405.72 -5502811.01 14 126
199659 24193045.22 0.000000 2668.51 34 9.404 34.286 -24752933.61 8064607.75 -5487499.18 14 125
199660 24192537.42 0.000000 2667.02 34 9.402 34.282 -24753655.87 8064448.08 -5484436.47 14 125
199661 24192029.87 0.000000 2666.63 34 9.399 34.278 -24754377.77 8064288.40 -5481373.64 14 125
199662 24191522.50 0.000000 2666.32 34 9.396 34.273 -24755099.30 8064128.69 -5478310.69 14 125
199663 24191014.94 0.000000 2666.55 34 9.394 34.268 -24755820.46 8063968.97 -5475247.63 14 125
199664 24190507.02 0.500000 2668.49 34 9.391 34.264 -24756541.24 8063809.21 -5472184.45 14 125
199671 24186954.09 0.500000 2667.44 34 9.372 34.233 -24761576.44 8062690.31 -5450738.96 14 125
199672 24186446.61 0.500000 2667.05 34 9.370 34.229 -24762294.27 8062530.38 -5447674.86 14 125
199673 24185938.97 0.500000 2668.17 34 9.367 34.224 -24763011.74 8062370.42 -5444610.64 14 125
199674 24185431.38 0.500000 2667.08 34 9.365 34.220 -24763728.84 8062210.44 -5441546.31 14 125
199675 24184924.18 0.500000 2665.70 34 9.362 34.215 -24764445.57 8062050.44 -5438481.86 15 125
199682 24181371.94 0.500000 2667.10 34 9.344 34.185 -24769452.33 8060929.75 -5417027.50 15 125
199683 24180864.26 0.500000 2666.84 34 9.341 34.180 -24770166.11 8060769.56 -5413962.13 15 125
199684 24180356.69 0.500000 2666.79 34 9.338 34.176 -24770879.51 8060609.34 -5410896.65 15 125
199685 24179849.20 0.500000 2666.54 34 9.336 34.171 -24771592.55 8060449.10 -5407831.05 15 125
199686 24179341.76 0.500000 2666.21 33 9.333 34.166 -24772305.22 8060288.84 -5404765.34 15 125
199693 24175790.40 0.500000 2666.19 33 9.315 34.136 -24777283.55 8059166.33 -5383302.16 15 125
199694 24175283.18 0.000000 2664.43 33 9.312 34.131 -24777993.27 8059005.87 -5380235.53 15 125
199695 24174776.11 0.000000 2663.51 33 9.310 34.127 -24778702.61 8058845.39 -5377168.79 15 125
199696 24174269.26 0.000000 2663.41 33 9.307 34.122 -24779411.59 8058684.89 -5374101.94 15 125
199697 24173762.41 0.000000 2663.50 34 9.304 34.118 -24780120.19 8058524.36 -5371034.97 15 125
199698 24173255.53 0.000000 2663.24 34 9.302 34.113 -24780828.43 8058363.81 -5367967.89 15 125
199699 24172749.04 0.000000 2663.83 34 9.299 34.109 -24781536.29 8058203.23 -5364900.70 15 125
199705 24169706.59 0.000000 2664.71 34 9.284 34.083 -24785775.74 8057239.25 -5346495.15 15 125
199706 24169200.09 0.000000 2663.01 34 9.281 34.078 -24786481.02 8057078.50 -5343427.16 15 125
199707 24168693.54 0.000000 2662.10 34 9.278 34.074 -24787185.93 8056917.73 -5340359.06 15 125
199708 24168186.92 0.000000 2662.31 34 9.276 34.069 -24787890.47 8056756.93 -5337290.85 15 125
199709 24167680.46 0.000000 2661.95 34 9.273 34.065 -24788594.64 8056596.10 -5334222.52 15 125
199710 24167173.79 0.000000 2662.80 34 9.271 34.061 -24789298.45 8056435.25 -5331154.08 15 125
199711 24166666.75 0.000000 2664.72 35 9.268 34.056 -24790001.88 8056274.38 -5328085.53 15 125
199717 24163624.63 0.500000 2662.73 33 9.253 34.030 -24794214.72 8055308.60 -5309671.84 15 125
199718 24163117.98 0.500000 2661.64 33 9.250 34.025 -24794915.57 8055147.55 -5306602.50 15 125
199719 24162611.47 0.500000 2661.34 33 9.248 34.021 -24795616.05 8054986.47 -5303533.05 15 125
199720 24162104.91 0.500000 2661.11 33 9.245 34.016 -24796316.16 8054825.37 -5300463.48 15 125
199721 24161597.95 0.500000 2662.47 33 9.242 34.012 -24797015.90 8054664.24 -5297393.81 15 125
199722 24161090.82 0.500000 2663.98 33 9.240 34.008 -24797715.27 8054503.09 -5294324.02 15 125
199730 24157038.08 0.500000 2663.02 33 9.219 33.972 -24803296.91 8053212.93 -5269761.66 15 125
199731 24156531.70 0.500000 2662.76 34 9.217 33.968 -24803992.96 8053051.54 -5266690.87 15 125
199732 24156025.11 0.500000 2662.50 34 9.214 33.964 -24804688.63 8052890.13 -5263619.96 15 125
199733 24155518.54 0.500000 2662.10 34 9.212 33.959 -24805383.93 8052728.69 -5260548.94 15 125
199734 24155012.02 0.500000 2662.04 34 9.209 33.955 -24806078.87 8052567.22 -5257477.81 15 125
199736 24153493.65 0.500000 2660.20 34 9.201 33.942 -24808161.45 8052082.67 -5248263.75 15 125
199742 24150959.92 126914153.079482 2661.12 33 9.189 33.920 -24811625.03 8051274.54 -5232904.76 15 125
199743 24150453.47 126911491.347399 2661.73 33 9.186 33.916 -24812316.64 8051112.84 -5229832.63 15 125
199744 24149947.05 126908830.106528 2661.24 33 9.184 33.911 -24813007.88 8050951.11 -5226760.39 15 125
199745 24149440.68 126908830.106528 2660.59 34 9.181 33.907 -24813698.74 8050789.35 -5223688.04 15 125
199746 24148934.43 126908830.106528 2659.93 34 9.179 33.902 -24814389.24 8050627.56 -5220615.57 15 125
199754 24144885.37 126908830.106528 2660.65 34 9.158 33.867 -24819899.91 8049332.31 -5196031.90 15 125
199755 24144379.02 126908830.106528 2660.32 34 9.156 33.863 -24820587.08 8049170.28 -5192958.44 15 125
199756 24143872.67 126908830.106528 2660.57 34 9.153 33.858 -24821273.88 8049008.23 -5189884.88 15 125
199757 24143366.59 126908830.106528 2660.17 34 9.151 33.854 -24821960.31 8048846.14 -5186811.21 15 125
199758 24142860.28 126908830.106528 2659.75 34 9.148 33.849 -24822646.37 8048684.03 -5183737.42 15 125
199759 24142354.37 126908830.106528 2658.32 34 9.146 33.845 -24823332.06 8048521.89 -5180663.53 15 125
199765 24139318.61 126908829.606528 2659.66 34 9.131 33.819 -24827438.44 8047548.47 -5162217.86 15 125
199766 24138813.07 126908829.606528 2657.83 34 9.128 33.815 -24828121.54 8047386.14 -5159143.20 15 125
199767 24138307.46 126908829.606528 2657.31 34 9.126 33.810 -24828804.28 8047223.78 -5156068.43 15 125
199768 24137801.98 126908829.606528 2657.17 34 9.123 33.806 -24829486.64 8047061.39 -5152993.55 15 125
199769 24137296.20 126908829.606528 2658.21 34 9.121 33.801 -24830168.63 8046898.97 -5149918.56 15 125
199770 24136790.19 126908829.606528 2659.52 34 9.118 33.797 -24830850.25 8046736.53 -5146843.46 15 125
199771 24136283.87 126908829.606528 2660.14 33 9.116 33.793 -24831531.50 8046574.05 -5143768.26 15 125
199779 24132235.74 126908829.606528 2667.36 33 9.096 33.758 -24836968.20 8045273.24 -5119162.69 15 125
199780 24131728.45 126908829.606528 2666.03 33 9.093 33.753 -24837646.13 8045110.51 -5116086.51 15 125
199781 24131222.79 126908829.606528 2657.20 33 9.091 33.749 -24838323.68 8044947.76 -5113010.22 15 125
199784 24129705.13 126908829.606528 2658.20 32 9.083 33.736 -24840354.12 8044459.31 -5103780.69 15 125
199785 24129199.09 126908829.606528 2658.55 32 9.081 33.731 -24841030.19 8044296.43 -5100703.96 15 125
199786 24128693.47 126908829.606528 2656.97 33 9.078 33.727 -24841705.89 8044133.53 -5097627.13 15 125
199787 24128188.17 126908829.606528 2655.88 33 9.076 33.723 -24842381.22 8043970.60 -5094550.19 15 125
199788 24127682.77 126908829.606528 2655.80 33 9.073 33.719 -24843056.19 8043807.64 -5091473.14 15 125
199789 24127177.45 126908829.606528 2655.68 33 9.071 33.714 -24843730.78 8043644.65 -5088395.98 15 125
199790 24126672.06 126908829.606528 2655.56 34 9.068 33.710 -24844405.00 8043481.63 -5085318.72 15 125
199791 24126166.58 126908829.606528 2656.98 34 9.066 33.705 -24845078.86 8043318.58 -5082241.35 15 125
199792 24125660.99 126908829.606528 2656.76 34 9.063 33.701 -24845752.34 8043155.51 -5079163.87 15 125
199793 24125155.37 126908829.606528 2657.05 34 9.061 33.697 -24846425.45 8042992.40 -5076086.28 15 125
199794 24124649.82 126908829.606528 2657.02 34 9.059 33.692 -24847098.19 8042829.26 -5073008.59 15 125
199795 24124144.46 126908829.606528 2655.92 34 9.056 33.688 -24847770.56 8042666.10 -5069930.78 15 125
199803 24120102.92 126908830.106528 2657.09 34 9.036 33.653 -24853136.22 8041359.71 -5045304.51 15 125
199804 24119597.53 126908830.106528 2656.40 34 9.034 33.649 -24853805.26 8041196.28 -5042225.74 15 125
199805 24119092.24 126908830.106528 2656.10 34 9.031 33.644 -24854473.93 8041032.82 -5039146.87 15 125
199806 24118587.41 126908830.106528 2654.34 34 9.029 33.640 -24855142.23 8040869.33 -5036067.89 15 125
199807 24118082.41 126908830.106528 2654.06 34 9.027 33.636 -24855810.16 8040705.80 -5032988.80 15 125
199817 24113030.90 126908830.106528 2653.47 32 9.002 33.592 -24862469.11 8039068.92 -5002192.09 15 125
199818 24112526.00 126908830.106528 2652.65 32 9.000 33.588 -24863132.97 8038905.06 -4999111.84 15 125
199819 24112020.66 126908830.106528 2654.53 32 8.997 33.583 -24863796.46 8038741.18 -4996031.48 15 125
199820 24111515.55 126908830.106528 2653.96 33 8.995 33.579 -24864459.57 8038577.26 -4992951.01 15 125
199821 24111010.24 126908830.106528 2654.48 33 8.992 33.575 -24865122.32 8038413.31 -4989870.44 15 125
199822 24110505.17 126908830.106528 2653.49 33 8.990 33.571 -24865784.70 8038249.33 -4986789.76 15 124
199823 24110000.23 126908830.106528 2652.91 33 8.988 33.566 -24866446.71 8038085.32 -4983708.98 15 124
199832 24105458.16 126908830.106528 2652.90 34 8.966 33.527 -24872388.11 8036607.84 -4955977.19 15 124
199833 24104953.26 126908830.106528 2654.25 34 8.963 33.523 -24873046.41 8036443.52 -4952895.35 15 124
199834 24104448.70 126908830.106528 2653.63 34 8.961 33.518 -24873704.35 8036279.17 -4949813.41 15 124
199835 24103943.84 126908830.106528 2653.70 35 8.958 33.514 -24874361.91 8036114.78 -4946731.37 15 124
199845 24098898.51 126908830.106528 2651.80 32 8.934 33.471 -24880917.17 8034469.20 -4915905.16 15 124
199846 24098393.65 126908830.106528 2652.33 32 8.932 33.466 -24881570.66 8034304.47 -4912821.97 15 124
199847 24097889.09 126908830.106528 2651.62 32 8.930 33.462 -24882223.78 8034139.70 -4909738.67 15 124
199848 24097384.56 126908830.106528 2651.54 32 8.927 33.458 -24882876.53 8033974.90 -4906655.27 15 124
199849 24096879.79 126908830.106528 2651.80 32 8.925 33.454 -24883528.91 8033810.07 -4903571.76 15 124
199850 24096375.34 126908830.106528 2651.14 33 8.922 33.449 -24884180.92 8033645.21 -4900488.15 15 124
199857 24092845.90 126908830.106528 2650.06 34 8.906 33.419 -24888734.60 8032490.27 -4878899.99 15 124
199858 24092341.29 126908830.106528 2651.25 34 8.903 33.414 -24889383.64 8032325.15 -4875815.55 15 124
199859 24091836.84 126908830.106528 2650.84 34 8.901 33.410 -24890032.31 8032159.99 -4872731.01 15 124
199859 24091332.42 126908830.106528 2650.73 34 8.901 33.410 -24890032.31 8032159.99 -4872731.01 15 124
199868 24087299.36 126908829.606528 2649.62 35 8.880 33.371 -24895853.70 8030672.12 -4844965.50 15 124
199869 24086795.15 126908829.606528 2649.78 35 8.877 33.367 -24896498.67 8030506.64 -4841879.93 15 124
199870 24086290.68 126908829.606528 2650.11 35 8.875 33.363 -24897143.27 8030341.12 -4838794.26 15 124
199871 24085786.34 126908829.606528 2649.91 35 8.872 33.359 -24897787.49 8030175.57 -4835708.48 15 124
199872 24085282.15 126908829.606528 2649.33 35 8.870 33.354 -24898431.35 8030009.98 -4832622.61 15 124
199880 24081251.85 126908829.606528 2648.49 35 8.851 33.319 -24903568.86 8028684.10 -4807931.91 15 124
199881 24080747.83 126908829.606528 2648.21 35 8.849 33.316 -24904209.38 8028518.21 -4804845.11 15 124
199882 24080243.58 126908829.606528 2648.47 34 8.846 33.311 -24904849.53 8028352.29 -4801758.22 15 124
199883 24079739.51 126908829.606528 2647.68 34 8.844 33.307 -24905489.31 8028186.34 -4798671.22 15 124
199884 24079235.36 126908829.606528 2648.12 34 8.842 33.302 -24906128.72 8028020.35 -4795584.11 15 124
199895 24073695.89 126908829.606528 2644.31 33 8.816 33.255 -24913137.76 8026192.21 -4761619.32 15 124
199896 24073192.42 126908829.606528 2645.65 33 8.814 33.251 -24913772.72 8026025.81 -4758531.00 15 124
199897 24072688.63 126908829.606528 2647.86 33 8.811 33.246 -24914407.31 8025859.37 -4755442.58 15 124
199898 24072184.91 126908829.606528 2647.58 33 8.809 33.242 -24915041.53 8025692.90 -4752354.07 15 124
199899 24071681.10 126908829.606528 2647.89 34 8.807 33.238 -24915675.38 8025526.40 -4749265.45 15 124
199900 24071177.20 126908829.606528 2647.76 34 8.804 33.234 -24916308.86 8025359.86 -4746176.73 15 124
199908 24067151.07 126908829.606528 2646.45 33 8.786 33.199 -24921363.33 8024026.28 -4721463.38 16 124
199909 24066647.87 126908829.606528 2644.52 34 8.783 33.195 -24921993.48 8023859.42 -4718373.76 16 124
199910 24066144.63 126908829.606528 2644.51 34 8.781 33.191 -24922623.25 8023692.53 -4715284.04 16 124
199911 24065641.08 126908829.606528 2645.49 34 8.779 33.186 -24923252.65 8023525.60 -4712194.22 16 124
199912 24065137.57 126908829.606528 2645.17 34 8.777 33.182 -24923881.67 8023358.64 -4709104.30 16 124
199913 24064634.22 126908829.606528 2644.54 34 8.774 33.178 -24924510.33 8023191.65 -4706014.28 16 124
199920 24061111.78 126908829.606528 2643.43 34 8.758 33.148 -24928900.56 8022021.67 -4684381.36 16 124
199921 24060608.46 126908829.606528 2644.56 34 8.756 33.144 -24929526.25 8021854.38 -4681290.54 16 124
199922 24060105.20 126908829.606528 2644.12 34 8.753 33.139 -24930151.57 8021687.06 -4678199.63 16 124
199923 24059601.77 126908829.606528 2644.87 34 8.751 33.135 -24930776.52 8021519.71 -4675108.61 16 124
199924 24059098.44 126908829.606528 2644.21 34 8.749 33.131 -24931401.10 8021352.32 -4672017.50 16 124
199932 24055077.14 126908829.606528 2643.27 35 8.731 33.097 -24936384.38 8020011.88 -4647285.05 16 124
199933 24054574.46 126908829.606528 2641.71 35 8.728 33.092 -24937005.62 8019844.16 -4644193.05 16 124
199934 24054071.86 126908829.606528 2641.42 34 8.726 33.088 -24937626.49 8019676.41 -4641100.95 16 124
199935 24053569.22 126908829.606528 2641.14 34 8.724 33.084 -24938246.99 8019508.62 -4638008.75 16 124
199936 24053066.60 126908829.606528 2640.96 34 8.721 33.079 -24938867.12 8019340.79 -4634916.46 16 124
199937 24052563.55 126908829.606528 2642.86 34 8.719 33.075 -24939486.88 8019172.93 -4631824.07 16 124
199938 24052060.41 126908829.606528 2643.62 34 8.717 33.071 -24940106.26 8019005.02 -4628731.58 16 124
199945 24048542.02 126908829.606528 2639.71 34 8.701 33.041 -24944431.58 8017828.68 -4607081.40 16 124
199946 24048039.83 126908829.606528 2638.52 33 8.699 33.037 -24945048.00 8017660.48 -4603988.12 16 124
199947 24047537.36 126908829.606528 2639.75 33 8.696 33.032 -24945664.05 8017492.25 -4600894.75 16 124
199948 24047034.76 126908829.606528 2640.79 33 8.694 33.028 -24946279.73 8017323.98 -4597801.28 16 124
199949 24046531.85 126908829.606528 2642.03 34 8.692 33.024 -24946895.03 8017155.67 -4594707.72 16 124
199950 24046029.20 126908829.606528 2641.48 34 8.690 33.020 -24947509.97 8016987.32 -4591614.06 16 124
199959 24041508.90 126908829.606528 2640.37 32 8.669 32.981 -24953027.69 8015470.51 -4563766.72 16 124
199960 24041006.20 126908829.606528 2641.08 32 8.667 32.977 -24953638.92 8015301.78 -4560672.09 16 124
199961 24040503.64 126908829.606528 2640.38 32 8.665 32.973 -24954249.77 8015133.02 -4557577.36 16 124
199962 24040001.21 126908829.606528 2639.81 32 8.663 32.968 -24954860.25 8014964.22 -4554482.53 16 124
199963 24039498.69 126908829.606528 2640.46 33 8.660 32.964 -24955470.36 8014795.38 -4551387.61 16 124
199973 24034478.96 126908829.606528 2636.49 33 8.638 32.922 -24961551.08 8013104.90 -4520433.10 16 124
199974 24033977.35 126908829.606528 2636.20 33 8.636 32.917 -24962157.11 8012935.64 -4517337.12 16 124
199975 24033475.93 126908829.606528 2635.84 34 8.634 32.913 -24962762.76 8012766.34 -4514241.05 16 124
199976 24032974.25 126908829.606528 2636.62 34 8.631 32.909 -24963368.05 8012597.00 -4511144.88 16 124
199977 24032472.31 126908829.606528 2638.77 34 8.629 32.905 -24963972.97 8012427.63 -4508048.61 16 124
199978 24031970.14 126908829.606528 2639.07 34 8.627 32.900 -24964577.51 8012258.21 -4504952.25 16 124
199983 24028962.73 126908829.606528 2635.90 36 8.614 32.875 -24968197.00 8011240.90 -4486372.09 16 123
199987 24027458.66 126908829.606528 2636.64 35 8.607 32.862 -24970001.73 8010731.72 -4477080.72 16 123
199988 24026956.90 126908829.606528 2636.29 35 8.605 32.858 -24970602.56 8010561.91 -4473983.41 16 123
199989 24026454.84 126908829.606528 2636.61 35 8.602 32.854 -24971203.02 8010392.07 -4470886.00 16 123
199990 24025953.20 126908829.606528 2635.05 34 8.600 32.849 -24971803.11 8010222.18 -4467788.50 16 123
199991 24025451.41 126908829.606528 2636.04 34 8.598 32.845 -24972402.84 8010052.26 -4464690.91 16 123
199992 24024949.57 126908829.606528 2636.35 34 8.596 32.841 -24973002.19 8009882.29 -4461593.21 16 123
199999 24021436.67 126908829.606528 2636.51 32 8.580 32.812 -24977187.24 8008691.43 -4439906.74 16 123
200000 24020935.03 126908829.606528 2635.82 33 8.578 32.807 -24977783.62 8008521.15 -4436808.29 16 123
200001 24020433.29 126908829.606528 2636.29 33 8.576 32.803 -24978379.63 8008350.82 -4433709.76 16 123
200002 24019931.69 126908829.606528 2635.89 33 8.574 32.799 -24978975.27 8008180.46 -4430611.12 16 123
200003 24019430.20 126908829.606528 2635.35 33 8.572 32.794 -24979570.53 8008010.06 -4427512.40 16 123
200011 24015421.32 126908830.106528 2632.57 34 8.554 32.761 -24984319.30 8006645.38 -4402719.22 16 123
200012 24014920.32 126908830.106528 2633.78 34 8.552 32.756 -24984911.23 8006474.62 -4399619.65 16 123
200013 24014419.44 126908830.106528 2634.82 34 8.550 32.752 -24985502.78 8006303.81 -4396519.99 16 123
200014 24013918.31 126908830.106528 2634.35 34 8.548 32.748 -24986093.96 8006132.96 -4393420.24 16 123
200015 24013417.21 126908830.106528 2634.06 34 8.545 32.744 -24986684.77 8005962.07 -4390320.39 16 123
200016 24012916.11 126908830.106528 2633.80 34 8.543 32.740 -24987275.21 8005791.14 -4387220.45 16 123
200023 24009408.87 126908830.106528 2630.83 33 8.528 32.710 -24991397.90 8004593.49 -4365518.27 16 123
200024 24008907.65 126908830.106528 2632.49 33 8.526 32.706 -24991985.37 8004422.23 -4362417.59 16 123
200025 24008406.25 126908830.106528 2633.84 33 8.524 32.701 -24992572.47 8004250.93 -4359316.81 16 123
200026 24007904.86 126908830.106528 2633.47 33 8.521 32.697 -24993159.20 8004079.59 -4356215.95 16 123
200027 24007403.49 126908830.106528 2633.44 33 8.519 32.693 -24993745.55 8003908.21 -4353114.99 16 123
200036 24002897.94 126908830.106528 2632.23 34 8.500 32.655 -24999006.05 8002363.90 -4325202.22 16 123
200037 24002397.35 126908830.106528 2631.64 35 8.498 32.651 -24999588.69 8002192.10 -4322100.35 16 123
200038 24001896.70 126908830.106528 2631.33 35 8.495 32.647 -25000170.96 8002020.26 -4318998.38 16 123
200039 24001396.08 126908830.106528 2630.93 35 8.493 32.643 -25000752.86 8001848.38 -4315896.32 16 123
200047 23997393.76 126908830.106528 2630.58 35 8.476 32.609 -25005394.69 8000471.81 -4291076.55 16 123
200048 23996893.18 126908829.606528 2630.46 35 8.474 32.604 -25005973.25 8000299.54 -4287973.67 16 123
200049 23996392.76 126908829.606528 2629.16 35 8.472 32.601 -25006551.43 8000127.24 -4284870.70 16 123
200050 23995892.14 126908829.606528 2629.97 34 8.470 32.596 -25007129.25 7999954.89 -4281767.63 16 123
200051 23995391.75 126908829.606528 2628.73 34 8.468 32.592 -25007706.69 7999782.50 -4278664.48 16 123
200052 23994891.32 126908829.606528 2628.99 34 8.465 32.588 -25008283.76 7999610.07 -4275561.24 16 123
200059 23991389.34 126908829.606528 2629.39 34 8.450 32.558 -25012312.87 7998401.84 -4253836.00 16 123
200060 23990889.34 126908829.606528 2628.39 34 8.448 32.555 -25012886.97 7998229.06 -4250732.03 16 123
200061 23990389.27 126908829.606528 2627.08 34 8.446 32.550 -25013460.70 7998056.24 -4247627.98 16 123
200062 23989889.43 126908829.606528 2626.49 34 8.444 32.546 -25014034.06 7997883.38 -4244523.83 16 123
200063 23989389.81 126908829.606528 2625.91 34 8.442 32.542 -25014607.04 7997710.47 -4241419.60 16 123
200068 23986888.81 126908830.106528 2628.62 34 8.431 32.521 -25017466.40 7996845.30 -4225897.07 16 123
200069 23986388.74 126908830.106528 2627.86 34 8.429 32.516 -25018037.16 7996672.13 -4222792.30 16 123
200070 23985888.71 126908830.106528 2627.38 33 8.427 32.512 -25018607.55 7996498.92 -4219687.43 16 123
200071 23985389.04 126908830.106528 2625.82 33 8.425 32.508 -25019177.56 7996325.67 -4216582.48 16 123
200078 23981889.28 126908830.106528 2625.42 33 8.410 32.479 -25023157.26 7995111.67 -4194845.31 16 123
200079 23981389.29 126908830.106528 2625.67 33 8.408 32.475 -25023724.30 7994938.06 -4191739.65 16 123
200080 23980889.22 126908830.106528 2626.10 33 8.406 32.470 -25024290.98 7994764.41 -4188633.90 16 123
200081 23980389.26 126908830.106528 2626.19 33 8.404 32.466 -25024857.28 7994590.72 -4185528.05 16 123
200082 23979889.76 126908830.106528 2624.45 33 8.402 32.462 -25025423.20 7994416.98 -4182422.12 16 123
200091 23975395.34 126908830.106528 2625.01 35 8.383 32.425 -25030499.84 7992851.35 -4154464.76 16 123
200092 23974895.81 126908830.106528 2624.82 35 8.381 32.420 -25031062.05 7992677.17 -4151357.95 16 123
200093 23974396.60 126908830.106528 2624.45 35 8.379 32.416 -25031623.90 7992502.94 -4148251.04 16 123
200094 23973897.21 126908830.106528 2624.90 35 8.376 32.412 -25032185.37 7992328.67 -4145144.05 16 123
200102 23969904.43 126908830.106528 2621.54 35 8.360 32.379 -25036663.75 7990932.88 -4120284.98 16 123
200103 23969405.66 126908830.106528 2620.92 34 8.358 32.374 -25037221.88 7990758.20 -4117177.20 16 123
200104 23968906.88 126908830.106528 2620.86 34 8.356 32.370 -25037779.63 7990583.48 -4114069.33 16 123
200105 23968408.10 126908830.106528 2620.72 34 8.354 32.366 -25038337.01 7990408.71 -4110961.38 16 123
200106 23967908.79 126908830.106528 2623.02 34 8.351 32.362 -25038894.03 7990233.90 -4107853.34 16 123
200106 23967409.45 126908830.106528 2623.68 33 8.351 32.362 -25038894.03 7990233.90 -4107853.34 16 123
200108 23966910.10 126908830.106528 2624.12 33 8.347 32.354 -25040006.93 7989884.14 -4101637.00 16 123
200117 23962421.08 126908830.106528 2621.10 34 8.329 32.316 -25044996.63 7988307.94 -4073659.18 16 123
200118 23961922.41 126908830.106528 2621.86 34 8.327 32.312 -25045549.18 7988132.58 -4070550.10 16 123
200119 23961423.86 126908830.106528 2620.84 34 8.325 32.308 -25046101.36 7987957.17 -4067440.94 16 123
