199376 261
199377 261
199378 261
199379 261
199380 261
199381 261
199382 261
199386 261
199387 261
199388 261
199389 261
199395 261
199396 261
199397 261
199398 261
199402 261
199404 261
199405 261
199406 261
199407 261
199413 261
199414 261
199415 261
199416 261
199417 261
199418 261
199426 261
199427 261
199428 261
199429 261
199430 261
199437 261
199438 261
199439 261
199440 261
199441 261
199442 261
199446 261
199447 261
199448 261
199449 261
199450 261
199451 261
199456 261
199457 261
199458 261
199459 261
199460 261
199465 261
199466 261
199467 261
199468 261
199469 261
199475 261
199476 261
199477 261
199478 261
199479 261
199484 261
199485 261
199486 261
199487 261
199488 261
199489 261
199490 261
199494 261
199495 261
199496 261
199497 261
199498 261
199499 261
199504 261
199505 261
199506 261
199507 261
199514 261
199515 261
199516 261
199517 261
199524 261
199525 261
199526 261
199527 261
199528 261
199536 261
199537 261
199538 261
199539 261
199546 261
199547 261
199548 261
199549 261
199556 261
199557 261
199558 261
199559 261
199560 261
199566 261
199567 261
199568 261
199569 261
199570 261
199579 261
199580 261
199581 261
199582 261
199583 261
199591 261
199592 261
199593 261
199594 261
199595 261
199596 261
199597 261
199604 261
199605 261
199606 261
199607 261
199608 261
199613 261
199616 261
199617 261
199618 261
199619 261
199627 261
199628 261
199629 261
199630 261
199631 261
199638 261
199639 261
199640 261
199641 261
199642 261
199649 261
199650 261
199651 261
199652 261
199653 261
199654 261
199659 261
199660 261
199661 261
199662 261
199663 261
199664 261
199671 261
199672 261
199673 261
199674 261
199675 261
199682 261
199683 261
199684 261
199685 261
199686 261
199693 261
199694 261
199695 261
199696 261
199697 261
199698 261
199699 261
199705 261
199706 261
199707 261
199708 261
199709 261
199710 261
199711 261
199717 261
199718 261
199719 261
199720 261
199721 261
199722 261
199730 261
199731 261
199732 261
199733 261
199734 261
199736 261
199742 261
199743 261
199744 261
199745 261
199746 261
199754 261
199755 261
199756 261
199757 261
199758 261
199759 261
199765 261
199766 261
199767 261
199768 261
199769 261
199770 261
199771 261
199779 261
199780 261
199781 261
199784 261
199785 261
199786 261
199787 261
199788 261
199789 261
199790 261
199791 261
199792 261
199793 261
199794 261
199795 261
199803 261
199804 261
199805 261
199806 261
199807 261
199817 261
199818 261
199819 261
199820 261
199821 261
199822 261
199823 261
199832 261
199833 261
199834 261
199835 261
199845 261
199846 261
199847 261
199848 261
199849 261
199850 261
199857 261
199858 261
199859 261
199859 261
199868 261
199869 261
199870 261
199871 261
199872 261
199880 261
199881 261
199882 261
199883 261
199884 261
199895 261
199896 261
199897 261
199898 261
199899 261
199900 261
199908 261
199909 261
199910 261
199911 261
199912 261
199913 261
199920 261
199921 261
199922 261
199923 261
199924 261
199932 261
199933 261
199934 261
199935 261
199936 261
199937 261
199938 261
199945 261
199946 261
199947 261
199948 261
199949 261
199950 261
199959 261
199960 261
199961 261
199962 261
199963 261
199973 261
199974 261
199975 261
199976 261
199977 261
199978 261
199983 261
199987 261
199988 261
199989 261
199990 261
199991 261
199992 261
199999 261
200000 261
200001 261
200002 261
200003 261
200011 261
200012 261
200013 261
200014 261
200015 261
200016 261
200023 261
200024 261
200025 261
200026 261
200027 261
200036 261
200037 261
200038 261
200039 261
200047 261
200048 261
200049 261
200050 261
200051 261
200052 261
200059 261
200060 261
200061 261
200062 261
200063 261
200068 261
200069 261
200070 261
200071 261
200078 261
200079 261
200080 261
200081 261
200082 261
200091 261
200092 261
200093 261
200094 261
200102 261
200103 261
200104 261
200105 261
200106 261
200106 261
200108 261
200117 261
200118 261
200119 261
