199376 7 30.46257148 114.61501316 39.11 0.00 0.00 0.00 0.00 0.00 0.0 -2291884.22 5002445.75 3214698.49 0.00 0.00 0.00 0.998 0.528 0.847 0.383 0.364 0.674
199377 7 30.46257151 114.61501302 39.11 0.00 0.00 0.00 0.00 0.00 0.0 -2291884.20 5002445.75 3214698.49 0.00 0.00 0.00 0.998 0.528 0.847 0.383 0.364 0.674
199378 7 30.46257152 114.61501287 39.11 0.00 0.00 0.00 0.00 0.00 0.0 -2291884.19 5002445.75 3214698.49 0.00 0.00 0.00 0.998 0.528 0.847 0.383 0.364 0.674
199379 7 30.46257156 114.61501272 39.11 0.00 0.00 0.00 0.00 0.00 0.0 -2291884.17 5002445.76 3214698.49 0.00 0.00 0.00 0.998 0.528 0.847 0.383 0.364 0.674
199380 7 30.46257161 114.61501260 39.11 0.00 0.00 0.00 0.00 0.00 0.0 -2291884.16 5002445.76 3214698.50 0.00 0.00 0.00 0.998 0.528 0.847 0.383 0.364 0.674
199381 7 30.46257164 114.61501251 39.10 0.00 0.00 0.00 0.00 0.00 0.0 -2291884.15 5002445.76 3214698.50 0.00 0.00 0.00 0.998 0.528 0.847 0.383 0.364 0.674
199382 7 30.46257163 114.61501244 39.10 0.00 0.00 0.00 0.00 0.00 0.0 -2291884.15 5002445.76 3214698.50 0.00 0.00 0.00 0.998 0.528 0.847 0.383 0.364 0.674
199386 7 30.46257161 114.61501216 39.10 0.00 0.00 0.00 0.00 0.00 0.0 -2291884.12 5002445.77 3214698.49 0.00 0.00 0.00 0.998 0.528 0.847 0.382 0.364 0.674
199387 7 30.46257162 114.61501207 39.10 0.00 0.00 0.00 0.00 0.00 0.0 -2291884.11 5002445.77 3214698.49 0.00 0.00 0.00 0.998 0.528 0.847 0.382 0.364 0.674
199388 7 30.46257162 114.61501198 39.09 0.00 0.00 0.00 0.00 0.00 0.0 -2291884.10 5002445.77 3214698.49 0.00 0.00 0.00 0.998 0.528 0.847 0.382 0.364 0.674
199389 7 30.46257162 114.61501193 39.10 0.00 0.00 0.00 0.00 0.00 0.0 -2291884.10 5002445.77 3214698.49 0.00 0.00 0.00 0.998 0.528 0.847 0.382 0.364 0.674
199395 7 30.46257154 114.61501173 39.09 0.00 0.00 0.00 0.00 0.00 0.0 -2291884.08 5002445.79 3214698.49 0.00 0.00 0.00 0.998 0.528 0.847 0.382 0.364 0.674
199396 7 30.46257154 114.61501175 39.09 0.00 0.00 0.00 0.00 0.00 0.0 -2291884.08 5002445.79 3214698.48 0.00 0.00 0.00 0.998 0.528 0.847 0.382 0.364 0.674
199397 7 30.46257154 114.61501177 39.10 0.00 0.00 0.00 0.00 0.00 0.0 -2291884.09 5002445.78 3214698.48 0.00 0.00 0.00 0.998 0.528 0.847 0.382 0.364 0.674
199398 7 30.46257154 114.61501180 39.10 0.00 0.00 0.00 0.00 0.00 0.0 -2291884.09 5002445.78 3214698.49 0.00 0.00 0.00 0.998 0.528 0.847 0.382 0.364 0.674
199402 7 30.46257160 114.61501176 39.10 0.00 0.00 0.00 0.00 0.00 0.0 -2291884.08 5002445.78 3214698.49 0.00 0.00 0.00 0.998 0.528 0.847 0.382 0.364 0.674
199404 7 30.46257163 114.61501183 39.10 0.00 0.00 0.00 0.00 0.00 0.0 -2291884.09 5002445.78 3214698.50 0.00 0.00 0.00 0.998 0.528 0.847 0.382 0.364 0.674
199405 7 30.46257160 114.61501185 39.10 0.00 0.00 0.00 0.00 0.00 0.0 -2291884.09 5002445.78 3214698.49 0.00 0.00 0.00 0.998 0.528 0.847 0.382 0.364 0.674
199406 7 30.46257158 114.61501186 39.10 0.00 0.00 0.00 0.00 0.00 0.0 -2291884.09 5002445.78 3214698.49 0.00 0.00 0.00 0.998 0.528 0.847 0.382 0.364 0.674
199407 7 30.46257160 114.61501186 39.10 0.00 0.00 0.00 0.00 0.00 0.0 -2291884.09 5002445.78 3214698.49 0.00 0.00 0.00 0.998 0.528 0.847 0.382 0.364 0.674
199413 7 30.46257164 114.61501202 39.11 0.00 0.00 0.00 0.00 0.00 0.0 -2291884.11 5002445.78 3214698.50 0.00 0.00 0.00 0.998 0.528 0.847 0.382 0.364 0.674
199414 7 30.46257162 114.61501206 39.11 0.00 0.00 0.00 0.00 0.00 0.0 -2291884.11 5002445.78 3214698.50 0.00 0.00 0.00 0.998 0.528 0.847 0.382 0.364 0.674
199415 7 30.46257161 114.61501210 39.11 0.00 0.00 0.00 0.00 0.00 0.0 -2291884.12 5002445.78 3214698.50 0.00 0.00 0.00 0.998 0.528 0.847 0.382 0.364 0.674
199416 7 30.46257158 114.61501214 39.11 0.00 0.00 0.00 0.00 0.00 0.0 -2291884.12 5002445.78 3214698.50 0.00 0.00 0.00 0.998 0.528 0.847 0.382 0.364 0.674
199417 7 30.46257155 114.61501217 39.11 0.00 0.00 0.00 0.00 0.00 0.0 -2291884.13 5002445.78 3214698.50 0.00 0.00 0.00 0.998 0.528 0.847 0.382 0.364 0.674
199418 7 30.46257155 114.61501220 39.11 0.00 0.00 0.00 0.00 0.00 0.0 -2291884.13 5002445.78 3214698.49 0.00 0.00 0.00 0.998 0.528 0.847 0.382 0.364 0.674
199426 7 30.46257156 114.61501232 39.10 0.00 0.00 0.00 0.00 0.00 0.0 -2291884.14 5002445.77 3214698.49 0.00 0.00 0.00 0.998 0.528 0.847 0.382 0.364 0.673
199427 7 30.46257154 114.61501234 39.10 0.00 0.00 0.00 0.00 0.00 0.0 -2291884.14 5002445.77 3214698.49 0.00 0.00 0.00 0.998 0.528 0.847 0.382 0.364 0.673
199428 7 30.46257153 114.61501236 39.10 0.00 0.00 0.00 0.00 0.00 0.0 -2291884.14 5002445.77 3214698.49 0.00 0.00 0.00 0.998 0.528 0.847 0.382 0.364 0.673
199429 7 30.46257154 114.61501238 39.10 0.00 0.00 0.00 0.00 0.00 0.0 -2291884.14 5002445.76 3214698.49 0.00 0.00 0.00 0.998 0.528 0.847 0.382 0.364 0.673
199430 7 30.46257153 114.61501239 39.10 0.00 0.00 0.00 0.00 0.00 0.0 -2291884.14 5002445.76 3214698.49 0.00 0.00 0.00 0.998 0.528 0.847 0.382 0.364 0.673
199437 7 30.46257150 114.61501255 39.08 0.00 0.00 0.00 0.00 0.00 0.0 -2291884.15 5002445.75 3214698.48 0.00 0.00 0.00 0.998 0.528 0.846 0.382 0.364 0.673
199438 7 30.46257154 114.61501255 39.08 0.00 0.00 0.00 0.00 0.00 0.0 -2291884.15 5002445.74 3214698.48 0.00 0.00 0.00 0.998 0.528 0.846 0.382 0.364 0.673
199439 7 30.46257157 114.61501256 39.08 0.00 0.00 0.00 0.00 0.00 0.0 -2291884.15 5002445.74 3214698.48 0.00 0.00 0.00 0.998 0.528 0.846 0.382 0.364 0.673
199440 7 30.46257160 114.61501256 39.08 0.00 0.00 0.00 0.00 0.00 0.0 -2291884.15 5002445.74 3214698.48 0.00 0.00 0.00 0.998 0.528 0.846 0.382 0.364 0.673
199441 7 30.46257165 114.61501259 39.07 0.00 0.00 0.00 0.00 0.00 0.0 -2291884.15 5002445.73 3214698.48 0.00 0.00 0.00 0.998 0.528 0.846 0.382 0.364 0.673
199442 7 30.46257167 114.61501262 39.07 0.00 0.00 0.00 0.00 0.00 0.0 -2291884.15 5002445.73 3214698.49 0.00 0.00 0.00 0.997 0.528 0.846 0.382 0.364 0.673
199446 7 30.46257187 114.61501266 39.06 0.00 0.00 0.00 0.00 0.00 0.0 -2291884.14 5002445.71 3214698.50 0.00 0.00 0.00 0.997 0.528 0.846 0.382 0.364 0.673
199447 7 30.46257195 114.61501266 39.06 0.00 0.00 0.00 0.00 0.00 0.0 -2291884.14 5002445.70 3214698.51 0.00 0.00 0.00 0.997 0.528 0.846 0.382 0.364 0.673
199448 7 30.46257202 114.61501264 39.06 0.00 0.00 0.00 0.00 0.00 0.0 -2291884.14 5002445.70 3214698.51 0.00 0.00 0.00 0.997 0.528 0.846 0.382 0.364 0.673
199449 7 30.46257202 114.61501265 39.06 0.00 0.00 0.00 0.00 0.00 0.0 -2291884.14 5002445.69 3214698.51 0.00 0.00 0.00 0.997 0.528 0.846 0.382 0.364 0.673
199450 7 30.46257202 114.61501264 39.06 0.00 0.00 0.00 0.00 0.00 0.0 -2291884.14 5002445.69 3214698.51 0.00 0.00 0.00 0.997 0.528 0.846 0.382 0.364 0.673
199451 7 30.46257194 114.61501263 39.05 0.00 0.00 0.00 0.00 0.00 0.0 -2291884.14 5002445.70 3214698.50 0.00 0.00 0.00 0.997 0.528 0.846 0.382 0.364 0.673
199456 7 30.46257168 114.61501259 39.05 0.00 0.00 0.00 0.00 0.00 0.0 -2291884.14 5002445.71 3214698.48 0.00 0.00 0.00 0.997 0.528 0.846 0.382 0.364 0.673
199457 7 30.46257165 114.61501258 39.05 0.00 0.00 0.00 0.00 0.00 0.0 -2291884.14 5002445.71 3214698.47 0.00 0.00 0.00 0.997 0.528 0.846 0.382 0.364 0.673
199458 7 30.46257163 114.61501257 39.05 0.00 0.00 0.00 0.00 0.00 0.0 -2291884.14 5002445.71 3214698.47 0.00 0.00 0.00 0.997 0.528 0.846 0.382 0.364 0.673
199459 7 30.46257160 114.61501258 39.05 0.00 0.00 0.00 0.00 0.00 0.0 -2291884.14 5002445.71 3214698.47 0.00 0.00 0.00 0.997 0.528 0.846 0.382 0.364 0.673
199460 7 30.46257156 114.61501259 39.05 0.00 0.00 0.00 0.00 0.00 0.0 -2291884.14 5002445.71 3214698.46 0.00 0.00 0.00 0.997 0.528 0.846 0.382 0.364 0.673
199465 7 30.46257152 114.61501268 39.04 0.00 0.00 0.00 0.00 0.00 0.0 -2291884.15 5002445.70 3214698.45 0.00 0.00 0.00 0.997 0.528 0.846 0.382 0.364 0.673
199466 7 30.46257156 114.61501270 39.03 0.00 0.00 0.00 0.00 0.00 0.0 -2291884.14 5002445.70 3214698.46 0.00 0.00 0.00 0.997 0.528 0.846 0.382 0.364 0.673
199467 7 30.46257157 114.61501272 39.03 0.00 0.00 0.00 0.00 0.00 0.0 -2291884.15 5002445.70 3214698.46 0.00 0.00 0.00 0.997 0.528 0.846 0.382 0.364 0.673
199468 7 30.46257159 114.61501274 39.03 0.00 0.00 0.00 0.00 0.00 0.0 -2291884.15 5002445.69 3214698.46 0.00 0.00 0.00 0.997 0.528 0.846 0.382 0.364 0.673
199469 7 30.46257163 114.61501276 39.03 0.00 0.00 0.00 0.00 0.00 0.0 -2291884.15 5002445.69 3214698.46 0.00 0.00 0.00 0.997 0.528 0.846 0.382 0.364 0.673
199475 7 30.46257186 114.61501281 39.02 0.00 0.00 0.00 0.00 0.00 0.0 -2291884.14 5002445.67 3214698.48 0.00 0.00 0.00 0.997 0.528 0.846 0.382 0.364 0.673
199476 7 30.46257193 114.61501279 39.02 0.00 0.00 0.00 0.00 0.00 0.0 -2291884.14 5002445.66 3214698.48 0.00 0.00 0.00 0.997 0.528 0.846 0.382 0.364 0.673
199477 7 30.46257200 114.61501280 39.01 0.00 0.00 0.00 0.00 0.00 0.0 -2291884.14 5002445.66 3214698.49 0.00 0.00 0.00 0.997 0.528 0.846 0.382 0.364 0.673
199478 7 30.46257208 114.61501279 39.01 0.00 0.00 0.00 0.00 0.00 0.0 -2291884.13 5002445.65 3214698.49 0.00 0.00 0.00 0.997 0.528 0.846 0.382 0.364 0.673
199479 7 30.46257217 114.61501279 39.01 0.00 0.00 0.00 0.00 0.00 0.0 -2291884.13 5002445.65 3214698.50 0.00 0.00 0.00 0.997 0.528 0.846 0.382 0.364 0.673
199484 7 30.46257257 114.61501267 39.00 0.00 0.00 0.00 0.00 0.00 0.0 -2291884.11 5002445.62 3214698.54 0.00 0.00 0.00 0.997 0.528 0.846 0.382 0.364 0.672
199485 7 30.46257262 114.61501262 39.00 0.00 0.00 0.00 0.00 0.00 0.0 -2291884.10 5002445.62 3214698.54 0.00 0.00 0.00 0.997 0.528 0.846 0.382 0.364 0.672
199486 7 30.46257270 114.61501257 39.00 0.00 0.00 0.00 0.00 0.00 0.0 -2291884.09 5002445.62 3214698.55 0.00 0.00 0.00 0.997 0.528 0.846 0.382 0.364 0.672
199487 7 30.46257275 114.61501251 39.00 0.00 0.00 0.00 0.00 0.00 0.0 -2291884.09 5002445.62 3214698.55 0.00 0.00 0.00 0.997 0.528 0.846 0.382 0.364 0.672
199488 7 30.46257281 114.61501246 39.00 0.00 0.00 0.00 0.00 0.00 0.0 -2291884.08 5002445.62 3214698.56 0.00 0.00 0.00 0.997 0.528 0.846 0.382 0.364 0.672
199489 7 30.46257287 114.61501246 39.00 0.00 0.00 0.00 0.00 0.00 0.0 -2291884.08 5002445.61 3214698.56 0.00 0.00 0.00 0.997 0.528 0.846 0.382 0.364 0.672
199490 7 30.46257305 114.61501240 39.00 0.00 0.00 0.00 0.00 0.00 0.0 -2291884.07 5002445.61 3214698.57 0.00 0.00 0.00 0.997 0.528 0.846 0.382 0.364 0.672
199494 7 30.46257317 114.61501229 39.00 0.00 0.00 0.00 0.00 0.00 0.0 -2291884.06 5002445.60 3214698.59 0.00 0.00 0.00 0.997 0.528 0.846 0.382 0.364 0.672
199495 7 30.46257317 114.61501227 39.00 0.00 0.00 0.00 0.00 0.00 0.0 -2291884.06 5002445.60 3214698.59 0.00 0.00 0.00 0.997 0.528 0.846 0.382 0.364 0.672
199496 7 30.46257315 114.61501226 39.00 0.00 0.00 0.00 0.00 0.00 0.0 -2291884.06 5002445.61 3214698.59 0.00 0.00 0.00 0.997 0.528 0.846 0.382 0.364 0.672
199497 7 30.46257313 114.61501223 39.00 0.00 0.00 0.00 0.00 0.00 0.0 -2291884.05 5002445.61 3214698.59 0.00 0.00 0.00 0.997 0.528 0.846 0.382 0.364 0.672
199498 7 30.46257308 114.61501219 39.00 0.00 0.00 0.00 0.00 0.00 0.0 -2291884.05 5002445.61 3214698.58 0.00 0.00 0.00 0.997 0.528 0.846 0.382 0.364 0.672
199499 7 30.46257305 114.61501219 39.00 0.00 0.00 0.00 0.00 0.00 0.0 -2291884.05 5002445.62 3214698.58 0.00 0.00 0.00 0.997 0.528 0.845 0.382 0.364 0.672
199504 7 30.46257289 114.61501208 39.01 0.00 0.00 0.00 0.00 0.00 0.0 -2291884.05 5002445.64 3214698.57 0.00 0.00 0.00 0.997 0.528 0.845 0.382 0.364 0.672
199505 7 30.46257287 114.61501205 39.01 0.00 0.00 0.00 0.00 0.00 0.0 -2291884.05 5002445.64 3214698.57 0.00 0.00 0.00 0.997 0.528 0.845 0.382 0.364 0.672
199506 7 30.46257284 114.61501204 39.01 0.00 0.00 0.00 0.00 0.00 0.0 -2291884.05 5002445.64 3214698.57 0.00 0.00 0.00 0.997 0.528 0.845 0.382 0.364 0.672
199507 7 30.46257281 114.61501203 39.01 0.00 0.00 0.00 0.00 0.00 0.0 -2291884.05 5002445.64 3214698.56 0.00 0.00 0.00 0.997 0.528 0.845 0.382 0.364 0.672
199514 7 30.46257260 114.61501201 39.03 0.00 0.00 0.00 0.00 0.00 0.0 -2291884.06 5002445.67 3214698.55 0.00 0.00 0.00 0.996 0.528 0.845 0.382 0.364 0.672
199515 7 30.46257256 114.61501201 39.03 0.00 0.00 0.00 0.00 0.00 0.0 -2291884.06 5002445.67 3214698.55 0.00 0.00 0.00 0.996 0.528 0.845 0.382 0.364 0.672
199516 7 30.46257253 114.61501199 39.04 0.00 0.00 0.00 0.00 0.00 0.0 -2291884.06 5002445.68 3214698.55 0.00 0.00 0.00 0.996 0.528 0.845 0.382 0.364 0.672
199517 7 30.46257249 114.61501199 39.04 0.00 0.00 0.00 0.00 0.00 0.0 -2291884.06 5002445.68 3214698.55 0.00 0.00 0.00 0.996 0.528 0.845 0.382 0.364 0.672
199524 7 30.46257209 114.61501217 39.05 0.00 0.00 0.00 0.00 0.00 0.0 -2291884.09 5002445.71 3214698.52 0.00 0.00 0.00 0.996 0.528 0.845 0.382 0.364 0.672
199525 7 30.46257199 114.61501220 39.06 0.00 0.00 0.00 0.00 0.00 0.0 -2291884.10 5002445.71 3214698.51 0.00 0.00 0.00 0.996 0.528 0.845 0.382 0.364 0.672
199526 7 30.46257189 114.61501222 39.06 0.00 0.00 0.00 0.00 0.00 0.0 -2291884.10 5002445.72 3214698.50 0.00 0.00 0.00 0.996 0.528 0.845 0.382 0.364 0.672
199527 7 30.46257179 114.61501224 39.06 0.00 0.00 0.00 0.00 0.00 0.0 -2291884.11 5002445.72 3214698.49 0.00 0.00 0.00 0.996 0.528 0.845 0.382 0.364 0.672
199528 7 30.46257170 114.61501224 39.06 0.00 0.00 0.00 0.00 0.00 0.0 -2291884.11 5002445.73 3214698.48 0.00 0.00 0.00 0.996 0.528 0.845 0.382 0.364 0.672
199536 7 30.46257151 114.61501237 39.06 0.00 0.00 0.00 0.00 0.00 0.0 -2291884.13 5002445.74 3214698.47 0.00 0.00 0.00 0.996 0.528 0.845 0.382 0.364 0.672
199537 7 30.46257153 114.61501241 39.06 0.00 0.00 0.00 0.00 0.00 0.0 -2291884.13 5002445.73 3214698.47 0.00 0.00 0.00 0.996 0.528 0.845 0.382 0.364 0.672
199538 7 30.46257156 114.61501245 39.06 0.00 0.00 0.00 0.00 0.00 0.0 -2291884.13 5002445.73 3214698.47 0.00 0.00 0.00 0.996 0.528 0.845 0.382 0.364 0.672
199539 7 30.46257158 114.61501249 39.06 0.00 0.00 0.00 0.00 0.00 0.0 -2291884.14 5002445.73 3214698.47 0.00 0.00 0.00 0.996 0.528 0.845 0.382 0.364 0.671
199546 7 30.46257149 114.61501272 39.07 0.00 0.00 0.00 0.00 0.00 0.0 -2291884.16 5002445.73 3214698.47 0.00 0.00 0.00 0.996 0.528 0.845 0.382 0.364 0.671
199547 7 30.46257147 114.61501275 39.07 0.00 0.00 0.00 0.00 0.00 0.0 -2291884.17 5002445.73 3214698.47 0.00 0.00 0.00 0.996 0.528 0.845 0.382 0.364 0.671
199548 7 30.46257146 114.61501278 39.08 0.00 0.00 0.00 0.00 0.00 0.0 -2291884.17 5002445.73 3214698.47 0.00 0.00 0.00 0.996 0.528 0.845 0.382 0.364 0.671
199549 7 30.46257146 114.61501282 39.08 0.00 0.00 0.00 0.00 0.00 0.0 -2291884.17 5002445.73 3214698.47 0.00 0.00 0.00 0.996 0.528 0.845 0.382 0.364 0.671
199556 7 30.46257141 114.61501324 39.08 0.00 0.00 0.00 0.00 0.00 0.0 -2291884.21 5002445.72 3214698.46 0.00 0.00 0.00 0.996 0.528 0.844 0.382 0.364 0.671
199557 7 30.46257144 114.61501330 39.08 0.00 0.00 0.00 0.00 0.00 0.0 -2291884.22 5002445.72 3214698.47 0.00 0.00 0.00 0.996 0.528 0.844 0.382 0.364 0.671
199558 7 30.46257148 114.61501335 39.08 0.00 0.00 0.00 0.00 0.00 0.0 -2291884.22 5002445.71 3214698.47 0.00 0.00 0.00 0.996 0.528 0.844 0.382 0.364 0.671
199559 7 30.46257153 114.61501337 39.08 0.00 0.00 0.00 0.00 0.00 0.0 -2291884.22 5002445.71 3214698.48 0.00 0.00 0.00 0.996 0.528 0.844 0.382 0.365 0.671
199560 7 30.46257151 114.61501343 39.08 0.00 0.00 0.00 0.00 0.00 0.0 -2291884.23 5002445.71 3214698.48 0.00 0.00 0.00 0.996 0.528 0.844 0.382 0.365 0.671
199566 7 30.46257148 114.61501350 39.09 0.00 0.00 0.00 0.00 0.00 0.0 -2291884.24 5002445.71 3214698.48 0.00 0.00 0.00 0.996 0.528 0.844 0.382 0.365 0.671
199567 7 30.46257148 114.61501352 39.09 0.00 0.00 0.00 0.00 0.00 0.0 -2291884.24 5002445.71 3214698.48 0.00 0.00 0.00 0.996 0.528 0.844 0.382 0.365 0.671
199568 7 30.46257149 114.61501351 39.09 0.00 0.00 0.00 0.00 0.00 0.0 -2291884.24 5002445.71 3214698.48 0.00 0.00 0.00 0.996 0.528 0.844 0.382 0.365 0.671
199569 7 30.46257150 114.61501351 39.09 0.00 0.00 0.00 0.00 0.00 0.0 -2291884.24 5002445.71 3214698.48 0.00 0.00 0.00 0.996 0.528 0.844 0.382 0.365 0.671
199570 7 30.46257150 114.61501350 39.09 0.00 0.00 0.00 0.00 0.00 0.0 -2291884.24 5002445.71 3214698.48 0.00 0.00 0.00 0.996 0.528 0.844 0.382 0.365 0.671
199579 7 30.46257162 114.61501341 39.08 0.00 0.00 0.00 0.00 0.00 0.0 -2291884.22 5002445.71 3214698.49 0.00 0.00 0.00 0.995 0.528 0.844 0.381 0.365 0.671
199580 7 30.46257164 114.61501337 39.08 0.00 0.00 0.00 0.00 0.00 0.0 -2291884.22 5002445.71 3214698.49 0.00 0.00 0.00 0.995 0.528 0.844 0.381 0.365 0.671
199581 7 30.46257162 114.61501335 39.08 0.00 0.00 0.00 0.00 0.00 0.0 -2291884.22 5002445.71 3214698.49 0.00 0.00 0.00 0.995 0.528 0.844 0.381 0.365 0.671
199582 7 30.46257164 114.61501332 39.09 0.00 0.00 0.00 0.00 0.00 0.0 -2291884.22 5002445.71 3214698.49 0.00 0.00 0.00 0.995 0.528 0.844 0.381 0.365 0.671
199583 7 30.46257165 114.61501329 39.09 0.00 0.00 0.00 0.00 0.00 0.0 -2291884.21 5002445.71 3214698.49 0.00 0.00 0.00 0.995 0.528 0.844 0.381 0.365 0.671
199591 7 30.46257187 114.61501317 39.08 0.00 0.00 0.00 0.00 0.00 0.0 -2291884.19 5002445.70 3214698.51 0.00 0.00 0.00 0.995 0.528 0.844 0.381 0.365 0.671
199592 7 30.46257190 114.61501314 39.08 0.00 0.00 0.00 0.00 0.00 0.0 -2291884.19 5002445.70 3214698.51 0.00 0.00 0.00 0.995 0.528 0.844 0.381 0.365 0.670
199593 7 30.46257192 114.61501317 39.08 0.00 0.00 0.00 0.00 0.00 0.0 -2291884.19 5002445.70 3214698.51 0.00 0.00 0.00 0.995 0.528 0.844 0.381 0.365 0.670
199594 7 30.46257193 114.61501311 39.08 0.00 0.00 0.00 0.00 0.00 0.0 -2291884.19 5002445.70 3214698.51 0.00 0.00 0.00 0.995 0.528 0.844 0.381 0.365 0.670
199595 7 30.46257194 114.61501305 39.07 0.00 0.00 0.00 0.00 0.00 0.0 -2291884.18 5002445.70 3214698.51 0.00 0.00 0.00 0.995 0.528 0.844 0.381 0.365 0.670
199596 7 30.46257196 114.61501301 39.07 0.00 0.00 0.00 0.00 0.00 0.0 -2291884.18 5002445.70 3214698.51 0.00 0.00 0.00 0.995 0.528 0.844 0.381 0.365 0.670
199597 7 30.46257198 114.61501297 39.07 0.00 0.00 0.00 0.00 0.00 0.0 -2291884.17 5002445.70 3214698.52 0.00 0.00 0.00 0.995 0.528 0.844 0.381 0.365 0.670
199604 7 30.46257206 114.61501252 39.06 0.00 0.00 0.00 0.00 0.00 0.0 -2291884.13 5002445.70 3214698.52 0.00 0.00 0.00 0.995 0.528 0.843 0.381 0.365 0.670
199605 7 30.46257204 114.61501245 39.06 0.00 0.00 0.00 0.00 0.00 0.0 -2291884.12 5002445.71 3214698.52 0.00 0.00 0.00 0.995 0.528 0.843 0.381 0.365 0.670
199606 7 30.46257205 114.61501234 39.06 0.00 0.00 0.00 0.00 0.00 0.0 -2291884.11 5002445.71 3214698.52 0.00 0.00 0.00 0.995 0.528 0.843 0.381 0.365 0.670
199607 7 30.46257207 114.61501224 39.06 0.00 0.00 0.00 0.00 0.00 0.0 -2291884.10 5002445.71 3214698.52 0.00 0.00 0.00 0.995 0.528 0.843 0.381 0.365 0.670
199608 7 30.46257209 114.61501210 39.06 0.00 0.00 0.00 0.00 0.00 0.0 -2291884.09 5002445.72 3214698.52 0.00 0.00 0.00 0.995 0.528 0.843 0.381 0.365 0.670
199613 7 30.46257209 114.61501131 39.06 0.00 0.00 0.00 0.00 0.00 0.0 -2291884.03 5002445.74 3214698.52 0.00 0.00 0.00 0.995 0.528 0.843 0.381 0.365 0.670
199616 7 30.46257203 114.61501107 39.07 0.00 0.00 0.00 0.00 0.00 0.0 -2291884.00 5002445.76 3214698.52 0.00 0.00 0.00 0.995 0.528 0.843 0.381 0.365 0.670
199617 7 30.46257201 114.61501095 39.07 0.00 0.00 0.00 0.00 0.00 0.0 -2291883.99 5002445.77 3214698.52 0.00 0.00 0.00 0.995 0.528 0.843 0.381 0.365 0.670
199618 7 30.46257197 114.61501084 39.07 0.00 0.00 0.00 0.00 0.00 0.0 -2291883.98 5002445.78 3214698.51 0.00 0.00 0.00 0.995 0.528 0.843 0.381 0.365 0.670
199619 7 30.46257193 114.61501073 39.07 0.00 0.00 0.00 0.00 0.00 0.0 -2291883.98 5002445.78 3214698.51 0.00 0.00 0.00 0.995 0.528 0.843 0.381 0.365 0.670
199627 7 30.46257174 114.61500994 39.08 0.00 0.00 0.00 0.00 0.00 0.0 -2291883.92 5002445.84 3214698.50 0.00 0.00 0.00 0.995 0.528 0.843 0.381 0.365 0.670
199628 7 30.46257174 114.61500986 39.08 0.00 0.00 0.00 0.00 0.00 0.0 -2291883.91 5002445.84 3214698.50 0.00 0.00 0.00 0.994 0.528 0.843 0.381 0.365 0.670
199629 7 30.46257175 114.61500977 39.09 0.00 0.00 0.00 0.00 0.00 0.0 -2291883.90 5002445.85 3214698.50 0.00 0.00 0.00 0.994 0.528 0.843 0.381 0.365 0.670
199630 7 30.46257179 114.61500967 39.09 0.00 0.00 0.00 0.00 0.00 0.0 -2291883.89 5002445.85 3214698.50 0.00 0.00 0.00 0.994 0.528 0.843 0.381 0.365 0.670
199631 7 30.46257180 114.61500958 39.09 0.00 0.00 0.00 0.00 0.00 0.0 -2291883.89 5002445.86 3214698.51 0.00 0.00 0.00 0.994 0.528 0.843 0.381 0.365 0.670
199638 7 30.46257221 114.61500904 39.10 0.00 0.00 0.00 0.00 0.00 0.0 -2291883.83 5002445.87 3214698.55 0.00 0.00 0.00 0.994 0.528 0.843 0.381 0.365 0.670
199639 7 30.46257229 114.61500899 39.10 0.00 0.00 0.00 0.00 0.00 0.0 -2291883.83 5002445.86 3214698.56 0.00 0.00 0.00 0.994 0.528 0.843 0.381 0.365 0.670
199640 7 30.46257236 114.61500895 39.11 0.00 0.00 0.00 0.00 0.00 0.0 -2291883.82 5002445.86 3214698.57 0.00 0.00 0.00 0.994 0.528 0.843 0.381 0.365 0.670
199641 7 30.46257243 114.61500894 39.11 0.00 0.00 0.00 0.00 0.00 0.0 -2291883.82 5002445.86 3214698.58 0.00 0.00 0.00 0.994 0.528 0.843 0.381 0.365 0.669
199642 7 30.46257247 114.61500894 39.11 0.00 0.00 0.00 0.00 0.00 0.0 -2291883.82 5002445.86 3214698.58 0.00 0.00 0.00 0.994 0.528 0.843 0.381 0.365 0.669
199649 7 30.46257257 114.61500877 39.12 0.00 0.00 0.00 0.00 0.00 0.0 -2291883.81 5002445.87 3214698.59 0.00 0.00 0.00 0.994 0.528 0.842 0.381 0.365 0.669
199650 7 30.46257256 114.61500878 39.12 0.00 0.00 0.00 0.00 0.00 0.0 -2291883.81 5002445.87 3214698.59 0.00 0.00 0.00 0.994 0.528 0.842 0.381 0.365 0.669
199651 7 30.46257258 114.61500879 39.12 0.00 0.00 0.00 0.00 0.00 0.0 -2291883.81 5002445.87 3214698.60 0.00 0.00 0.00 0.994 0.528 0.842 0.381 0.365 0.669
199652 7 30.46257261 114.61500879 39.12 0.00 0.00 0.00 0.00 0.00 0.0 -2291883.81 5002445.87 3214698.60 0.00 0.00 0.00 0.994 0.528 0.842 0.381 0.365 0.669
199653 7 30.46257050 114.61500881 39.88 -0.23 0.09 0.86 0.25 0.89 0.0 -2291884.13 5002446.57 3214698.78 -0.44 0.74 0.24 0.994 0.528 0.842 0.381 0.365 0.669
199654 7 30.46257063 114.61500858 39.74 0.00 0.00 0.00 0.00 0.00 0.0 -2291884.06 5002446.47 3214698.73 0.00 0.00 0.00 0.994 0.528 0.842 0.381 0.365 0.669
199659 7 30.46257112 114.61500781 39.69 0.00 0.00 0.00 0.00 0.00 0.0 -2291883.97 5002446.43 3214698.75 0.00 0.00 0.00 0.994 0.528 0.842 0.381 0.365 0.669
199660 7 30.46257117 114.61500780 39.69 0.00 0.00 0.00 0.00 0.00 0.0 -2291883.96 5002446.43 3214698.75 0.00 0.00 0.00 0.994 0.528 0.842 0.381 0.365 0.669
199661 7 30.46257118 114.61500784 39.68 0.00 0.00 0.00 0.00 0.00 0.0 -2291883.96 5002446.42 3214698.75 0.00 0.00 0.00 0.994 0.528 0.842 0.381 0.365 0.669
199662 7 30.46257121 114.61500788 39.68 0.00 0.00 0.00 0.00 0.00 0.0 -2291883.96 5002446.41 3214698.75 0.00 0.00 0.00 0.994 0.528 0.842 0.381 0.365 0.669
199663 7 30.46257128 114.61500796 39.67 0.00 0.00 0.00 0.00 0.00 0.0 -2291883.97 5002446.40 3214698.75 0.00 0.00 0.00 0.994 0.528 0.842 0.381 0.365 0.669
199664 7 30.46257131 114.61500800 39.67 0.00 0.00 0.00 0.00 0.00 0.0 -2291883.97 5002446.40 3214698.75 0.00 0.00 0.00 0.994 0.528 0.842 0.381 0.365 0.669
199671 7 30.46257164 114.61500817 39.61 0.00 0.00 0.00 0.00 0.00 0.0 -2291883.95 5002446.33 3214698.76 0.00 0.00 0.00 0.994 0.528 0.842 0.381 0.365 0.669
199672 7 30.46257166 114.61500812 39.60 0.00 0.00 0.00 0.00 0.00 0.0 -2291883.95 5002446.32 3214698.75 0.00 0.00 0.00 0.994 0.528 0.842 0.381 0.365 0.669
199673 7 30.46257169 114.61500807 39.59 0.00 0.00 0.00 0.00 0.00 0.0 -2291883.94 5002446.32 3214698.75 0.00 0.00 0.00 0.994 0.528 0.842 0.381 0.365 0.669
199674 7 30.46257170 114.61500801 39.59 0.00 0.00 0.00 0.00 0.00 0.0 -2291883.93 5002446.31 3214698.75 0.00 0.00 0.00 0.994 0.528 0.842 0.381 0.365 0.669
199675 7 30.46257170 114.61500796 39.58 0.00 0.00 0.00 0.00 0.00 0.0 -2291883.92 5002446.31 3214698.74 0.00 0.00 0.00 0.994 0.528 0.842 0.381 0.365 0.669
199682 7 30.46257207 114.61500809 39.53 0.00 0.00 0.00 0.00 0.00 0.0 -2291883.91 5002446.25 3214698.76 0.00 0.00 0.00 0.993 0.528 0.842 0.381 0.365 0.669
199683 7 30.46257216 114.61500816 39.52 0.00 0.00 0.00 0.00 0.00 0.0 -2291883.91 5002446.23 3214698.76 0.00 0.00 0.00 0.993 0.528 0.842 0.381 0.365 0.669
199684 7 30.46257224 114.61500824 39.51 0.00 0.00 0.00 0.00 0.00 0.0 -2291883.91 5002446.22 3214698.76 0.00 0.00 0.00 0.993 0.528 0.842 0.381 0.365 0.669
199685 7 30.46257232 114.61500832 39.50 0.00 0.00 0.00 0.00 0.00 0.0 -2291883.91 5002446.20 3214698.76 0.00 0.00 0.00 0.993 0.528 0.842 0.381 0.365 0.669
199686 7 30.46257239 114.61500841 39.49 0.00 0.00 0.00 0.00 0.00 0.0 -2291883.91 5002446.18 3214698.77 0.00 0.00 0.00 0.993 0.528 0.842 0.381 0.365 0.669
199693 7 30.46257275 114.61500889 39.43 0.00 0.00 0.00 0.00 0.00 0.0 -2291883.93 5002446.10 3214698.77 0.00 0.00 0.00 0.993 0.528 0.841 0.381 0.365 0.668
199694 7 30.46257282 114.61500893 39.43 0.00 0.00 0.00 0.00 0.00 0.0 -2291883.93 5002446.09 3214698.78 0.00 0.00 0.00 0.993 0.528 0.841 0.381 0.365 0.668
199695 7 30.46257287 114.61500898 39.42 0.00 0.00 0.00 0.00 0.00 0.0 -2291883.93 5002446.08 3214698.78 0.00 0.00 0.00 0.993 0.528 0.841 0.381 0.365 0.668
199696 7 30.46257289 114.61500903 39.41 0.00 0.00 0.00 0.00 0.00 0.0 -2291883.93 5002446.07 3214698.77 0.00 0.00 0.00 0.993 0.528 0.841 0.381 0.365 0.668
199697 7 30.46257294 114.61500907 39.40 0.00 0.00 0.00 0.00 0.00 0.0 -2291883.93 5002446.06 3214698.78 0.00 0.00 0.00 0.993 0.528 0.841 0.381 0.365 0.668
199698 7 30.46257300 114.61500911 39.40 0.00 0.00 0.00 0.00 0.00 0.0 -2291883.93 5002446.05 3214698.78 0.00 0.00 0.00 0.993 0.528 0.841 0.381 0.365 0.668
199699 7 30.46257305 114.61500916 39.39 0.00 0.00 0.00 0.00 0.00 0.0 -2291883.93 5002446.04 3214698.78 0.00 0.00 0.00 0.993 0.528 0.841 0.381 0.365 0.668
199705 7 30.46257326 114.61500938 39.34 0.00 0.00 0.00 0.00 0.00 0.0 -2291883.93 5002445.99 3214698.77 0.00 0.00 0.00 0.993 0.528 0.841 0.381 0.365 0.668
199706 7 30.46257329 114.61500934 39.34 0.00 0.00 0.00 0.00 0.00 0.0 -2291883.92 5002445.98 3214698.77 0.00 0.00 0.00 0.993 0.528 0.841 0.381 0.365 0.668
199707 7 30.46257331 114.61500930 39.33 0.00 0.00 0.00 0.00 0.00 0.0 -2291883.91 5002445.98 3214698.77 0.00 0.00 0.00 0.993 0.528 0.841 0.381 0.365 0.668
199708 7 30.46257332 114.61500929 39.33 0.00 0.00 0.00 0.00 0.00 0.0 -2291883.91 5002445.97 3214698.77 0.00 0.00 0.00 0.993 0.528 0.841 0.381 0.365 0.668
199709 7 30.46257334 114.61500927 39.32 0.00 0.00 0.00 0.00 0.00 0.0 -2291883.91 5002445.97 3214698.77 0.00 0.00 0.00 0.993 0.528 0.841 0.381 0.365 0.668
199710 7 30.46257338 114.61500929 39.32 0.00 0.00 0.00 0.00 0.00 0.0 -2291883.91 5002445.97 3214698.77 0.00 0.00 0.00 0.993 0.528 0.841 0.381 0.365 0.668
199711 7 30.46257339 114.61500932 39.31 0.00 0.00 0.00 0.00 0.00 0.0 -2291883.91 5002445.96 3214698.77 0.00 0.00 0.00 0.993 0.528 0.841 0.381 0.365 0.668
199717 7 30.46257354 114.61500946 39.28 0.00 0.00 0.00 0.00 0.00 0.0 -2291883.90 5002445.92 3214698.77 0.00 0.00 0.00 0.993 0.528 0.841 0.381 0.365 0.668
199718 7 30.46257357 114.61500951 39.28 0.00 0.00 0.00 0.00 0.00 0.0 -2291883.91 5002445.91 3214698.77 0.00 0.00 0.00 0.993 0.528 0.841 0.381 0.365 0.668
199719 7 30.46257356 114.61500955 39.27 0.00 0.00 0.00 0.00 0.00 0.0 -2291883.91 5002445.91 3214698.77 0.00 0.00 0.00 0.993 0.528 0.841 0.381 0.365 0.668
199720 7 30.46257355 114.61500959 39.27 0.00 0.00 0.00 0.00 0.00 0.0 -2291883.91 5002445.90 3214698.76 0.00 0.00 0.00 0.993 0.528 0.841 0.381 0.365 0.668
199721 7 30.46257351 114.61500964 39.27 0.00 0.00 0.00 0.00 0.00 0.0 -2291883.91 5002445.90 3214698.76 0.00 0.00 0.00 0.993 0.528 0.841 0.381 0.365 0.668
199722 7 30.46257349 114.61500968 39.26 0.00 0.00 0.00 0.00 0.00 0.0 -2291883.92 5002445.90 3214698.76 0.00 0.00 0.00 0.993 0.528 0.841 0.381 0.365 0.668
199730 7 30.46257314 114.61500987 39.24 0.00 0.00 0.00 0.00 0.00 0.0 -2291883.93 5002445.89 3214698.71 0.00 0.00 0.00 0.992 0.528 0.840 0.381 0.365 0.667
199731 7 30.46257308 114.61500990 39.23 0.00 0.00 0.00 0.00 0.00 0.0 -2291883.94 5002445.89 3214698.70 0.00 0.00 0.00 0.992 0.528 0.840 0.381 0.365 0.667
199732 7 30.46257302 114.61500992 39.23 0.00 0.00 0.00 0.00 0.00 0.0 -2291883.94 5002445.89 3214698.70 0.00 0.00 0.00 0.992 0.528 0.840 0.381 0.365 0.667
199733 7 30.46257299 114.61500995 39.23 0.00 0.00 0.00 0.00 0.00 0.0 -2291883.94 5002445.89 3214698.69 0.00 0.00 0.00 0.992 0.528 0.840 0.381 0.365 0.667
199734 7 30.46257295 114.61500998 39.23 0.00 0.00 0.00 0.00 0.00 0.0 -2291883.94 5002445.89 3214698.69 0.00 0.00 0.00 0.992 0.528 0.840 0.381 0.365 0.667
199736 7 30.46257290 114.61501005 39.22 0.00 0.00 0.00 0.00 0.00 0.0 -2291883.95 5002445.88 3214698.68 0.00 0.00 0.00 0.992 0.528 0.840 0.381 0.365 0.667
199742 7 30.46257295 114.61500998 39.21 0.00 0.00 0.00 0.00 0.00 0.0 -2291883.94 5002445.88 3214698.68 0.00 0.00 0.00 0.992 0.528 0.840 0.381 0.365 0.667
199743 7 30.46257296 114.61500997 39.21 0.00 0.00 0.00 0.00 0.00 0.0 -2291883.94 5002445.88 3214698.68 0.00 0.00 0.00 0.992 0.528 0.840 0.381 0.365 0.667
199744 7 30.46257300 114.61500996 39.21 0.00 0.00 0.00 0.00 0.00 0.0 -2291883.94 5002445.88 3214698.68 0.00 0.00 0.00 0.992 0.528 0.840 0.381 0.365 0.667
199745 7 30.46257303 114.61500995 39.21 0.00 0.00 0.00 0.00 0.00 0.0 -2291883.94 5002445.87 3214698.69 0.00 0.00 0.00 0.992 0.528 0.840 0.381 0.365 0.667
199746 7 30.46257306 114.61500996 39.22 0.00 0.00 0.00 0.00 0.00 0.0 -2291883.93 5002445.87 3214698.69 0.00 0.00 0.00 0.992 0.528 0.840 0.381 0.365 0.667
199754 7 30.46257335 114.61501010 39.23 0.00 0.00 0.00 0.00 0.00 0.0 -2291883.95 5002445.87 3214698.73 0.00 0.00 0.00 0.992 0.528 0.840 0.381 0.365 0.667
199755 7 30.46257339 114.61501014 39.23 0.00 0.00 0.00 0.00 0.00 0.0 -2291883.95 5002445.86 3214698.73 0.00 0.00 0.00 0.992 0.528 0.840 0.381 0.365 0.667
199756 7 30.46257342 114.61501018 39.23 0.00 0.00 0.00 0.00 0.00 0.0 -2291883.95 5002445.86 3214698.73 0.00 0.00 0.00 0.992 0.528 0.840 0.381 0.365 0.667
199757 7 30.46257346 114.61501022 39.23 0.00 0.00 0.00 0.00 0.00 0.0 -2291883.96 5002445.86 3214698.74 0.00 0.00 0.00 0.992 0.528 0.840 0.381 0.365 0.667
199758 7 30.46257349 114.61501026 39.23 0.00 0.00 0.00 0.00 0.00 0.0 -2291883.96 5002445.85 3214698.74 0.00 0.00 0.00 0.992 0.528 0.840 0.381 0.365 0.667
199759 7 30.46257355 114.61501030 39.23 0.00 0.00 0.00 0.00 0.00 0.0 -2291883.96 5002445.85 3214698.75 0.00 0.00 0.00 0.992 0.528 0.840 0.381 0.365 0.667
199765 7 30.46257372 114.61501044 39.23 0.00 0.00 0.00 0.00 0.00 0.0 -2291883.97 5002445.84 3214698.76 0.00 0.00 0.00 0.992 0.528 0.840 0.381 0.365 0.667
199766 7 30.46257374 114.61501044 39.23 0.00 0.00 0.00 0.00 0.00 0.0 -2291883.97 5002445.83 3214698.77 0.00 0.00 0.00 0.992 0.528 0.840 0.381 0.365 0.667
199767 7 30.46257377 114.61501045 39.23 0.00 0.00 0.00 0.00 0.00 0.0 -2291883.97 5002445.83 3214698.77 0.00 0.00 0.00 0.992 0.528 0.839 0.381 0.365 0.667
199768 7 30.46257379 114.61501046 39.23 0.00 0.00 0.00 0.00 0.00 0.0 -2291883.97 5002445.83 3214698.77 0.00 0.00 0.00 0.991 0.528 0.839 0.381 0.365 0.667
199769 7 30.46257383 114.61501045 39.23 0.00 0.00 0.00 0.00 0.00 0.0 -2291883.97 5002445.83 3214698.77 0.00 0.00 0.00 0.991 0.528 0.839 0.381 0.365 0.667
199770 7 30.46257385 114.61501045 39.23 0.00 0.00 0.00 0.00 0.00 0.0 -2291883.96 5002445.83 3214698.77 0.00 0.00 0.00 0.991 0.528 0.839 0.381 0.365 0.667
199771 7 30.46257387 114.61501044 39.23 0.00 0.00 0.00 0.00 0.00 0.0 -2291883.96 5002445.82 3214698.78 0.00 0.00 0.00 0.991 0.528 0.839 0.381 0.365 0.667
199779 7 30.46257419 114.61501058 39.20 0.00 0.00 0.00 0.00 0.00 0.0 -2291883.96 5002445.78 3214698.79 0.00 0.00 0.00 0.991 0.528 0.839 0.381 0.365 0.666
199780 7 30.46257424 114.61501059 39.21 0.00 0.00 0.00 0.00 0.00 0.0 -2291883.96 5002445.78 3214698.80 0.00 0.00 0.00 0.991 0.528 0.839 0.380 0.365 0.666
199781 7 30.46257433 114.61501060 39.21 0.00 0.00 0.00 0.00 0.00 0.0 -2291883.96 5002445.78 3214698.81 0.00 0.00 0.00 0.991 0.528 0.839 0.380 0.365 0.666
199784 7 30.46257432 114.61501056 39.21 0.00 0.00 0.00 0.00 0.00 0.0 -2291883.96 5002445.78 3214698.81 0.00 0.00 0.00 0.991 0.528 0.839 0.380 0.365 0.666
199785 7 30.46257435 114.61501057 39.21 0.00 0.00 0.00 0.00 0.00 0.0 -2291883.96 5002445.78 3214698.81 0.00 0.00 0.00 0.991 0.528 0.839 0.380 0.365 0.666
199786 7 30.46257440 114.61501059 39.21 0.00 0.00 0.00 0.00 0.00 0.0 -2291883.96 5002445.78 3214698.82 0.00 0.00 0.00 0.991 0.528 0.839 0.380 0.365 0.666
199787 7 30.46257450 114.61501061 39.21 0.00 0.00 0.00 0.00 0.00 0.0 -2291883.96 5002445.77 3214698.82 0.00 0.00 0.00 0.991 0.528 0.839 0.380 0.366 0.666
199788 7 30.46257464 114.61501058 39.20 0.00 0.00 0.00 0.00 0.00 0.0 -2291883.95 5002445.76 3214698.83 0.00 0.00 0.00 0.991 0.528 0.839 0.380 0.366 0.666
199789 7 30.46257477 114.61501061 39.19 0.00 0.00 0.00 0.00 0.00 0.0 -2291883.94 5002445.74 3214698.84 0.00 0.00 0.00 0.991 0.528 0.839 0.380 0.366 0.666
199790 7 30.46257483 114.61501066 39.19 0.00 0.00 0.00 0.00 0.00 0.0 -2291883.95 5002445.73 3214698.85 0.00 0.00 0.00 0.991 0.528 0.839 0.380 0.366 0.666
199791 7 30.46257485 114.61501075 39.18 0.00 0.00 0.00 0.00 0.00 0.0 -2291883.95 5002445.73 3214698.85 0.00 0.00 0.00 0.991 0.528 0.839 0.380 0.366 0.666
199792 7 30.46257487 114.61501081 39.18 0.00 0.00 0.00 0.00 0.00 0.0 -2291883.96 5002445.72 3214698.85 0.00 0.00 0.00 0.991 0.528 0.839 0.380 0.366 0.666
199793 7 30.46257489 114.61501087 39.18 0.00 0.00 0.00 0.00 0.00 0.0 -2291883.96 5002445.72 3214698.85 0.00 0.00 0.00 0.991 0.528 0.839 0.380 0.366 0.666
199794 7 30.46257492 114.61501093 39.18 0.00 0.00 0.00 0.00 0.00 0.0 -2291883.96 5002445.71 3214698.85 0.00 0.00 0.00 0.991 0.528 0.839 0.380 0.366 0.666
199795 7 30.46257494 114.61501094 39.18 0.00 0.00 0.00 0.00 0.00 0.0 -2291883.96 5002445.71 3214698.85 0.00 0.00 0.00 0.991 0.528 0.839 0.380 0.366 0.666
199803 7 30.46257535 114.61501105 39.18 0.00 0.00 0.00 0.00 0.00 0.0 -2291883.96 5002445.68 3214698.89 0.00 0.00 0.00 0.991 0.528 0.838 0.380 0.366 0.666
199804 7 30.46257539 114.61501105 39.18 0.00 0.00 0.00 0.00 0.00 0.0 -2291883.96 5002445.68 3214698.89 0.00 0.00 0.00 0.991 0.528 0.838 0.380 0.366 0.666
199805 7 30.46257544 114.61501104 39.17 0.00 0.00 0.00 0.00 0.00 0.0 -2291883.96 5002445.68 3214698.90 0.00 0.00 0.00 0.991 0.528 0.838 0.380 0.366 0.666
199806 7 30.46257549 114.61501101 39.17 0.00 0.00 0.00 0.00 0.00 0.0 -2291883.96 5002445.67 3214698.90 0.00 0.00 0.00 0.991 0.528 0.838 0.380 0.366 0.666
199807 7 30.46257554 114.61501098 39.17 0.00 0.00 0.00 0.00 0.00 0.0 -2291883.95 5002445.67 3214698.91 0.00 0.00 0.00 0.991 0.528 0.838 0.380 0.366 0.666
199817 7 30.46257564 114.61501049 39.18 0.00 0.00 0.00 0.00 0.00 0.0 -2291883.91 5002445.69 3214698.92 0.00 0.00 0.00 0.990 0.528 0.838 0.380 0.366 0.665
199818 7 30.46257561 114.61501044 39.18 0.00 0.00 0.00 0.00 0.00 0.0 -2291883.91 5002445.70 3214698.92 0.00 0.00 0.00 0.990 0.528 0.838 0.380 0.366 0.665
199819 7 30.46257558 114.61501043 39.18 0.00 0.00 0.00 0.00 0.00 0.0 -2291883.91 5002445.70 3214698.91 0.00 0.00 0.00 0.990 0.528 0.838 0.380 0.366 0.665
199820 7 30.46257557 114.61501038 39.18 0.00 0.00 0.00 0.00 0.00 0.0 -2291883.90 5002445.70 3214698.91 0.00 0.00 0.00 0.990 0.528 0.838 0.380 0.366 0.665
199821 7 30.46257554 114.61501033 39.19 0.00 0.00 0.00 0.00 0.00 0.0 -2291883.90 5002445.71 3214698.91 0.00 0.00 0.00 0.990 0.528 0.838 0.380 0.366 0.665
199822 7 30.46257553 114.61501028 39.19 0.00 0.00 0.00 0.00 0.00 0.0 -2291883.90 5002445.71 3214698.91 0.00 0.00 0.00 0.990 0.528 0.838 0.380 0.366 0.665
199823 7 30.46257550 114.61501023 39.19 0.00 0.00 0.00 0.00 0.00 0.0 -2291883.89 5002445.72 3214698.91 0.00 0.00 0.00 0.990 0.528 0.838 0.380 0.366 0.665
199832 7 30.46257521 114.61500984 39.21 0.00 0.00 0.00 0.00 0.00 0.0 -2291883.87 5002445.77 3214698.90 0.00 0.00 0.00 0.990 0.528 0.838 0.380 0.366 0.665
199833 7 30.46257517 114.61500981 39.22 0.00 0.00 0.00 0.00 0.00 0.0 -2291883.87 5002445.77 3214698.89 0.00 0.00 0.00 0.990 0.528 0.838 0.380 0.366 0.665
199834 7 30.46257513 114.61500976 39.22 0.00 0.00 0.00 0.00 0.00 0.0 -2291883.87 5002445.78 3214698.89 0.00 0.00 0.00 0.990 0.528 0.838 0.380 0.366 0.665
199835 7 30.46257508 114.61500971 39.22 0.00 0.00 0.00 0.00 0.00 0.0 -2291883.87 5002445.79 3214698.89 0.00 0.00 0.00 0.990 0.528 0.838 0.380 0.366 0.665
199845 7 30.46257482 114.61500915 39.24 0.00 0.00 0.00 0.00 0.00 0.0 -2291883.83 5002445.83 3214698.87 0.00 0.00 0.00 0.990 0.528 0.837 0.380 0.366 0.665
199846 7 30.46257477 114.61500911 39.24 0.00 0.00 0.00 0.00 0.00 0.0 -2291883.83 5002445.84 3214698.87 0.00 0.00 0.00 0.990 0.528 0.837 0.380 0.366 0.665
199847 7 30.46257475 114.61500907 39.24 0.00 0.00 0.00 0.00 0.00 0.0 -2291883.83 5002445.84 3214698.87 0.00 0.00 0.00 0.990 0.528 0.837 0.380 0.366 0.665
199848 7 30.46257472 114.61500905 39.24 0.00 0.00 0.00 0.00 0.00 0.0 -2291883.83 5002445.85 3214698.86 0.00 0.00 0.00 0.990 0.528 0.837 0.380 0.366 0.665
199849 7 30.46257465 114.61500899 39.24 0.00 0.00 0.00 0.00 0.00 0.0 -2291883.82 5002445.85 3214698.86 0.00 0.00 0.00 0.989 0.528 0.837 0.380 0.366 0.665
199850 7 30.46257461 114.61500893 39.24 0.00 0.00 0.00 0.00 0.00 0.0 -2291883.82 5002445.86 3214698.85 0.00 0.00 0.00 0.989 0.528 0.837 0.380 0.366 0.664
199857 7 30.46257419 114.61500873 39.25 0.00 0.00 0.00 0.00 0.00 0.0 -2291883.81 5002445.89 3214698.81 0.00 0.00 0.00 0.989 0.528 0.837 0.380 0.366 0.664
199858 7 30.46257411 114.61500872 39.25 0.00 0.00 0.00 0.00 0.00 0.0 -2291883.81 5002445.90 3214698.81 0.00 0.00 0.00 0.989 0.528 0.837 0.380 0.366 0.664
199859 7 30.46257405 114.61500867 39.25 0.00 0.00 0.00 0.00 0.00 0.0 -2291883.81 5002445.90 3214698.80 0.00 0.00 0.00 0.989 0.528 0.837 0.380 0.366 0.664
199859 7 30.46257398 114.61500861 39.25 0.00 0.00 0.00 0.00 0.00 0.0 -2291883.81 5002445.90 3214698.80 0.00 0.00 0.00 0.989 0.528 0.837 0.380 0.366 0.664
199868 7 30.46257350 114.61500848 39.28 0.00 0.00 0.00 0.00 0.00 0.0 -2291883.82 5002445.96 3214698.77 0.00 0.00 0.00 0.989 0.528 0.837 0.380 0.366 0.664
199869 7 30.46257343 114.61500848 39.29 0.00 0.00 0.00 0.00 0.00 0.0 -2291883.82 5002445.97 3214698.76 0.00 0.00 0.00 0.989 0.528 0.836 0.380 0.366 0.664
199870 7 30.46257338 114.61500850 39.29 0.00 0.00 0.00 0.00 0.00 0.0 -2291883.83 5002445.98 3214698.76 0.00 0.00 0.00 0.989 0.528 0.836 0.380 0.366 0.664
199871 7 30.46257334 114.61500851 39.30 0.00 0.00 0.00 0.00 0.00 0.0 -2291883.83 5002445.98 3214698.76 0.00 0.00 0.00 0.989 0.528 0.836 0.380 0.366 0.664
199872 7 30.46257330 114.61500854 39.30 0.00 0.00 0.00 0.00 0.00 0.0 -2291883.84 5002445.99 3214698.76 0.00 0.00 0.00 0.989 0.528 0.836 0.380 0.366 0.664
199880 7 30.46257315 114.61500867 39.33 0.00 0.00 0.00 0.00 0.00 0.0 -2291883.86 5002446.01 3214698.76 0.00 0.00 0.00 0.989 0.528 0.836 0.380 0.366 0.664
199881 7 30.46257313 114.61500869 39.33 0.00 0.00 0.00 0.00 0.00 0.0 -2291883.87 5002446.01 3214698.76 0.00 0.00 0.00 0.989 0.528 0.836 0.380 0.366 0.664
199882 7 30.46257311 114.61500873 39.33 0.00 0.00 0.00 0.00 0.00 0.0 -2291883.87 5002446.01 3214698.76 0.00 0.00 0.00 0.989 0.528 0.836 0.380 0.366 0.664
199883 7 30.46257309 114.61500876 39.34 0.00 0.00 0.00 0.00 0.00 0.0 -2291883.87 5002446.02 3214698.76 0.00 0.00 0.00 0.989 0.528 0.836 0.380 0.366 0.664
199884 7 30.46257307 114.61500877 39.34 0.00 0.00 0.00 0.00 0.00 0.0 -2291883.88 5002446.02 3214698.75 0.00 0.00 0.00 0.989 0.528 0.836 0.380 0.366 0.664
199895 7 30.46257295 114.61500939 39.37 0.00 0.00 0.00 0.00 0.00 0.0 -2291883.94 5002446.02 3214698.76 0.00 0.00 0.00 0.988 0.528 0.836 0.380 0.366 0.663
199896 7 30.46257290 114.61500946 39.37 0.00 0.00 0.00 0.00 0.00 0.0 -2291883.95 5002446.03 3214698.76 0.00 0.00 0.00 0.988 0.528 0.836 0.380 0.366 0.663
199897 7 30.46257283 114.61500952 39.37 0.00 0.00 0.00 0.00 0.00 0.0 -2291883.96 5002446.03 3214698.75 0.00 0.00 0.00 0.988 0.528 0.836 0.380 0.366 0.663
199898 7 30.46257279 114.61500961 39.38 0.00 0.00 0.00 0.00 0.00 0.0 -2291883.97 5002446.03 3214698.75 0.00 0.00 0.00 0.988 0.528 0.836 0.380 0.366 0.663
199899 7 30.46257274 114.61500969 39.38 0.00 0.00 0.00 0.00 0.00 0.0 -2291883.98 5002446.03 3214698.74 0.00 0.00 0.00 0.988 0.528 0.836 0.380 0.366 0.663
199900 7 30.46257272 114.61500979 39.38 0.00 0.00 0.00 0.00 0.00 0.0 -2291883.99 5002446.03 3214698.74 0.00 0.00 0.00 0.988 0.528 0.835 0.380 0.366 0.663
199908 7 30.46257268 114.61501067 39.38 0.00 0.00 0.00 0.00 0.00 0.0 -2291884.07 5002446.00 3214698.74 0.00 0.00 0.00 0.988 0.528 0.835 0.380 0.366 0.663
199909 7 30.46257269 114.61501081 39.38 0.00 0.00 0.00 0.00 0.00 0.0 -2291884.08 5002445.99 3214698.74 0.00 0.00 0.00 0.988 0.528 0.835 0.380 0.366 0.663
199910 7 30.46257271 114.61501095 39.38 0.00 0.00 0.00 0.00 0.00 0.0 -2291884.09 5002445.98 3214698.74 0.00 0.00 0.00 0.988 0.528 0.835 0.380 0.366 0.663
199911 7 30.46257271 114.61501106 39.38 0.00 0.00 0.00 0.00 0.00 0.0 -2291884.10 5002445.98 3214698.74 0.00 0.00 0.00 0.988 0.528 0.835 0.380 0.366 0.663
199912 7 30.46257271 114.61501118 39.38 0.00 0.00 0.00 0.00 0.00 0.0 -2291884.11 5002445.97 3214698.74 0.00 0.00 0.00 0.988 0.528 0.835 0.380 0.366 0.663
199913 7 30.46257272 114.61501130 39.38 0.00 0.00 0.00 0.00 0.00 0.0 -2291884.12 5002445.97 3214698.74 0.00 0.00 0.00 0.988 0.528 0.835 0.380 0.366 0.663
199920 7 30.46257284 114.61501208 39.39 0.00 0.00 0.00 0.00 0.00 0.0 -2291884.19 5002445.94 3214698.76 0.00 0.00 0.00 0.988 0.528 0.835 0.380 0.366 0.663
199921 7 30.46257284 114.61501220 39.39 0.00 0.00 0.00 0.00 0.00 0.0 -2291884.20 5002445.93 3214698.76 0.00 0.00 0.00 0.988 0.528 0.835 0.380 0.366 0.663
199922 7 30.46257285 114.61501233 39.39 0.00 0.00 0.00 0.00 0.00 0.0 -2291884.21 5002445.93 3214698.76 0.00 0.00 0.00 0.987 0.528 0.835 0.380 0.366 0.663
199923 7 30.46257287 114.61501244 39.39 0.00 0.00 0.00 0.00 0.00 0.0 -2291884.22 5002445.92 3214698.76 0.00 0.00 0.00 0.987 0.528 0.835 0.380 0.366 0.662
199924 7 30.46257290 114.61501257 39.39 0.00 0.00 0.00 0.00 0.00 0.0 -2291884.23 5002445.92 3214698.77 0.00 0.00 0.00 0.987 0.528 0.835 0.380 0.366 0.662
199932 7 30.46257297 114.61501351 39.40 0.00 0.00 0.00 0.00 0.00 0.0 -2291884.31 5002445.88 3214698.77 0.00 0.00 0.00 0.987 0.528 0.834 0.380 0.366 0.662
199933 7 30.46257298 114.61501360 39.40 0.00 0.00 0.00 0.00 0.00 0.0 -2291884.32 5002445.87 3214698.78 0.00 0.00 0.00 0.987 0.528 0.834 0.380 0.366 0.662
199934 7 30.46257299 114.61501366 39.40 0.00 0.00 0.00 0.00 0.00 0.0 -2291884.32 5002445.87 3214698.78 0.00 0.00 0.00 0.987 0.528 0.834 0.380 0.366 0.662
199935 7 30.46257299 114.61501371 39.40 0.00 0.00 0.00 0.00 0.00 0.0 -2291884.33 5002445.87 3214698.78 0.00 0.00 0.00 0.987 0.528 0.834 0.380 0.366 0.662
199936 7 30.46257298 114.61501376 39.40 0.00 0.00 0.00 0.00 0.00 0.0 -2291884.33 5002445.87 3214698.77 0.00 0.00 0.00 0.987 0.528 0.834 0.380 0.366 0.662
199937 7 30.46257296 114.61501379 39.40 0.00 0.00 0.00 0.00 0.00 0.0 -2291884.34 5002445.87 3214698.77 0.00 0.00 0.00 0.987 0.528 0.834 0.380 0.366 0.662
199938 7 30.46257294 114.61501382 39.40 0.00 0.00 0.00 0.00 0.00 0.0 -2291884.34 5002445.87 3214698.77 0.00 0.00 0.00 0.987 0.528 0.834 0.380 0.366 0.662
199945 7 30.46257304 114.61501407 39.39 0.00 0.00 0.00 0.00 0.00 0.0 -2291884.36 5002445.85 3214698.78 0.00 0.00 0.00 0.987 0.528 0.834 0.380 0.366 0.662
199946 7 30.46257307 114.61501414 39.39 0.00 0.00 0.00 0.00 0.00 0.0 -2291884.36 5002445.85 3214698.78 0.00 0.00 0.00 0.987 0.528 0.834 0.380 0.366 0.662
199947 7 30.46257306 114.61501422 39.39 0.00 0.00 0.00 0.00 0.00 0.0 -2291884.37 5002445.84 3214698.78 0.00 0.00 0.00 0.987 0.528 0.834 0.380 0.366 0.662
199948 7 30.46257306 114.61501430 39.39 0.00 0.00 0.00 0.00 0.00 0.0 -2291884.38 5002445.84 3214698.78 0.00 0.00 0.00 0.987 0.528 0.834 0.380 0.366 0.662
199949 7 30.46257304 114.61501437 39.39 0.00 0.00 0.00 0.00 0.00 0.0 -2291884.38 5002445.84 3214698.78 0.00 0.00 0.00 0.987 0.528 0.834 0.380 0.366 0.662
199950 7 30.46257306 114.61501444 39.39 0.00 0.00 0.00 0.00 0.00 0.0 -2291884.39 5002445.83 3214698.78 0.00 0.00 0.00 0.987 0.528 0.834 0.380 0.366 0.662
199959 7 30.46257330 114.61501494 39.39 0.00 0.00 0.00 0.00 0.00 0.0 -2291884.43 5002445.80 3214698.80 0.00 0.00 0.00 0.986 0.528 0.834 0.380 0.366 0.661
199960 7 30.46257331 114.61501498 39.39 0.00 0.00 0.00 0.00 0.00 0.0 -2291884.43 5002445.79 3214698.80 0.00 0.00 0.00 0.986 0.528 0.833 0.380 0.366 0.661
199961 7 30.46257334 114.61501502 39.38 0.00 0.00 0.00 0.00 0.00 0.0 -2291884.43 5002445.79 3214698.80 0.00 0.00 0.00 0.986 0.528 0.833 0.380 0.366 0.661
199962 7 30.46257336 114.61501506 39.38 0.00 0.00 0.00 0.00 0.00 0.0 -2291884.43 5002445.79 3214698.80 0.00 0.00 0.00 0.986 0.528 0.833 0.380 0.366 0.661
199963 7 30.46257337 114.61501510 39.38 0.00 0.00 0.00 0.00 0.00 0.0 -2291884.44 5002445.78 3214698.80 0.00 0.00 0.00 0.986 0.528 0.833 0.380 0.366 0.661
199973 7 30.46257362 114.61501575 39.36 0.00 0.00 0.00 0.00 0.00 0.0 -2291884.48 5002445.73 3214698.82 0.00 0.00 0.00 0.986 0.528 0.833 0.380 0.366 0.661
199974 7 30.46257365 114.61501580 39.36 0.00 0.00 0.00 0.00 0.00 0.0 -2291884.48 5002445.72 3214698.82 0.00 0.00 0.00 0.986 0.528 0.833 0.380 0.366 0.661
199975 7 30.46257367 114.61501584 39.35 0.00 0.00 0.00 0.00 0.00 0.0 -2291884.48 5002445.72 3214698.82 0.00 0.00 0.00 0.986 0.528 0.833 0.380 0.366 0.661
199976 7 30.46257370 114.61501586 39.35 0.00 0.00 0.00 0.00 0.00 0.0 -2291884.48 5002445.71 3214698.82 0.00 0.00 0.00 0.986 0.528 0.833 0.380 0.366 0.661
199977 7 30.46257372 114.61501588 39.35 0.00 0.00 0.00 0.00 0.00 0.0 -2291884.48 5002445.71 3214698.82 0.00 0.00 0.00 0.986 0.528 0.833 0.380 0.366 0.661
199978 7 30.46257375 114.61501589 39.35 0.00 0.00 0.00 0.00 0.00 0.0 -2291884.48 5002445.71 3214698.82 0.00 0.00 0.00 0.986 0.528 0.833 0.380 0.366 0.661
199983 7 30.46257388 114.61501618 39.34 0.00 0.00 0.00 0.00 0.00 0.0 -2291884.50 5002445.68 3214698.83 0.00 0.00 0.00 0.986 0.528 0.833 0.380 0.366 0.661
199987 7 30.46257392 114.61501629 39.33 0.00 0.00 0.00 0.00 0.00 0.0 -2291884.51 5002445.67 3214698.83 0.00 0.00 0.00 0.986 0.528 0.833 0.380 0.366 0.661
199988 7 30.46257392 114.61501633 39.33 0.00 0.00 0.00 0.00 0.00 0.0 -2291884.51 5002445.67 3214698.83 0.00 0.00 0.00 0.986 0.528 0.832 0.380 0.366 0.661
199989 7 30.46257392 114.61501637 39.33 0.00 0.00 0.00 0.00 0.00 0.0 -2291884.52 5002445.66 3214698.83 0.00 0.00 0.00 0.986 0.528 0.832 0.380 0.366 0.661
199990 7 30.46257390 114.61501641 39.33 0.00 0.00 0.00 0.00 0.00 0.0 -2291884.52 5002445.66 3214698.83 0.00 0.00 0.00 0.986 0.528 0.832 0.380 0.366 0.661
199991 7 30.46257389 114.61501647 39.32 0.00 0.00 0.00 0.00 0.00 0.0 -2291884.52 5002445.66 3214698.83 0.00 0.00 0.00 0.985 0.528 0.832 0.380 0.366 0.660
199992 7 30.46257388 114.61501653 39.32 0.00 0.00 0.00 0.00 0.00 0.0 -2291884.53 5002445.65 3214698.82 0.00 0.00 0.00 0.985 0.528 0.832 0.380 0.366 0.660
199999 7 30.46257380 114.61501673 39.31 0.00 0.00 0.00 0.00 0.00 0.0 -2291884.54 5002445.64 3214698.81 0.00 0.00 0.00 0.985 0.528 0.832 0.379 0.366 0.660
200000 7 30.46257378 114.61501675 39.30 0.00 0.00 0.00 0.00 0.00 0.0 -2291884.54 5002445.63 3214698.80 0.00 0.00 0.00 0.985 0.528 0.832 0.379 0.366 0.660
200001 7 30.46257378 114.61501677 39.30 0.00 0.00 0.00 0.00 0.00 0.0 -2291884.54 5002445.63 3214698.80 0.00 0.00 0.00 0.985 0.528 0.832 0.379 0.366 0.660
200002 7 30.46257377 114.61501677 39.30 0.00 0.00 0.00 0.00 0.00 0.0 -2291884.54 5002445.63 3214698.80 0.00 0.00 0.00 0.985 0.528 0.832 0.379 0.366 0.660
200003 7 30.46257377 114.61501678 39.30 0.00 0.00 0.00 0.00 0.00 0.0 -2291884.54 5002445.63 3214698.80 0.00 0.00 0.00 0.985 0.528 0.832 0.379 0.367 0.660
200011 7 30.46257398 114.61501651 39.28 0.00 0.00 0.00 0.00 0.00 0.0 -2291884.51 5002445.62 3214698.81 0.00 0.00 0.00 0.985 0.528 0.832 0.379 0.367 0.660
200012 7 30.46257399 114.61501643 39.28 0.00 0.00 0.00 0.00 0.00 0.0 -2291884.50 5002445.62 3214698.81 0.00 0.00 0.00 0.985 0.528 0.832 0.379 0.367 0.660
200013 7 30.46257400 114.61501635 39.28 0.00 0.00 0.00 0.00 0.00 0.0 -2291884.49 5002445.62 3214698.81 0.00 0.00 0.00 0.985 0.528 0.832 0.379 0.367 0.660
200014 7 30.46257399 114.61501629 39.28 0.00 0.00 0.00 0.00 0.00 0.0 -2291884.49 5002445.62 3214698.81 0.00 0.00 0.00 0.985 0.528 0.832 0.379 0.367 0.660
200015 7 30.46257398 114.61501623 39.27 0.00 0.00 0.00 0.00 0.00 0.0 -2291884.48 5002445.62 3214698.81 0.00 0.00 0.00 0.985 0.528 0.832 0.379 0.367 0.660
200016 7 30.46257394 114.61501617 39.27 0.00 0.00 0.00 0.00 0.00 0.0 -2291884.48 5002445.62 3214698.80 0.00 0.00 0.00 0.985 0.528 0.831 0.379 0.367 0.660
200023 7 30.46257368 114.61501594 39.26 0.00 0.00 0.00 0.00 0.00 0.0 -2291884.46 5002445.64 3214698.78 0.00 0.00 0.00 0.984 0.528 0.831 0.379 0.367 0.660
200024 7 30.46257362 114.61501591 39.26 0.00 0.00 0.00 0.00 0.00 0.0 -2291884.46 5002445.64 3214698.77 0.00 0.00 0.00 0.984 0.528 0.831 0.379 0.367 0.659
200025 7 30.46257357 114.61501588 39.26 0.00 0.00 0.00 0.00 0.00 0.0 -2291884.46 5002445.65 3214698.76 0.00 0.00 0.00 0.984 0.528 0.831 0.379 0.367 0.659
200026 7 30.46257352 114.61501582 39.26 0.00 0.00 0.00 0.00 0.00 0.0 -2291884.45 5002445.65 3214698.76 0.00 0.00 0.00 0.984 0.528 0.831 0.379 0.367 0.659
200027 7 30.46257347 114.61501576 39.26 0.00 0.00 0.00 0.00 0.00 0.0 -2291884.45 5002445.66 3214698.75 0.00 0.00 0.00 0.984 0.528 0.831 0.379 0.367 0.659
200036 7 30.46257334 114.61501533 39.26 0.00 0.00 0.00 0.00 0.00 0.0 -2291884.41 5002445.68 3214698.74 0.00 0.00 0.00 0.984 0.528 0.831 0.379 0.367 0.659
200037 7 30.46257332 114.61501530 39.26 0.00 0.00 0.00 0.00 0.00 0.0 -2291884.41 5002445.68 3214698.74 0.00 0.00 0.00 0.984 0.528 0.831 0.379 0.367 0.659
200038 7 30.46257330 114.61501528 39.27 0.00 0.00 0.00 0.00 0.00 0.0 -2291884.41 5002445.69 3214698.74 0.00 0.00 0.00 0.984 0.528 0.831 0.379 0.367 0.659
200039 7 30.46257327 114.61501526 39.27 0.00 0.00 0.00 0.00 0.00 0.0 -2291884.41 5002445.69 3214698.74 0.00 0.00 0.00 0.984 0.528 0.831 0.379 0.367 0.659
200047 7 30.46257311 114.61501487 39.28 0.00 0.00 0.00 0.00 0.00 0.0 -2291884.39 5002445.73 3214698.73 0.00 0.00 0.00 0.984 0.528 0.830 0.379 0.367 0.659
200048 7 30.46257308 114.61501480 39.29 0.00 0.00 0.00 0.00 0.00 0.0 -2291884.38 5002445.74 3214698.73 0.00 0.00 0.00 0.984 0.528 0.830 0.379 0.367 0.659
200049 7 30.46257307 114.61501473 39.29 0.00 0.00 0.00 0.00 0.00 0.0 -2291884.38 5002445.74 3214698.73 0.00 0.00 0.00 0.984 0.528 0.830 0.379 0.367 0.659
200050 7 30.46257303 114.61501465 39.29 0.00 0.00 0.00 0.00 0.00 0.0 -2291884.37 5002445.75 3214698.73 0.00 0.00 0.00 0.984 0.528 0.830 0.379 0.367 0.659
200051 7 30.46257302 114.61501458 39.30 0.00 0.00 0.00 0.00 0.00 0.0 -2291884.37 5002445.75 3214698.73 0.00 0.00 0.00 0.984 0.528 0.830 0.379 0.367 0.659
200052 7 30.46257298 114.61501450 39.30 0.00 0.00 0.00 0.00 0.00 0.0 -2291884.36 5002445.76 3214698.73 0.00 0.00 0.00 0.984 0.528 0.830 0.379 0.367 0.659
200059 7 30.46257291 114.61501390 39.31 0.00 0.00 0.00 0.00 0.00 0.0 -2291884.32 5002445.80 3214698.73 0.00 0.00 0.00 0.983 0.528 0.830 0.379 0.367 0.658
200060 7 30.46257297 114.61501386 39.31 0.00 0.00 0.00 0.00 0.00 0.0 -2291884.31 5002445.80 3214698.73 0.00 0.00 0.00 0.983 0.528 0.830 0.379 0.367 0.658
200061 7 30.46257300 114.61501380 39.31 0.00 0.00 0.00 0.00 0.00 0.0 -2291884.31 5002445.80 3214698.74 0.00 0.00 0.00 0.983 0.528 0.830 0.379 0.367 0.658
200062 7 30.46257308 114.61501377 39.32 0.00 0.00 0.00 0.00 0.00 0.0 -2291884.30 5002445.80 3214698.74 0.00 0.00 0.00 0.983 0.528 0.830 0.379 0.367 0.658
200063 7 30.46257310 114.61501373 39.32 0.00 0.00 0.00 0.00 0.00 0.0 -2291884.30 5002445.80 3214698.75 0.00 0.00 0.00 0.983 0.528 0.830 0.379 0.367 0.658
200068 7 30.46257327 114.61501350 39.32 0.00 0.00 0.00 0.00 0.00 0.0 -2291884.28 5002445.81 3214698.77 0.00 0.00 0.00 0.983 0.528 0.830 0.379 0.367 0.658
200069 7 30.46257328 114.61501344 39.33 0.00 0.00 0.00 0.00 0.00 0.0 -2291884.27 5002445.81 3214698.77 0.00 0.00 0.00 0.983 0.528 0.829 0.379 0.367 0.658
200070 7 30.46257331 114.61501339 39.33 0.00 0.00 0.00 0.00 0.00 0.0 -2291884.27 5002445.81 3214698.77 0.00 0.00 0.00 0.983 0.528 0.829 0.379 0.367 0.658
200071 7 30.46257330 114.61501337 39.33 0.00 0.00 0.00 0.00 0.00 0.0 -2291884.27 5002445.81 3214698.77 0.00 0.00 0.00 0.983 0.528 0.829 0.379 0.367 0.658
200078 7 30.46257357 114.61501331 39.34 0.00 0.00 0.00 0.00 0.00 0.0 -2291884.26 5002445.81 3214698.80 0.00 0.00 0.00 0.983 0.528 0.829 0.379 0.367 0.658
200079 7 30.46257358 114.61501327 39.34 0.00 0.00 0.00 0.00 0.00 0.0 -2291884.26 5002445.82 3214698.81 0.00 0.00 0.00 0.983 0.528 0.829 0.379 0.367 0.658
200080 7 30.46257361 114.61501323 39.35 0.00 0.00 0.00 0.00 0.00 0.0 -2291884.26 5002445.82 3214698.81 0.00 0.00 0.00 0.983 0.528 0.829 0.379 0.367 0.658
200081 7 30.46257364 114.61501320 39.35 0.00 0.00 0.00 0.00 0.00 0.0 -2291884.25 5002445.82 3214698.81 0.00 0.00 0.00 0.983 0.528 0.829 0.379 0.367 0.658
200082 7 30.46257364 114.61501316 39.35 0.00 0.00 0.00 0.00 0.00 0.0 -2291884.25 5002445.82 3214698.81 0.00 0.00 0.00 0.983 0.528 0.829 0.379 0.367 0.658
200091 7 30.46257365 114.61501296 39.35 0.00 0.00 0.00 0.00 0.00 0.0 -2291884.23 5002445.83 3214698.82 0.00 0.00 0.00 0.982 0.528 0.829 0.379 0.367 0.657
200092 7 30.46257361 114.61501292 39.35 0.00 0.00 0.00 0.00 0.00 0.0 -2291884.23 5002445.83 3214698.81 0.00 0.00 0.00 0.982 0.528 0.829 0.379 0.367 0.657
200093 7 30.46257356 114.61501288 39.35 0.00 0.00 0.00 0.00 0.00 0.0 -2291884.23 5002445.84 3214698.81 0.00 0.00 0.00 0.982 0.528 0.829 0.379 0.367 0.657
200094 7 30.46257349 114.61501283 39.35 0.00 0.00 0.00 0.00 0.00 0.0 -2291884.22 5002445.84 3214698.80 0.00 0.00 0.00 0.982 0.528 0.828 0.379 0.367 0.657
200102 7 30.46257302 114.61501232 39.34 0.00 0.00 0.00 0.00 0.00 0.0 -2291884.19 5002445.88 3214698.75 0.00 0.00 0.00 0.982 0.528 0.828 0.379 0.367 0.657
200103 7 30.46257297 114.61501225 39.34 0.00 0.00 0.00 0.00 0.00 0.0 -2291884.18 5002445.89 3214698.75 0.00 0.00 0.00 0.982 0.528 0.828 0.379 0.367 0.657
200104 7 30.46257290 114.61501216 39.34 0.00 0.00 0.00 0.00 0.00 0.0 -2291884.18 5002445.89 3214698.74 0.00 0.00 0.00 0.982 0.528 0.828 0.379 0.367 0.657
200105 7 30.46257284 114.61501209 39.34 0.00 0.00 0.00 0.00 0.00 0.0 -2291884.17 5002445.90 3214698.73 0.00 0.00 0.00 0.982 0.528 0.828 0.379 0.367 0.657
200106 7 30.46257278 114.61501206 39.34 0.00 0.00 0.00 0.00 0.00 0.0 -2291884.17 5002445.90 3214698.73 0.00 0.00 0.00 0.982 0.528 0.828 0.379 0.367 0.657
200106 7 30.46257271 114.61501200 39.34 0.00 0.00 0.00 0.00 0.00 0.0 -2291884.17 5002445.90 3214698.73 0.00 0.00 0.00 0.982 0.528 0.828 0.379 0.367 0.657
200108 7 30.46257266 114.61501199 39.34 0.00 0.00 0.00 0.00 0.00 0.0 -2291884.17 5002445.91 3214698.72 0.00 0.00 0.00 0.982 0.528 0.828 0.379 0.367 0.657
200117 7 30.46257271 114.61501186 39.35 0.00 0.00 0.00 0.00 0.00 0.0 -2291884.16 5002445.92 3214698.73 0.00 0.00 0.00 0.981 0.528 0.828 0.379 0.367 0.656
200118 7 30.46257268 114.61501185 39.35 0.00 0.00 0.00 0.00 0.00 0.0 -2291884.16 5002445.93 3214698.73 0.00 0.00 0.00 0.981 0.528 0.828 0.379 0.367 0.656
200119 7 30.46257266 114.61501183 39.36 0.00 0.00 0.00 0.00 0.00 0.0 -2291884.16 5002445.93 3214698.72 0.00 0.00 0.00 0.981 0.528 0.827 0.379 0.367 0.656
